9 1 Car -1 -1 -10 404.9988 172.7761 467.7701 209.6021 1.8715 1.6408 3.6831 -9.2741 1.8679 38.6656 -13.8455 1.9208
10 1 Car -1 -1 -10 413.0124 172.6191 475.0874 211.4678 1.9608 1.5692 3.4910 -8.7923 1.9493 38.3237 -10.6468 3.4320
13 1 Car -1 -1 -10 434.1917 171.8656 499.0056 208.2548 1.8096 1.7321 3.8220 -7.5112 1.7608 37.9605 -13.8357 1.4842
14 1 Car -1 -1 -10 440.9209 170.6901 509.2638 210.1638 1.9475 1.7658 3.8998 -7.0197 1.8411 37.7305 -13.7839 3.4655
16 4 Car -1 -1 -10 170.8918 179.0870 216.7830 212.3255 1.5321 1.5958 3.7753 -20.7804 1.8618 36.0735 -11.4118 1.1007
19 7 Car -1 -1 -10 479.9369 178.1508 551.5788 221.6805 2.0368 1.7907 4.3616 -4.7436 2.3238 36.6881 -10.6415 1.0590
20 7 Car -1 -1 -10 489.4927 182.5612 560.8065 228.5049 2.1112 1.7213 3.9564 -4.2273 2.6279 36.2207 -10.5537 1.0854
20 8 Car -1 -1 -10 285.0240 178.1677 410.0778 279.1946 1.9532 1.8261 4.2923 -6.1653 2.0920 16.4927 -14.6972 1.5668
21 7 Car -1 -1 -10 495.4982 182.4931 570.3551 227.7258 2.0580 1.8429 4.0032 -3.8086 2.5683 35.9668 -10.5318 1.1539
21 8 Car -1 -1 -10 287.1324 179.2580 411.8657 278.4371 1.9265 1.8675 4.4569 -6.2063 2.0964 16.7104 -14.6837 1.8659
23 8 Car -1 -1 -10 292.9591 175.2254 412.8218 270.2775 1.9184 1.7749 4.5115 -6.2526 1.9827 17.0656 -11.5461 1.2761
32 12 Car -1 -1 -10 558.9161 178.5855 587.4930 205.3647 1.4766 1.5268 3.7201 -2.1618 1.8290 42.4487 -14.1462 1.0708
33 12 Car -1 -1 -10 568.6292 179.8551 601.6798 206.2695 1.4409 1.5422 3.5510 -1.4467 1.8681 42.1577 -10.9172 1.7893
48 17 Car -1 -1 -10 518.4060 184.3515 572.5149 208.2901 1.6073 1.7268 4.1587 -4.7651 2.4790 52.5728 -11.7502 1.2737
50 8 Car -1 -1 -10 616.5098 158.5324 745.0436 243.7005 1.9616 1.9520 4.6466 1.9793 1.6321 19.1336 -13.6981 1.2515
52 8 Car -1 -1 -10 668.9574 157.8954 790.6803 241.1735 1.9149 1.7373 4.6305 3.2494 1.5713 19.0361 -13.6357 1.2193
53 17 Car -1 -1 -10 579.1237 181.4834 635.1760 204.2057 1.4817 1.6356 4.1631 -0.2701 2.1145 50.7655 -11.7041 2.4164
54 8 Car -1 -1 -10 710.0179 157.3152 840.1386 243.3397 1.9590 1.8898 4.7245 4.4195 1.6055 18.9328 -13.5792 1.8163
54 17 Car -1 -1 -10 590.9676 179.2876 644.2418 202.6713 1.5216 1.6573 4.0580 0.4568 1.9892 50.2620 -11.6063 1.1778
55 17 Car -1 -1 -10 601.0693 178.9594 659.4671 202.4501 1.5168 1.6539 4.2177 1.3270 1.9572 49.8529 -11.6912 1.4043
57 22 Car -1 -1 -10 491.3469 178.0630 611.5371 223.5122 1.5011 1.5840 4.0965 -2.1680 1.7004 25.8827 -8.9288 1.2972
58 23 Car -1 -1 -10 638.2955 160.7217 681.0303 187.2642 2.4456 1.8672 4.3908 4.6795 1.3281 68.8388 -14.6865 1.2948
60 17 Car -1 -1 -10 642.8023 178.6230 700.4392 203.0038 1.4899 1.5988 4.2094 3.9579 1.8866 47.3533 -11.5386 2.0618
62 17 Car -1 -1 -10 652.6220 178.5883 713.0548 203.3231 1.4889 1.5942 4.1190 4.6184 1.8765 46.5746 -11.5983 2.0377
63 17 Car -1 -1 -10 656.0243 178.3806 714.4842 203.4022 1.4902 1.5510 4.0780 4.7185 1.8598 46.0605 -11.5450 2.9495
65 17 Car -1 -1 -10 657.1053 179.8802 720.4061 204.9184 1.4522 1.6361 4.2090 4.8544 1.9151 45.2906 -11.5803 2.5849
66 17 Car -1 -1 -10 653.4428 179.5789 718.8977 205.8857 1.5060 1.7083 4.4938 4.6380 1.9468 44.8844 -11.5280 2.9803
67 17 Car -1 -1 -10 654.1960 183.1139 711.4689 208.4420 1.4307 1.5426 3.7865 4.4018 2.0913 44.4100 -11.5385 2.1048
68 17 Car -1 -1 -10 647.9741 184.9533 712.0523 212.5817 1.5212 1.6527 4.2696 4.1701 2.2964 43.9514 -11.5422 1.9476
68 26 Car -1 -1 -10 1010.1162 156.4820 1180.4702 248.7221 2.0004 1.8563 4.4994 11.8800 1.6457 17.6536 -13.1458 4.2119
69 17 Car -1 -1 -10 642.6737 185.6469 707.3643 213.4312 1.5130 1.6559 4.1979 3.8314 2.3246 43.5396 -11.5677 2.5168
69 26 Car -1 -1 -10 1026.2340 157.8929 1194.8625 248.9550 1.9785 1.8209 4.3031 12.1937 1.6538 17.5839 -13.1231 5.7976
70 17 Car -1 -1 -10 636.0839 183.9232 703.1930 212.0710 1.5216 1.5730 4.4297 3.4615 2.2177 43.0710 -11.5860 2.5368
71 17 Car -1 -1 -10 630.8938 183.2206 699.3223 210.1660 1.4406 1.6697 4.3047 3.1545 2.0844 42.5403 -11.6065 3.7421
72 17 Car -1 -1 -10 623.4511 183.8019 690.0244 210.7743 1.4295 1.7092 3.9908 2.6401 2.1003 42.0691 -11.6279 2.6872
72 26 Car -1 -1 -10 1067.1822 155.5456 1233.0221 242.0378 1.8932 1.8314 4.1715 13.2061 1.5147 17.6585 -13.1140 3.0605
73 17 Car -1 -1 -10 613.8675 181.5786 674.7405 208.2056 1.4207 1.5906 3.6063 1.9060 1.9483 41.6783 -11.6319 3.0513
73 26 Car -1 -1 -10 1076.0662 155.8458 1241.0000 241.1000 1.8835 1.7928 4.1300 13.5034 1.5081 17.7190 -13.0695 2.9141
74 17 Car -1 -1 -10 602.3044 181.5584 673.0290 210.1218 1.4957 1.6602 4.1180 1.4941 2.0179 41.1567 -11.7118 3.8532
74 26 Car -1 -1 -10 1085.4076 157.9830 1241.0000 239.8489 1.8269 1.7557 4.1026 13.7903 1.4954 17.8632 -13.0740 4.0363
75 17 Car -1 -1 -10 591.5339 182.1425 660.2131 210.6954 1.4672 1.6006 4.0820 0.8048 2.0162 40.5253 -11.6743 3.0583
75 26 Car -1 -1 -10 1092.4032 159.4755 1241.0000 239.0299 1.7926 1.7281 3.9471 13.9800 1.4915 17.9621 -13.0679 1.8889
76 17 Car -1 -1 -10 577.0009 183.1034 659.1228 213.0847 1.5237 1.6902 4.5363 0.3677 2.1253 40.2157 -11.8663 1.5090
76 27 Car -1 -1 -10 550.7173 179.7285 582.3627 200.6070 1.5838 1.6145 3.9987 -3.5722 2.1601 58.2975 -11.3048 1.0215
76 26 Car -1 -1 -10 1096.6847 159.9846 1241.0000 243.1149 1.8956 1.7653 3.9543 14.2263 1.6025 18.2144 -13.0988 4.2886
77 17 Car -1 -1 -10 565.3984 185.1428 636.9614 214.7574 1.4758 1.6619 3.8207 -0.5524 2.1806 39.4488 -11.8168 2.3388
77 27 Car -1 -1 -10 521.7440 182.6060 565.7157 202.5495 1.4767 1.6280 3.9688 -5.3409 2.2825 57.5195 -14.7896 1.1058
77 26 Car -1 -1 -10 1097.5301 166.5456 1241.0000 245.6429 1.8326 1.7305 4.0220 14.4378 1.6868 18.4628 -13.0850 2.5074
78 17 Car -1 -1 -10 554.5438 185.2884 628.6592 214.9510 1.4547 1.5486 3.9554 -1.0611 2.1562 38.8155 -11.8653 3.1726
78 27 Car -1 -1 -10 502.3264 181.7256 549.5243 202.9456 1.5666 1.6391 3.9022 -6.6788 2.2904 56.8719 -8.6333 1.3712
78 26 Car -1 -1 -10 1102.1213 164.4393 1241.0000 245.4936 1.9049 1.7185 3.9268 14.6324 1.7075 18.7223 -13.1238 2.9887
79 17 Car -1 -1 -10 536.2016 184.8573 619.5565 215.6137 1.4799 1.6907 4.4080 -1.7855 2.1522 38.3484 -11.8887 3.4958
79 26 Car -1 -1 -10 1101.4365 164.6519 1241.0000 247.1283 1.9775 1.7227 4.1345 14.9279 1.7812 19.1376 -13.1361 2.6933
80 17 Car -1 -1 -10 524.1338 186.7680 606.9640 218.3386 1.4887 1.6154 4.3213 -2.3985 2.2539 37.7028 -11.9113 2.5074
80 26 Car -1 -1 -10 1100.2464 168.6845 1226.9409 244.7200 1.8575 1.7127 4.0842 14.9971 1.7560 19.5428 -13.2175 2.6165
81 27 Car -1 -1 -10 455.3088 184.8719 496.5965 206.9852 1.5626 1.6465 3.8364 -10.3206 2.5171 55.2420 -14.7547 1.3457
83 27 Car -1 -1 -10 410.8714 187.7722 457.7397 210.2439 1.5277 1.6567 4.0287 -13.1600 2.6829 53.8083 -14.8796 1.0493
84 17 Car -1 -1 -10 470.0253 190.0784 566.7195 224.6295 1.5218 1.6509 4.4288 -4.4940 2.3972 35.0263 -12.1639 1.7533
84 27 Car -1 -1 -10 381.9152 187.5010 436.9816 211.2536 1.6010 1.7111 4.2096 -14.7854 2.7173 53.0099 -8.7697 2.1034
84 30 Car -1 -1 -10 1055.7298 186.6081 1101.7691 219.9051 1.4588 1.6337 3.9417 22.9853 2.1731 35.3836 -10.3523 1.2071
85 27 Car -1 -1 -10 360.1302 186.5012 416.9315 211.1958 1.6454 1.7446 4.1779 -16.0480 2.6681 52.1249 -11.9457 2.2220
85 30 Car -1 -1 -10 1032.0180 186.3641 1094.0942 220.1066 1.4857 1.6480 3.9492 22.1569 2.1836 35.2930 -10.1853 1.0479
86 27 Car -1 -1 -10 339.0752 186.9033 393.4904 211.2021 1.5910 1.6627 4.0235 -17.3649 2.6259 51.2634 -8.7874 2.1290
86 30 Car -1 -1 -10 1016.1078 184.3064 1067.6941 220.3195 1.5962 1.7597 4.2790 21.3415 2.1979 35.6433 -10.3538 1.9423
87 27 Car -1 -1 -10 314.4110 185.3038 371.5625 211.0966 1.6714 1.6937 4.0780 -18.6941 2.5731 50.3868 -11.9678 1.8238
87 30 Car -1 -1 -10 996.3385 187.4427 1054.7116 221.9804 1.5249 1.7147 3.8271 20.4591 2.2840 35.5307 -10.2580 3.3508
88 30 Car -1 -1 -10 977.9466 186.9199 1033.6020 222.1505 1.5611 1.7258 3.9471 19.5834 2.2979 35.7001 -10.3108 4.3975
89 26 Car -1 -1 -10 1030.9785 170.8994 1107.6042 234.4223 1.9128 1.7069 4.1019 15.2004 1.8543 23.8588 -13.4624 1.6469
89 30 Car -1 -1 -10 957.8307 184.8751 1014.6884 220.1765 1.5762 1.8165 3.7919 18.5960 2.2049 35.6612 -10.3270 2.2652
90 30 Car -1 -1 -10 939.2452 185.4990 994.2169 218.8113 1.4820 1.6979 3.8220 17.6340 2.1430 35.6657 -10.3324 2.8543
91 30 Car -1 -1 -10 925.8929 185.2867 974.1406 218.5777 1.4837 1.6022 3.9126 16.8605 2.1362 35.7732 -10.4062 3.1271
93 27 Car -1 -1 -10 158.9284 186.4366 218.4405 213.1546 1.5357 1.5395 3.3928 -25.9444 2.3984 44.3692 -8.9692 3.3616
93 26 Car -1 -1 -10 985.1119 171.8975 1043.1617 229.0145 1.8844 1.7001 3.8797 14.4685 1.8532 25.9083 -13.6187 3.0295
94 27 Car -1 -1 -10 124.8003 185.0326 192.5114 212.3113 1.5305 1.5377 3.8309 -27.0942 2.2857 43.2537 -9.0170 3.4234
94 26 Car -1 -1 -10 970.9537 174.0714 1029.6581 227.6846 1.8024 1.6990 3.7936 14.2917 1.8508 26.4098 -13.5900 2.0606
95 27 Car -1 -1 -10 96.0019 182.5951 164.1549 210.2337 1.5197 1.5497 3.6690 -28.0446 2.1079 42.1093 -9.0232 2.1268
96 27 Car -1 -1 -10 60.9837 180.2323 134.2796 208.9140 1.5418 1.5360 3.7883 -29.0691 1.9745 40.8878 -9.0627 4.2322
96 26 Car -1 -1 -10 944.1417 173.4032 1001.1590 227.4823 1.9004 1.7441 3.7102 13.7953 1.9232 27.4378 -13.6183 2.8292
96 30 Car -1 -1 -10 836.5131 185.3921 882.6959 219.8748 1.5000 1.6711 3.9562 12.1461 2.1474 35.0883 -10.5448 1.7890
97 27 Car -1 -1 -10 22.1211 179.9005 101.1391 208.3996 1.4867 1.5909 3.9047 -30.2341 1.8889 39.7387 -9.0816 4.3033
97 26 Car -1 -1 -10 929.7481 175.7190 984.2794 228.2542 1.8743 1.7957 3.5680 13.4276 1.9936 27.9546 -13.6682 1.3798
97 30 Car -1 -1 -10 820.0410 186.9226 866.6825 222.2156 1.5183 1.7397 4.0067 11.3179 2.2430 34.9628 -10.5772 3.0187
98 27 Car -1 -1 -10 0.0000 179.2065 66.4697 209.6170 1.5384 1.5831 3.8602 -31.1756 1.8894 38.4488 -9.0938 4.1948
98 30 Car -1 -1 -10 801.6887 186.3909 851.4196 221.8566 1.5194 1.7369 4.1017 10.4685 2.2151 34.8341 -10.5616 4.0034
99 27 Car -1 -1 -10 0.0000 178.7573 29.8542 209.1712 1.4862 1.6586 4.2389 -32.3663 1.8021 37.1791 -9.1433 1.9526
99 26 Car -1 -1 -10 896.4237 178.4953 947.7007 227.3130 1.8055 1.7870 3.9661 12.5792 2.0524 29.3578 -13.7609 1.1332
99 30 Car -1 -1 -10 783.6065 186.6402 834.1112 221.9413 1.4978 1.6811 4.0915 9.5358 2.2005 34.5468 -10.5609 3.2166
100 30 Car -1 -1 -10 767.1913 184.1021 815.1972 221.4123 1.5895 1.6941 4.0073 8.6073 2.1573 34.2226 -10.6166 3.9453
100 35 Car -1 -1 -10 943.8090 184.6141 992.1849 220.1239 1.5674 1.6182 3.7620 17.3784 2.1754 35.2383 -13.8129 4.2733
101 26 Car -1 -1 -10 951.9307 187.0501 1019.3681 229.0109 1.4244 1.6173 3.8587 14.4275 2.0162 27.9780 -13.8473 3.1783
101 30 Car -1 -1 -10 749.0256 183.3757 799.2735 220.3360 1.5663 1.7880 4.1277 7.7757 2.0967 34.0994 -10.6394 4.2989
101 35 Car -1 -1 -10 927.5724 183.7943 973.5614 218.7969 1.5508 1.5803 3.5724 16.4788 2.1132 35.1224 -13.8239 5.2095
102 38 Car -1 -1 -10 0.0000 175.6047 71.4894 211.2067 1.4131 1.6146 4.0909 -24.8809 1.5359 30.5003 -8.9762 1.3821
102 26 Car -1 -1 -10 934.9507 185.7546 999.8861 227.2226 1.4331 1.5410 3.5540 13.7592 1.9689 28.0335 -13.8907 4.0649
102 30 Car -1 -1 -10 732.4148 181.8427 782.4755 218.0685 1.5278 1.7571 4.2129 6.9348 1.9781 33.8365 -10.6605 3.0116
102 35 Car -1 -1 -10 910.2129 182.4447 958.1482 218.1070 1.5797 1.6308 3.6810 15.6339 2.0722 35.0272 -13.8526 4.6449
102 36 Car -1 -1 -10 889.7881 184.3945 937.9141 214.2240 1.5019 1.6486 4.2241 16.8557 2.1823 40.2839 -13.9436 1.5755
102 37 Car -1 -1 -10 845.4319 173.6485 897.0681 220.4799 1.8605 1.7310 3.8653 11.0452 1.8971 30.8224 -13.8799 2.9393
103 38 Car -1 -1 -10 0.0000 171.2847 36.1902 207.8177 1.4168 1.6499 4.1639 -25.7803 1.3563 29.1505 -9.2518 1.8294
103 26 Car -1 -1 -10 921.0142 186.0544 984.2891 227.4761 1.4206 1.5379 3.4185 13.0609 1.9626 27.7607 -13.8974 5.1573
103 30 Car -1 -1 -10 715.6451 181.2759 765.1988 217.5949 1.5188 1.7088 4.1129 6.0600 1.9352 33.4209 -10.6781 3.5352
103 35 Car -1 -1 -10 891.4811 182.1528 941.7595 217.7703 1.5716 1.6223 3.7978 14.7362 2.0484 34.9319 -13.9044 5.2614
103 36 Car -1 -1 -10 882.9771 184.7580 916.5321 214.0003 1.4605 1.6232 4.0519 15.9751 2.1567 39.9925 -13.7802 1.0833
104 26 Car -1 -1 -10 904.8839 186.5292 972.1880 228.5455 1.4245 1.5479 3.5185 12.4161 1.9826 27.5521 -13.9490 5.6153
104 30 Car -1 -1 -10 701.0716 181.3574 745.8944 219.4078 1.5757 1.7897 4.1458 5.2211 1.9921 33.0835 -10.7802 3.4826
104 35 Car -1 -1 -10 877.7825 182.7666 926.7249 219.2157 1.5979 1.6382 3.6233 13.9273 2.1010 34.6409 -13.9067 5.2125
104 37 Car -1 -1 -10 812.8343 174.7414 861.9838 221.2047 1.8981 1.8114 4.5226 9.9900 1.9887 32.0827 -13.8924 1.6622
104 41 Car -1 -1 -10 936.5841 188.0016 1045.6493 238.3484 1.4099 1.6139 4.1223 12.3030 1.9394 23.2808 -13.2446 1.2104
105 26 Car -1 -1 -10 888.8829 188.1574 957.0192 230.6605 1.4186 1.5595 3.5636 11.7208 2.0386 27.3256 -13.9691 5.1052
105 30 Car -1 -1 -10 683.6733 183.8324 734.1804 220.2333 1.4621 1.6970 4.0935 4.4781 1.9906 32.5075 -10.7180 3.7304
105 35 Car -1 -1 -10 859.4599 183.1437 911.2244 217.8679 1.5070 1.6141 3.7608 13.0489 2.0275 34.4808 -13.9667 5.1635
105 37 Car -1 -1 -10 798.4894 174.2232 844.1313 220.3191 1.9186 1.7306 4.2489 9.3863 1.9848 32.4290 -13.9084 2.5703
105 41 Car -1 -1 -10 926.9686 187.0786 1026.6756 239.9509 1.4663 1.6472 3.8317 11.6768 1.9571 22.9571 -13.3274 3.2077
106 26 Car -1 -1 -10 874.8032 188.8714 941.4934 230.2646 1.3605 1.5558 3.5673 11.0531 2.0036 27.0625 -13.9695 5.5155
106 30 Car -1 -1 -10 666.8890 182.3321 717.0226 220.4244 1.5140 1.6932 4.1489 3.6571 1.9638 31.9951 -10.7539 4.1979
106 35 Car -1 -1 -10 844.2623 184.0196 896.1559 219.0225 1.5011 1.5905 3.8778 12.2495 2.0634 34.2750 -13.9875 4.7862
106 41 Car -1 -1 -10 910.4866 187.6882 1009.5965 240.9324 1.4556 1.6529 3.8771 11.0583 1.9645 22.7736 -13.3569 4.0046
107 26 Car -1 -1 -10 860.0034 188.7420 927.5617 231.2995 1.3857 1.5437 3.5475 10.3897 2.0161 26.7463 -13.9979 5.1734
107 30 Car -1 -1 -10 649.9378 183.1723 700.1972 221.4170 1.4970 1.6533 4.0753 2.8705 1.9801 31.5831 -10.7689 3.8302
107 35 Car -1 -1 -10 829.2377 183.6116 880.6062 218.4418 1.4868 1.5772 3.7264 11.4163 2.0224 33.9491 -14.0101 4.4088
107 36 Car -1 -1 -10 807.0433 185.0863 855.5898 215.2060 1.4766 1.6678 4.0603 11.9045 2.1762 39.1546 -14.0603 1.5347
107 37 Car -1 -1 -10 761.0269 174.3420 811.9004 220.2268 1.9646 1.8579 4.4477 8.0413 2.0386 33.3748 -13.9951 1.0327
107 41 Car -1 -1 -10 899.9318 187.9437 995.5179 243.1064 1.4793 1.6549 3.9423 10.5388 1.9922 22.4800 -13.4138 5.3134
108 26 Car -1 -1 -10 845.2961 187.6916 916.0287 232.9761 1.4616 1.5836 3.7006 9.7956 2.0462 26.4791 -14.0216 3.2026
108 30 Car -1 -1 -10 633.8335 183.2000 684.9274 222.5976 1.5183 1.6991 3.9830 2.1466 1.9941 31.0359 -10.7989 4.2051
108 35 Car -1 -1 -10 814.4789 185.1241 863.3518 220.6362 1.4918 1.5767 3.8070 10.5809 2.0990 33.6851 -13.9927 3.9512
108 36 Car -1 -1 -10 793.3346 184.2346 840.2892 216.9224 1.6008 1.6954 3.9835 11.0254 2.2460 38.8230 -14.0506 2.1536
108 41 Car -1 -1 -10 885.7488 187.0653 990.9319 244.8213 1.5333 1.6813 3.7259 10.0127 2.0043 21.9907 -13.3387 5.6859
109 26 Car -1 -1 -10 834.3857 187.6084 904.9224 233.0648 1.4439 1.5578 3.6237 9.2280 2.0148 26.0180 -14.0371 4.0317
109 30 Car -1 -1 -10 617.1988 181.7675 667.6150 222.4363 1.5448 1.7378 4.1282 1.3968 1.9490 30.5213 -10.8528 4.1749
109 35 Car -1 -1 -10 799.2867 183.3201 852.5324 221.2210 1.5900 1.6899 3.7736 9.8588 2.1022 33.3183 -14.0309 4.9041
109 36 Car -1 -1 -10 778.3803 185.9253 826.1224 216.2724 1.4686 1.6431 3.8344 10.1673 2.2023 38.5338 -14.1031 1.9058
109 41 Car -1 -1 -10 875.8947 187.5665 979.0343 245.6194 1.5067 1.6647 3.7670 9.5364 1.9881 21.6482 -13.3800 6.4212
110 42 Car -1 -1 -10 56.6597 181.5365 293.6217 261.2120 1.4221 1.5395 3.9320 -8.5317 1.6062 14.1887 -12.4037 1.5079
110 26 Car -1 -1 -10 817.2033 188.4209 894.4590 233.7733 1.4105 1.5775 3.9098 8.6371 2.0102 25.7897 -14.0934 3.3546
110 30 Car -1 -1 -10 601.3205 181.9162 654.0693 221.7933 1.4847 1.6875 4.1156 0.7641 1.8891 30.0056 -10.8440 4.6676
110 35 Car -1 -1 -10 784.1386 182.5305 838.5422 220.2668 1.5700 1.6562 3.7709 9.0814 2.0382 32.9460 -14.0705 6.4274
110 36 Car -1 -1 -10 762.9438 183.8467 811.0090 215.3576 1.5134 1.6547 4.1867 9.2760 2.1289 38.2526 -14.1017 2.5477
110 37 Car -1 -1 -10 712.0032 173.2473 762.0482 216.7031 1.9400 1.8032 4.2625 5.9453 1.9603 34.4156 -14.0949 3.0025
110 41 Car -1 -1 -10 864.2342 186.7593 967.3327 245.0944 1.4882 1.6779 3.7169 9.0280 1.9360 21.2726 -13.4036 6.8552
111 42 Car -1 -1 -10 0.0000 178.2836 273.4701 266.4638 1.4878 1.5872 3.9366 -8.4892 1.5926 13.0734 -12.5713 2.8749
111 26 Car -1 -1 -10 801.7134 187.3176 882.2119 233.5984 1.4271 1.5762 3.8096 8.0007 1.9740 25.3515 -14.1449 3.1863
111 30 Car -1 -1 -10 584.9688 179.9290 639.4923 221.5489 1.5307 1.6844 4.0076 0.1193 1.8395 29.3512 -10.8543 4.1892
111 35 Car -1 -1 -10 771.2953 180.9251 823.7502 220.2456 1.6286 1.6255 3.6881 8.3522 2.0143 32.5529 -14.0716 6.8260
111 36 Car -1 -1 -10 746.8625 183.2231 797.2825 214.0569 1.4716 1.6233 4.1054 8.4068 2.0465 37.9030 -14.1644 2.9215
111 41 Car -1 -1 -10 853.3114 185.2780 957.5413 245.2832 1.5071 1.6800 3.7029 8.5603 1.9004 20.8716 -13.4178 6.4816
111 44 Car -1 -1 -10 743.6155 183.0939 772.2832 210.3100 1.4938 1.6069 3.8029 8.8162 2.1353 43.1492 -13.9319 2.9839
112 42 Car -1 -1 -10 0.0000 179.6398 262.9142 271.4379 1.4436 1.6410 4.1568 -8.4903 1.5698 12.4311 -12.5047 3.7507
112 26 Car -1 -1 -10 792.2210 185.0566 866.8410 232.5429 1.4571 1.6040 3.6432 7.4496 1.9107 24.9437 -14.0952 4.3336
112 30 Car -1 -1 -10 570.0491 178.9364 622.9668 221.3512 1.5314 1.6736 4.1651 -0.5078 1.7928 28.8144 -10.9056 4.3550
112 35 Car -1 -1 -10 756.5571 180.9688 810.4375 218.2179 1.5198 1.6058 3.7099 7.6169 1.9027 32.1332 -14.1073 6.2735
112 36 Car -1 -1 -10 733.6457 181.6755 783.8518 212.5084 1.4538 1.6363 4.2715 7.6007 1.9378 37.4030 -14.1585 4.7264
112 37 Car -1 -1 -10 680.5914 172.8263 728.6916 214.7446 1.9059 1.8095 4.5733 4.4898 1.9050 35.1047 -14.1207 1.0834
112 41 Car -1 -1 -10 841.2838 185.8790 947.0023 246.0676 1.4730 1.7029 3.7123 8.0817 1.8786 20.4770 -13.4391 7.1243
113 42 Car -1 -1 -10 0.0000 177.7631 247.5753 276.6190 1.4645 1.6430 4.1440 -8.3726 1.5496 11.6114 -12.5760 4.0635
113 26 Car -1 -1 -10 780.1621 184.0184 857.7251 232.1848 1.4602 1.5881 3.5618 6.9497 1.8670 24.4815 -14.1405 4.9110
113 30 Car -1 -1 -10 552.0103 177.3869 608.0680 221.6373 1.5724 1.7113 4.1792 -1.1364 1.7636 28.2261 -10.9185 5.2087
113 35 Car -1 -1 -10 743.3947 179.1017 798.0711 218.4142 1.5916 1.6170 3.7985 6.9561 1.8833 31.7306 -14.1196 5.8951
113 36 Car -1 -1 -10 719.3095 182.5411 769.4505 212.6230 1.4000 1.6018 4.0933 6.7865 1.9253 37.0096 -14.1923 2.9973
113 37 Car -1 -1 -10 665.2616 170.4484 712.8385 212.6290 1.9403 1.7675 4.5815 3.7755 1.8300 35.4921 -14.1528 4.6570
113 41 Car -1 -1 -10 833.2699 185.1968 936.7943 247.1692 1.4863 1.6542 3.7196 7.6679 1.8636 20.0602 -13.4693 7.2104
113 44 Car -1 -1 -10 706.9478 180.9339 746.0358 208.2320 1.4839 1.6016 3.8081 6.7407 1.9792 42.2759 -14.1575 2.2103
114 42 Car -1 -1 -10 0.0000 177.0408 234.5617 285.2699 1.4926 1.6810 4.4286 -8.3591 1.5610 10.8688 -12.5600 4.3891
114 26 Car -1 -1 -10 770.3064 185.2081 845.7997 233.9532 1.4351 1.5719 3.6434 6.4492 1.8780 24.0073 -14.1180 5.4306
114 30 Car -1 -1 -10 535.7632 177.6823 593.7176 221.9858 1.5324 1.7300 4.2283 -1.6905 1.7318 27.5832 -10.9407 5.0511
114 35 Car -1 -1 -10 731.8312 179.3828 786.2913 219.0618 1.5833 1.6151 3.6842 6.3446 1.8831 31.2433 -14.1312 7.0674
114 36 Car -1 -1 -10 705.7067 182.1233 757.7637 212.7836 1.4071 1.6386 4.1941 6.0590 1.9049 36.5658 -14.2129 3.9528
114 37 Car -1 -1 -10 650.1546 171.7034 697.2577 212.4248 1.8884 1.7834 4.3389 3.0410 1.8354 35.6597 -14.1756 4.4546
114 41 Car -1 -1 -10 823.3009 184.5141 929.2008 248.9065 1.5129 1.7001 3.6840 7.2727 1.8628 19.6471 -13.4857 6.9098
114 44 Car -1 -1 -10 694.0339 180.5295 733.3284 208.4976 1.5050 1.6006 3.8272 5.9255 1.9710 41.8298 -14.1724 1.9386
115 42 Car -1 -1 -10 0.0000 178.8334 215.0952 295.2399 1.4706 1.6454 4.2600 -8.1647 1.5619 10.0874 -12.5953 4.3187
115 26 Car -1 -1 -10 758.1051 185.6414 838.9974 234.3364 1.3979 1.5712 3.6400 6.0030 1.8480 23.5274 -14.1728 4.8581
115 30 Car -1 -1 -10 520.5671 178.3033 579.1282 224.1054 1.5477 1.6782 4.0963 -2.2094 1.7674 26.9572 -10.9519 4.4853
115 35 Car -1 -1 -10 719.7113 179.6241 775.7359 219.4516 1.5596 1.6142 3.6785 5.7558 1.8658 30.7379 -14.1576 7.4882
115 36 Car -1 -1 -10 693.4801 181.3980 747.0484 213.7458 1.4658 1.6593 4.2365 5.3941 1.9188 36.0355 -14.2319 3.1305
115 37 Car -1 -1 -10 636.5406 170.3247 683.3192 211.8917 1.9402 1.8223 4.2905 2.3760 1.8225 35.8638 -14.1867 3.6599
115 41 Car -1 -1 -10 815.8514 184.8893 923.2675 251.3304 1.5111 1.6871 3.7441 6.9142 1.8643 19.1429 -13.5032 7.6393
115 44 Car -1 -1 -10 679.7525 180.0300 720.9033 209.0221 1.5423 1.6341 4.0198 5.0995 1.9754 41.4537 -14.1971 2.0839
116 42 Car -1 -1 -10 0.0000 182.2427 196.0373 308.5275 1.4568 1.6310 4.0816 -7.9538 1.5910 9.3699 -12.6148 4.6655
116 26 Car -1 -1 -10 746.0721 186.2957 832.2780 237.3966 1.4205 1.6024 3.7691 5.5575 1.8854 23.0020 -14.2004 5.5424
116 30 Car -1 -1 -10 504.4240 178.1013 566.8467 225.4366 1.5630 1.7151 4.1972 -2.6777 1.7710 26.4216 -10.9602 4.5468
116 35 Car -1 -1 -10 706.6548 180.6169 766.7588 220.6176 1.5297 1.6759 3.7335 5.1940 1.8760 30.2415 -14.1922 7.1211
116 36 Car -1 -1 -10 681.9128 182.0294 735.9876 214.8759 1.4689 1.6786 4.1432 4.7733 1.9496 35.6187 -14.2484 4.0300
116 37 Car -1 -1 -10 622.3291 170.7258 669.0370 212.9968 1.9874 1.7895 4.5870 1.6845 1.8877 36.2746 -14.2117 3.0446
116 41 Car -1 -1 -10 806.1131 185.8150 916.4418 254.3157 1.5121 1.6860 3.7490 6.5418 1.8845 18.6973 -13.5076 7.1193
116 44 Car -1 -1 -10 668.7747 181.5928 708.6396 209.9667 1.4852 1.6288 3.7449 4.3731 2.0038 40.8674 -14.1996 1.8587
117 42 Car -1 -1 -10 0.0000 180.0432 180.6117 323.5007 1.5104 1.6430 4.3237 -7.8581 1.6060 8.6219 -12.6191 3.7645
117 26 Car -1 -1 -10 736.5825 187.4902 820.2646 240.4481 1.4431 1.5713 3.6137 5.1130 1.9382 22.5350 -14.1993 5.7029
117 30 Car -1 -1 -10 489.3282 179.1904 550.3023 227.5844 1.5520 1.6647 4.0290 -3.1692 1.7956 25.6803 -10.9944 4.9557
117 35 Car -1 -1 -10 694.2616 182.2097 754.7821 222.6208 1.5113 1.6283 3.7274 4.6130 1.9230 29.7967 -14.2194 6.8337
117 36 Car -1 -1 -10 669.2977 182.1458 722.0772 216.0860 1.4895 1.6301 4.1433 4.0454 1.9682 34.9912 -14.2511 3.2180
117 37 Car -1 -1 -10 606.4866 174.2621 654.0134 213.5358 1.8494 1.7878 4.3921 0.9162 1.9253 36.4224 -14.2522 3.8979
117 41 Car -1 -1 -10 799.3129 185.5980 908.8815 256.9913 1.5302 1.6835 3.7235 6.1881 1.8875 18.1937 -13.5400 7.0382
117 44 Car -1 -1 -10 658.2475 182.4400 694.9357 210.3709 1.4372 1.5503 3.6769 3.6367 1.9976 40.2802 -14.1820 3.2858
118 42 Car -1 -1 -10 0.0000 182.0058 155.5745 335.6127 1.4878 1.6324 4.4068 -7.8381 1.6013 8.0060 -12.6100 2.2942
118 26 Car -1 -1 -10 724.6882 187.6556 811.9441 241.6045 1.4336 1.5861 3.6836 4.7006 1.9268 22.1186 -14.2235 5.4708
118 30 Car -1 -1 -10 470.8482 179.4534 534.2469 230.2907 1.5846 1.6530 3.8777 -3.6736 1.8309 24.9401 -11.0056 5.3160
118 35 Car -1 -1 -10 681.9530 182.2973 743.3325 223.9105 1.5250 1.6353 3.7748 4.0471 1.9342 29.2812 -14.2293 6.9272
118 36 Car -1 -1 -10 657.6994 183.6632 710.6686 217.6321 1.4601 1.6337 4.0277 3.4341 2.0081 34.4514 -14.2661 3.5107
118 41 Car -1 -1 -10 790.6422 186.7361 902.1570 260.0026 1.5175 1.6873 3.7489 5.8498 1.8983 17.7411 -13.5565 6.5916
118 44 Car -1 -1 -10 644.6885 183.2013 684.7821 212.2834 1.4660 1.6155 3.8532 2.9300 2.0652 39.7692 -14.2194 4.0224
118 45 Car -1 -1 -10 494.7081 175.3774 540.3320 220.5479 1.7571 1.6453 3.9918 -3.8652 1.8707 30.3354 -11.0570 1.1836
119 42 Car -1 -1 -10 0.0000 183.0274 126.1559 350.6581 1.4884 1.6582 4.1180 -7.6135 1.6046 7.3603 -12.5780 1.3669
119 26 Car -1 -1 -10 713.8386 187.9853 803.2342 243.6414 1.4322 1.5899 3.7312 4.2792 1.9250 21.5473 -14.2314 5.3817
119 30 Car -1 -1 -10 455.9325 179.8440 518.8455 231.3632 1.5609 1.6193 3.9661 -4.1074 1.8174 24.4212 -11.0387 5.5367
119 35 Car -1 -1 -10 670.9522 181.7817 733.1926 225.0614 1.5591 1.6483 3.6806 3.5449 1.9383 28.6980 -14.2433 7.2793
119 36 Car -1 -1 -10 643.6655 183.2401 700.1800 217.8744 1.4614 1.6625 4.1763 2.8000 1.9822 33.9566 -14.3026 4.1983
119 37 Car -1 -1 -10 579.1612 172.9505 624.5363 213.4225 1.9417 1.8747 4.4027 -0.5198 1.9473 36.9191 -14.2519 1.7471
119 41 Car -1 -1 -10 783.1097 188.0356 895.2009 262.7791 1.4884 1.6922 3.7612 5.5170 1.8946 17.2410 -13.5845 7.6027
119 44 Car -1 -1 -10 630.6097 183.4248 671.4983 212.4359 1.4381 1.6132 3.8760 2.1449 2.0429 39.2428 -14.2426 4.4930
120 26 Car -1 -1 -10 702.8166 188.3174 794.7008 245.4765 1.4351 1.5840 3.6084 3.8892 1.9266 21.0249 -14.2634 5.7264
120 30 Car -1 -1 -10 436.9111 180.3144 502.5628 233.1165 1.5477 1.5960 4.0077 -4.5735 1.8150 23.7696 -11.0513 5.3092
120 35 Car -1 -1 -10 658.3190 182.0763 720.7065 225.3038 1.5249 1.6150 3.7073 2.9917 1.9107 28.2154 -14.2591 7.2528
120 36 Car -1 -1 -10 630.9398 184.2283 688.0420 219.0290 1.4362 1.6233 4.1887 2.1783 1.9984 33.4286 -14.3264 4.3994
120 37 Car -1 -1 -10 564.4449 174.5688 608.6448 213.5909 1.8713 1.8287 4.2675 -1.3021 1.9650 37.0341 -14.2745 3.0649
120 41 Car -1 -1 -10 774.4577 187.8707 887.8037 265.6848 1.5064 1.6926 3.6540 5.1709 1.8969 16.7408 -13.5987 7.5015
120 44 Car -1 -1 -10 617.4587 183.4102 658.5430 212.9942 1.4442 1.6063 3.8241 1.4121 2.0391 38.6399 -14.2588 4.7610
120 45 Car -1 -1 -10 460.6880 174.2818 509.9625 222.5611 1.7884 1.6854 4.1917 -4.9839 1.8505 29.0265 -11.1012 1.1212
121 26 Car -1 -1 -10 691.0963 188.4010 786.4842 246.8847 1.4236 1.5708 3.6817 3.5049 1.9081 20.5287 -14.2875 5.5304
121 30 Car -1 -1 -10 416.9751 179.7635 484.8366 234.2569 1.5465 1.6185 3.9936 -5.0333 1.7874 23.0565 -11.0832 5.4387
121 35 Car -1 -1 -10 646.1390 181.5304 710.2723 226.4049 1.5513 1.6379 3.7365 2.4947 1.9079 27.6610 -14.2727 7.2961
121 36 Car -1 -1 -10 617.6432 183.6244 676.5355 219.9601 1.4777 1.7005 4.2659 1.5746 2.0034 32.9349 -14.3303 3.5194
121 41 Car -1 -1 -10 766.3003 188.0257 882.0469 268.7407 1.5019 1.6967 3.7568 4.8710 1.8871 16.2472 -13.6211 7.3947
121 44 Car -1 -1 -10 605.0824 183.4391 646.1362 213.2141 1.4321 1.5918 3.7886 0.7373 2.0205 38.0968 -14.2727 4.2211
122 26 Car -1 -1 -10 679.7207 187.8449 776.9164 247.9524 1.4300 1.5917 3.5738 3.1227 1.8853 20.0010 -14.3023 5.7643
122 30 Car -1 -1 -10 394.0808 180.0929 467.6741 236.1918 1.5400 1.6598 3.9818 -5.5023 1.7858 22.3992 -11.0933 6.5752
122 35 Car -1 -1 -10 632.7061 182.0252 699.0479 226.7253 1.5063 1.6742 3.7099 1.9755 1.8758 27.0779 -14.2913 7.3740
122 36 Car -1 -1 -10 603.2271 183.4296 665.2323 220.2995 1.4679 1.6837 4.3167 0.9642 1.9759 32.3363 -14.3739 3.1451
122 41 Car -1 -1 -10 755.2629 187.8506 874.5778 271.3703 1.5036 1.6968 3.7039 4.5221 1.8735 15.7467 -13.6273 7.9539
122 44 Car -1 -1 -10 592.1013 182.9557 632.2541 213.5698 1.4544 1.5844 3.6865 0.0284 2.0067 37.4866 -14.2744 3.4345
122 45 Car -1 -1 -10 423.7123 174.0657 477.1068 223.9040 1.7443 1.7219 4.2849 -6.0668 1.7948 27.6081 -11.1480 1.6739
123 26 Car -1 -1 -10 666.8542 188.5547 767.7049 249.7442 1.3986 1.5999 3.7379 2.7300 1.8660 19.4825 -14.3087 5.4416
123 30 Car -1 -1 -10 373.0318 180.0296 451.6705 237.9222 1.5338 1.6652 3.9563 -5.8735 1.7702 21.6777 -11.1010 7.0046
123 35 Car -1 -1 -10 619.5286 181.7952 685.6619 228.1521 1.5328 1.6148 3.6985 1.4483 1.8868 26.5736 -14.3126 7.1890
123 36 Car -1 -1 -10 590.0583 183.5289 650.9303 220.4414 1.4447 1.6913 4.2401 0.3434 1.9490 31.8015 -14.3707 3.2140
123 41 Car -1 -1 -10 748.2632 186.6571 870.0375 274.1090 1.5265 1.7056 3.7169 4.2709 1.8582 15.2769 -13.6443 7.0637
123 44 Car -1 -1 -10 577.7400 182.1065 618.1668 213.3705 1.4639 1.5459 3.7115 -0.7012 1.9625 36.8959 -14.2986 3.2467
124 46 Car -1 -1 -10 578.2480 171.5991 610.7198 194.8553 1.5985 1.6211 3.8757 -1.1780 1.5126 51.6562 -14.3482 1.0066
124 26 Car -1 -1 -10 655.7530 187.3381 759.0561 251.1723 1.4174 1.5429 3.7810 2.3859 1.8381 18.9326 -14.3329 5.7824
124 30 Car -1 -1 -10 348.9743 180.3362 432.4878 240.5404 1.5360 1.6810 3.9347 -6.3025 1.7752 20.9734 -11.1198 6.7569
124 35 Car -1 -1 -10 605.6678 181.9014 671.8093 228.9546 1.5192 1.6010 3.6838 0.9156 1.8702 26.0037 -14.3216 6.5569
124 36 Car -1 -1 -10 576.1635 183.4024 636.0922 220.8914 1.4398 1.6497 4.1733 -0.2840 1.9286 31.1841 -14.3808 3.7529
124 41 Car -1 -1 -10 740.0497 185.7772 862.1338 275.9101 1.5153 1.6687 3.6866 3.9573 1.8157 14.7283 -13.6651 7.5243
124 44 Car -1 -1 -10 563.5290 181.7975 605.7244 213.4574 1.4581 1.5936 3.7074 -1.3636 1.9329 36.3067 -14.3195 3.7421
124 45 Car -1 -1 -10 384.7379 172.8433 441.0040 227.4563 1.8276 1.7226 4.0766 -7.1488 1.8276 26.3129 -11.1977 1.5009
125 26 Car -1 -1 -10 643.7149 187.1719 747.7655 252.7442 1.4116 1.5402 3.8120 2.0177 1.8178 18.4305 -14.3314 4.9944
125 30 Car -1 -1 -10 325.0960 181.3704 412.6822 243.3187 1.5100 1.6838 3.9810 -6.6900 1.7742 20.2559 -11.1476 7.2167
125 35 Car -1 -1 -10 591.4119 180.1711 659.5450 229.5738 1.5682 1.6115 3.6612 0.4247 1.8464 25.4382 -14.3445 6.9915
125 36 Car -1 -1 -10 562.6488 181.9430 625.5178 220.7950 1.4698 1.6834 4.1384 -0.7921 1.8830 30.5516 -14.4105 4.5150
125 41 Car -1 -1 -10 731.7754 186.3663 858.9037 279.0379 1.4824 1.6643 3.7790 3.7137 1.7874 14.2026 -13.6727 7.2013
125 44 Car -1 -1 -10 548.7158 180.8042 592.6058 214.0664 1.5146 1.5973 3.6317 -2.0348 1.9301 35.7285 -14.3555 4.1543
125 45 Car -1 -1 -10 364.4125 174.0415 424.6078 230.4967 1.8160 1.7093 4.1662 -7.5729 1.8620 25.5152 -11.2044 3.3351
126 26 Car -1 -1 -10 630.3107 187.0960 738.9889 253.7656 1.3842 1.5160 3.7838 1.6729 1.7768 17.8541 -14.3683 5.4918
126 30 Car -1 -1 -10 300.3791 180.7511 393.4744 246.7074 1.5539 1.6904 3.9744 -7.0596 1.7918 19.6002 -11.1641 6.6908
126 35 Car -1 -1 -10 578.1236 179.4402 651.2472 229.9586 1.5660 1.6520 3.6591 0.0371 1.8113 24.8552 -14.3843 7.6360
126 36 Car -1 -1 -10 549.2253 181.5473 612.0726 221.0889 1.4610 1.6411 4.2168 -1.3363 1.8488 29.9012 -14.4189 4.7542
126 41 Car -1 -1 -10 723.9400 184.9839 852.8217 281.3541 1.4890 1.7056 3.7647 3.4650 1.7550 13.7323 -13.7056 8.1072
126 44 Car -1 -1 -10 536.0494 180.5741 580.8383 214.3573 1.5096 1.6106 3.6031 -2.5927 1.9059 35.0640 -14.3701 3.3209
126 45 Car -1 -1 -10 342.7359 173.9871 405.1037 231.2214 1.7786 1.6720 4.1826 -8.0421 1.8213 24.7338 -11.2234 2.2907
127 26 Car -1 -1 -10 618.8775 185.5857 730.1334 256.0771 1.4269 1.5280 3.6030 1.3721 1.7656 17.2369 -14.3893 5.7053
127 30 Car -1 -1 -10 279.2274 183.4743 374.6655 250.5675 1.5041 1.6047 3.9551 -7.3349 1.8138 18.9240 -11.1766 7.0434
127 35 Car -1 -1 -10 566.2347 179.1555 639.6398 231.3566 1.5765 1.6484 3.6325 -0.3614 1.8056 24.2255 -14.3864 7.4488
127 36 Car -1 -1 -10 537.2977 181.6563 599.6973 221.7962 1.4541 1.6504 4.1825 -1.8076 1.8399 29.3548 -14.4171 5.2779
127 41 Car -1 -1 -10 717.3019 184.1114 846.5571 284.6033 1.4859 1.6621 3.7577 3.2141 1.7240 13.1808 -13.7259 7.8346
127 44 Car -1 -1 -10 523.4938 181.5508 566.3601 214.8359 1.4464 1.5984 3.7985 -3.1947 1.8862 34.4324 -14.3454 3.9861
127 45 Car -1 -1 -10 321.9833 174.6715 388.5603 233.5207 1.7659 1.6796 4.2688 -8.4359 1.8326 24.0617 -11.2352 3.0824
128 26 Car -1 -1 -10 612.4888 186.2603 726.7690 258.4929 1.3962 1.5479 3.6064 1.1984 1.7410 16.5991 -14.3798 7.0379
128 30 Car -1 -1 -10 252.6495 185.2080 357.1072 255.1076 1.4927 1.6459 3.9067 -7.6009 1.8404 18.2111 -11.1837 6.8915
128 35 Car -1 -1 -10 556.4007 178.5414 631.8015 231.9769 1.5756 1.6504 3.7200 -0.6508 1.7787 23.7093 -14.3955 7.0244
128 36 Car -1 -1 -10 526.1817 180.6514 590.8724 222.6275 1.4875 1.6588 4.2945 -2.1723 1.8230 28.7145 -14.4310 5.5110
128 41 Car -1 -1 -10 711.5340 182.5336 850.1768 288.3301 1.4995 1.6812 3.7405 3.0742 1.6971 12.6496 -13.7117 8.3341
128 44 Car -1 -1 -10 512.3199 181.0776 557.9089 215.3984 1.4664 1.5867 3.8530 -3.6082 1.8764 33.8767 -14.3857 4.4685
128 45 Car -1 -1 -10 303.9174 176.3363 373.2244 236.9619 1.7551 1.6671 4.1297 -8.7232 1.8788 23.3467 -11.2476 3.8174
129 48 Car -1 -1 -10 481.5792 178.9502 516.6756 204.7856 1.5551 1.6291 3.9109 -7.2218 1.9665 46.5362 -14.4508 2.6193
129 26 Car -1 -1 -10 605.5375 186.3334 724.8043 262.4455 1.4133 1.5218 3.6583 1.0478 1.7503 16.0540 -14.3974 7.3821
129 30 Car -1 -1 -10 233.2673 187.8336 342.9460 261.1214 1.4793 1.6318 4.0406 -7.7317 1.8893 17.5836 -11.2037 7.5241
129 35 Car -1 -1 -10 548.2851 179.2897 627.5137 235.3976 1.5990 1.6740 3.7320 -0.8379 1.8230 23.0475 -14.4124 6.6159
129 36 Car -1 -1 -10 518.0479 181.8331 584.4043 225.2054 1.4993 1.6804 4.1849 -2.4134 1.8776 28.1191 -14.4445 4.9264
129 41 Car -1 -1 -10 711.1966 183.5467 852.5083 294.6707 1.4783 1.6796 3.8540 2.9719 1.6892 12.1025 -13.7332 7.7758
129 44 Car -1 -1 -10 504.2411 182.6580 550.4482 217.4072 1.4448 1.5804 3.7682 -3.8907 1.9233 33.1629 -14.3962 4.2967
129 45 Car -1 -1 -10 287.2562 177.8610 360.6257 240.7261 1.7450 1.6572 4.2631 -8.9155 1.9184 22.6606 -11.2557 3.5862
129 47 Car -1 -1 -10 317.5666 186.8708 366.4936 229.3303 1.4117 1.6367 4.1578 -10.2984 1.9935 27.6947 -11.3409 1.1427
130 26 Car -1 -1 -10 601.6077 186.4280 727.5548 267.2191 1.4311 1.5556 3.7074 0.9786 1.7594 15.4383 -14.3959 6.3937
130 30 Car -1 -1 -10 210.6060 189.5851 330.0813 268.5855 1.5183 1.6238 4.0633 -7.8418 1.9612 16.9292 -11.1967 8.0672
130 35 Car -1 -1 -10 542.7218 180.9309 622.1716 237.9089 1.5672 1.6408 3.7733 -0.9918 1.8418 22.4587 -14.4089 6.6519
130 36 Car -1 -1 -10 512.7346 184.0986 579.1414 226.4391 1.4142 1.6339 4.0777 -2.5582 1.8766 27.4533 -14.4542 4.5208
130 41 Car -1 -1 -10 712.2463 183.4795 858.3953 302.5043 1.4973 1.6718 3.7245 2.8773 1.6968 11.4793 -13.7336 8.3753
130 44 Car -1 -1 -10 498.6140 183.4938 545.9530 220.0132 1.4907 1.6136 3.5286 -4.0378 1.9983 32.4809 -14.4054 4.2111
130 45 Car -1 -1 -10 271.0275 180.0337 350.3571 247.2123 1.7957 1.7066 4.1976 -9.0554 2.0375 22.0131 -11.2583 4.4247
131 26 Car -1 -1 -10 599.4883 188.1622 729.2670 271.3164 1.4085 1.5431 3.6544 0.9325 1.7669 14.9079 -14.4016 6.9339
131 30 Car -1 -1 -10 189.9297 192.7795 317.7599 275.6369 1.5074 1.6441 4.0223 -7.9025 2.0167 16.2895 -11.2034 7.8991
131 35 Car -1 -1 -10 539.3312 182.9267 622.2239 240.4989 1.5226 1.6241 3.8013 -1.0230 1.8567 21.8511 -14.4254 4.1697
131 36 Car -1 -1 -10 506.7114 186.4131 575.8319 231.2152 1.4472 1.6543 4.1519 -2.6862 1.9948 26.8867 -14.4635 3.5063
131 41 Car -1 -1 -10 717.1328 183.4611 869.4311 309.6982 1.4842 1.6860 3.7860 2.8660 1.6753 10.9005 -13.7386 7.3746
131 44 Car -1 -1 -10 493.4957 184.9226 541.9490 222.7224 1.4995 1.6495 3.8112 -4.1859 2.0692 31.9836 -14.3941 3.9857
131 45 Car -1 -1 -10 258.2238 183.1095 339.4892 251.7183 1.7581 1.6923 4.1349 -9.1384 2.0938 21.3705 -11.2730 3.6310
131 47 Car -1 -1 -10 294.6680 191.7685 346.2193 237.6032 1.4293 1.6316 4.0693 -10.6207 2.1818 26.4979 -11.3550 2.6734
131 50 Car -1 -1 -10 422.1956 176.1187 462.3202 215.3818 1.9476 1.8359 4.1813 -9.0197 2.1321 38.4301 -14.4247 1.2234
132 52 Car -1 -1 -10 484.1105 185.0969 523.6122 220.1657 1.5716 1.6536 4.3355 -5.4207 2.2257 36.2305 -11.2134 1.2980
132 26 Car -1 -1 -10 596.5746 188.7564 735.2891 276.5294 1.4095 1.5581 3.7522 0.9063 1.7702 14.3308 -14.4082 7.8228
132 30 Car -1 -1 -10 174.8632 195.8519 308.0807 284.0701 1.5232 1.6220 4.0072 -7.8725 2.0919 15.6975 -11.2118 7.4174
132 35 Car -1 -1 -10 534.1208 182.7231 624.0969 243.7988 1.5694 1.6352 3.7322 -1.0488 1.8879 21.2256 -14.4728 5.8258
132 36 Car -1 -1 -10 505.5922 186.3693 578.5877 233.9433 1.5025 1.7033 4.0096 -2.5906 2.0343 26.1949 -14.4794 4.3610
132 41 Car -1 -1 -10 722.9425 183.0180 882.6454 320.3459 1.5080 1.6877 3.8095 2.8599 1.6830 10.3119 -13.7348 7.8841
132 44 Car -1 -1 -10 491.0991 186.7265 540.0251 224.9780 1.4768 1.6066 3.8333 -4.2075 2.1207 31.4089 -14.4029 4.5746
132 45 Car -1 -1 -10 248.7803 184.8361 331.9829 256.4578 1.7638 1.6654 4.2124 -9.1219 2.1467 20.7771 -11.2836 4.4798
132 47 Car -1 -1 -10 286.5891 193.0609 340.1255 241.9673 1.4804 1.6462 4.1418 -10.6312 2.2688 25.9079 -11.3608 2.5196
132 50 Car -1 -1 -10 421.7434 179.5539 458.4380 217.6508 1.8796 1.7281 3.8974 -9.1327 2.2566 38.4488 -14.4134 1.3255
133 48 Car -1 -1 -10 462.1578 184.1085 493.7697 208.2736 1.5030 1.5607 3.5572 -8.9580 2.2919 48.6151 -14.4739 2.0896
133 26 Car -1 -1 -10 599.3994 188.4443 746.3162 282.9274 1.4408 1.5608 3.7131 0.9780 1.7795 13.6579 -14.4104 6.9310
133 30 Car -1 -1 -10 157.6554 197.6494 298.4792 289.4340 1.5049 1.6130 4.0121 -7.8445 2.0981 15.1147 -11.2167 7.9004
133 35 Car -1 -1 -10 536.5266 183.2195 624.8372 246.3703 1.5737 1.6787 3.7875 -0.9857 1.9010 20.7035 -14.4176 6.0512
133 41 Car -1 -1 -10 733.0049 182.6983 898.9477 330.8760 1.5055 1.6953 3.8517 2.8853 1.6671 9.7116 -13.7375 7.5354
133 44 Car -1 -1 -10 491.5627 187.3834 539.2186 227.2723 1.5045 1.5957 3.7648 -4.1211 2.1638 30.7016 -14.3802 3.9940
133 45 Car -1 -1 -10 235.0981 184.2118 327.4837 261.4112 1.8402 1.7061 4.2627 -9.0823 2.1937 20.1498 -11.2663 4.2235
133 47 Car -1 -1 -10 280.6300 194.8765 336.9062 243.1703 1.4121 1.5814 4.0911 -10.5165 2.2512 25.2857 -11.3314 2.3289
133 53 Car -1 -1 -10 296.7418 193.8214 341.4548 232.7022 1.4539 1.6088 3.9286 -12.6289 2.4279 31.3833 -14.4696 1.9343
134 26 Car -1 -1 -10 602.5925 187.5427 758.0257 286.2287 1.4259 1.5634 3.8273 1.0458 1.7344 13.0834 -14.3975 7.7032
134 30 Car -1 -1 -10 141.1826 198.1658 292.3284 293.3903 1.4881 1.6111 3.9769 -7.7391 2.0717 14.5098 -11.2074 7.4633
134 35 Car -1 -1 -10 539.5187 182.1471 626.7892 246.6969 1.5588 1.6383 3.7605 -0.8904 1.8433 20.0319 -14.3944 6.4729
134 36 Car -1 -1 -10 508.7165 185.0807 579.3323 233.6606 1.4834 1.6122 3.8609 -2.4230 1.9456 25.1660 -14.4587 1.1347
134 37 Car -1 -1 -10 469.4146 182.8882 508.2421 209.3150 1.4621 1.5408 3.5639 -7.3473 2.0921 43.3325 -14.5289 1.5698
134 41 Car -1 -1 -10 745.5013 180.6443 922.1803 342.0241 1.5166 1.6995 3.9273 2.9552 1.6386 9.1242 -13.7221 7.3617
134 44 Car -1 -1 -10 492.5441 186.4422 542.5837 225.9512 1.4657 1.5829 3.7706 -3.9647 2.0727 30.1843 -14.3992 4.6268
134 45 Car -1 -1 -10 230.5658 185.2503 323.5758 261.2712 1.7560 1.6647 4.1999 -8.9683 2.1325 19.6439 -11.2706 5.0114
134 47 Car -1 -1 -10 276.4141 194.3468 337.5610 243.0637 1.4023 1.5867 3.9049 -10.3386 2.2017 24.7211 -11.3024 3.1865
134 50 Car -1 -1 -10 422.0111 178.2104 458.5176 215.6380 1.8770 1.8135 3.7899 -9.2132 2.1810 38.8362 -14.3941 1.8554
134 53 Car -1 -1 -10 293.6867 192.5326 343.1674 231.4127 1.4052 1.5280 3.5458 -12.0701 2.2740 29.9259 -11.2705 2.4599
135 26 Car -1 -1 -10 609.1769 185.3239 771.0001 289.2097 1.4298 1.5429 3.8334 1.1440 1.6810 12.4654 -14.3810 7.7102
135 30 Car -1 -1 -10 126.9189 196.5737 289.5630 295.9384 1.5016 1.6226 3.9687 -7.6167 2.0318 14.0103 -11.1918 7.5674
135 35 Car -1 -1 -10 542.9379 178.8645 635.5853 246.1734 1.5903 1.6740 3.6836 -0.7057 1.7689 19.3981 -14.4017 7.7229
135 41 Car -1 -1 -10 766.5946 178.8812 958.2393 354.6832 1.5176 1.6868 3.6725 2.9884 1.6049 8.3849 -13.7208 7.6100
135 44 Car -1 -1 -10 498.1768 183.1835 547.2979 223.2939 1.4767 1.6030 3.6146 -3.6641 1.9273 29.5048 -14.3682 5.1406
135 45 Car -1 -1 -10 221.5041 183.2598 322.7895 262.5893 1.7766 1.6945 4.3249 -8.8167 2.0853 19.0697 -11.2571 5.4782
135 47 Car -1 -1 -10 275.5520 191.7890 335.6624 243.2342 1.4592 1.5812 3.9126 -10.1342 2.1479 24.1206 -11.3240 3.7951
135 53 Car -1 -1 -10 291.6357 190.3041 343.2321 230.6616 1.4377 1.6150 3.7285 -11.9178 2.1995 29.4641 -11.2876 2.7418
135 55 Car -1 -1 -10 349.6119 181.6369 377.6630 205.4596 1.6140 1.7429 3.4335 -17.8814 2.2733 52.2135 -14.5184 1.3242
136 26 Car -1 -1 -10 617.8849 182.1171 791.5963 292.1612 1.4430 1.5491 3.7665 1.3012 1.6209 11.8123 -14.3807 7.4682
136 30 Car -1 -1 -10 108.5125 194.6936 286.2108 299.0473 1.5109 1.6372 4.0151 -7.4862 1.9828 13.4542 -11.1761 7.5106
136 35 Car -1 -1 -10 548.8643 176.0268 644.2704 245.5373 1.5982 1.6335 3.7501 -0.5042 1.6901 18.7936 -14.3973 7.6429
136 36 Car -1 -1 -10 514.5298 180.4204 593.8637 231.7688 1.4919 1.6386 3.9172 -1.9655 1.7631 23.7054 -14.4763 1.2835
136 37 Car -1 -1 -10 481.7315 177.0940 520.0231 205.4118 1.5596 1.5985 3.7139 -6.4798 1.8207 42.3542 -14.4623 1.7010
136 41 Car -1 -1 -10 788.0201 176.0700 1004.3910 368.1067 1.5014 1.6905 3.7397 3.0672 1.5455 7.7592 -13.7114 6.5019
136 44 Car -1 -1 -10 503.5635 181.0766 552.4024 221.1854 1.4623 1.5585 3.6148 -3.3963 1.8156 29.0325 -14.3618 3.0388
136 45 Car -1 -1 -10 214.0795 180.5858 322.2236 262.8421 1.8059 1.7177 4.1782 -8.6440 2.0284 18.4931 -11.2396 4.9044
136 47 Car -1 -1 -10 274.4009 190.0861 339.2468 241.7504 1.4403 1.5871 3.8752 -9.8646 2.0539 23.5892 -11.2958 5.2094
136 53 Car -1 -1 -10 294.2138 187.7508 346.3767 228.2342 1.4335 1.5213 3.5103 -11.5507 2.0682 28.8305 -11.2556 2.3345
137 26 Car -1 -1 -10 628.0520 180.0369 814.1301 295.8884 1.4263 1.5608 3.8503 1.4485 1.5584 11.1827 -14.3549 7.5231
137 30 Car -1 -1 -10 98.2486 194.9695 282.8036 303.6337 1.5035 1.5905 3.9576 -7.2959 1.9638 12.9166 -11.1697 7.5032
137 35 Car -1 -1 -10 556.9830 173.6946 653.6883 244.9102 1.5927 1.6388 3.6563 -0.2723 1.6165 18.1500 -14.3742 7.3655
137 36 Car -1 -1 -10 521.9167 180.5807 603.3065 230.2557 1.4008 1.5824 3.8666 -1.6491 1.6707 23.0806 -14.4849 1.7594
137 37 Car -1 -1 -10 489.1521 176.0333 527.6924 204.1745 1.5395 1.6171 3.9861 -6.0054 1.7348 42.0966 -14.4352 1.2435
137 41 Car -1 -1 -10 819.8995 170.2438 1067.0091 374.0000 1.5092 1.6851 3.7925 3.2238 1.4913 7.1175 -13.6786 5.0709
137 45 Car -1 -1 -10 210.5015 179.8391 324.8713 264.3135 1.8003 1.6977 4.3164 -8.4304 1.9976 18.0473 -11.2215 6.0358
137 47 Car -1 -1 -10 277.4525 190.0242 343.0889 241.5983 1.4036 1.5304 3.9062 -9.5538 2.0038 23.1148 -11.2808 5.0545
137 50 Car -1 -1 -10 434.6989 169.1079 472.0624 207.5481 1.9995 1.7838 4.2978 -8.7308 1.8050 39.8370 -14.4051 1.7752
137 53 Car -1 -1 -10 300.0963 186.6319 351.3921 227.5004 1.4233 1.5184 3.5977 -11.1508 2.0024 28.3686 -11.2683 3.0326
137 54 Car -1 -1 -10 302.3542 180.5162 364.2334 206.4641 1.5391 1.4812 3.4098 -17.0816 2.0248 44.5795 -9.6628 1.4482
138 26 Car -1 -1 -10 638.2438 180.0615 834.4582 305.2988 1.4439 1.5251 3.8044 1.5657 1.5700 10.5668 -14.3444 6.6350
138 30 Car -1 -1 -10 78.9242 194.4992 281.4767 309.6429 1.5082 1.6331 4.0107 -7.1165 1.9426 12.3541 -11.1598 7.4620
138 35 Car -1 -1 -10 566.5753 172.0761 666.5588 246.3085 1.5992 1.6455 3.6795 -0.0020 1.5828 17.5148 -14.3532 7.7986
138 36 Car -1 -1 -10 526.4200 177.2065 612.5446 230.0573 1.4726 1.6367 4.3410 -1.4340 1.6245 22.8013 -14.4580 2.4357
138 41 Car -1 -1 -10 862.2965 172.3822 1153.3335 374.0000 1.4810 1.6729 3.6754 3.2607 1.4785 6.3873 -13.6970 5.1112
138 45 Car -1 -1 -10 210.6136 179.2962 329.0654 264.1458 1.7636 1.6998 4.2073 -8.1496 1.9408 17.5689 -11.2068 6.4112
138 47 Car -1 -1 -10 280.3481 189.2414 347.3900 241.7201 1.4007 1.5200 3.8014 -9.2128 1.9598 22.5629 -11.2712 5.2565
138 53 Car -1 -1 -10 304.4692 184.6027 357.4571 226.7688 1.4628 1.5556 3.5238 -10.7994 1.9500 27.9927 -11.2586 3.7635
139 26 Car -1 -1 -10 652.6019 179.6201 870.8803 313.8047 1.4240 1.5596 3.7716 1.7633 1.5356 9.8582 -14.3341 7.4769
139 30 Car -1 -1 -10 64.7225 194.4901 278.9398 314.6972 1.5051 1.6084 3.9200 -6.9321 1.9219 11.8285 -11.1425 7.5471
139 35 Car -1 -1 -10 575.9141 171.8193 681.2028 248.7670 1.5884 1.6423 3.7010 0.2649 1.5674 16.8725 -14.3467 7.6918
139 36 Car -1 -1 -10 541.1581 177.7179 622.0172 231.4432 1.4479 1.6054 4.1141 -1.0140 1.6116 22.0342 -14.3968 4.3066
139 41 Car -1 -1 -10 915.9187 170.8452 1241.0000 374.0000 1.5059 1.6735 3.7672 3.3284 1.4960 5.7429 -13.7162 4.8871
139 45 Car -1 -1 -10 208.8738 179.1360 332.4552 267.1622 1.7564 1.6737 4.3602 -7.8615 1.9251 17.0279 -11.2004 5.7456
139 47 Car -1 -1 -10 282.0580 187.7639 353.4956 242.0576 1.4204 1.5365 3.8369 -8.8760 1.9188 22.0493 -11.2490 5.9150
139 53 Car -1 -1 -10 309.6036 183.6720 363.6976 227.5907 1.5022 1.5793 3.6012 -10.4187 1.9452 27.5774 -11.2563 3.6573
140 26 Car -1 -1 -10 666.4943 180.8555 905.5767 328.2664 1.4319 1.5457 3.7747 1.9126 1.5567 9.2209 -14.3238 7.3786
140 30 Car -1 -1 -10 47.9711 195.2819 276.8210 321.1853 1.4827 1.5834 3.9926 -6.7497 1.9001 11.3262 -11.1369 7.9513
140 35 Car -1 -1 -10 586.4243 172.9309 695.7822 252.5799 1.5757 1.6682 3.6941 0.5244 1.5780 16.2439 -14.3215 8.3618
140 36 Car -1 -1 -10 552.4444 177.4652 633.3929 233.5175 1.4671 1.5825 4.1349 -0.6570 1.6185 21.4375 -14.3689 4.9188
140 41 Car -1 -1 -10 968.4941 174.8962 1241.0000 374.0000 1.4767 1.6250 3.7322 3.3853 1.4971 5.0445 -13.6885 5.0810
140 44 Car -1 -1 -10 532.0639 178.3134 593.4311 222.1748 1.4702 1.5786 3.6972 -1.8575 1.6874 26.6670 -14.3965 2.0419
140 45 Car -1 -1 -10 206.1732 178.5966 334.9711 271.1298 1.7854 1.6803 4.3017 -7.5984 1.9350 16.4751 -11.1928 6.8691
140 47 Car -1 -1 -10 284.7187 189.5147 359.5706 243.5186 1.3634 1.5687 3.9076 -8.5511 1.9104 21.5856 -11.2396 5.3980
140 53 Car -1 -1 -10 315.2103 184.0920 371.8620 228.7002 1.4811 1.5564 3.7985 -9.9376 1.9337 27.0048 -11.2317 4.6143
141 26 Car -1 -1 -10 685.0913 182.2627 943.1807 343.7455 1.4209 1.5149 3.7108 2.0515 1.5579 8.5248 -14.2948 6.7205
141 30 Car -1 -1 -10 25.3259 196.4927 276.8872 332.3158 1.5170 1.6380 3.9077 -6.5684 1.9379 10.7990 -11.1102 7.9393
141 35 Car -1 -1 -10 597.5895 174.0023 712.2070 257.1103 1.5633 1.6306 3.6323 0.7879 1.5915 15.5576 -14.3207 7.5874
141 36 Car -1 -1 -10 562.2893 178.2727 646.7584 236.2563 1.4634 1.6157 4.1064 -0.3122 1.6363 20.7936 -14.3537 6.3661
141 41 Car -1 -1 -10 1019.4429 174.5063 1241.0000 374.0000 1.5093 1.6110 3.6381 3.3888 1.5240 4.2739 -13.6654 4.0727
141 44 Car -1 -1 -10 549.5290 179.8918 602.6741 224.4029 1.4409 1.5852 4.0334 -1.3411 1.7166 26.1229 -14.2686 2.8021
141 45 Car -1 -1 -10 203.4262 177.7843 340.1504 275.2328 1.8269 1.6696 4.2948 -7.3420 1.9521 16.0101 -11.1652 6.8462
141 47 Car -1 -1 -10 288.1537 189.6608 365.3110 246.4889 1.4102 1.5589 3.7523 -8.2204 1.9485 21.0893 -11.2198 6.0004
141 53 Car -1 -1 -10 322.6299 185.3827 378.8102 231.3804 1.5021 1.5104 3.6549 -9.5165 1.9977 26.5700 -11.2170 4.1396
141 54 Car -1 -1 -10 331.2780 180.7159 399.0816 206.7515 1.4852 1.4996 3.6474 -14.5367 1.9647 42.8905 -9.6147 2.5928
142 26 Car -1 -1 -10 700.1023 185.7586 996.7622 366.4658 1.4071 1.5454 3.7740 2.1884 1.5838 7.8777 -14.2833 6.9503
142 30 Car -1 -1 -10 0.0000 197.4865 274.4628 343.7548 1.5218 1.6224 3.9815 -6.3985 1.9427 10.2568 -11.0911 8.2329
142 35 Car -1 -1 -10 607.4181 173.9259 729.7356 263.2639 1.5987 1.6596 3.6707 1.0180 1.6241 14.9048 -14.3064 8.0915
142 36 Car -1 -1 -10 571.7074 178.7063 659.8019 239.2342 1.4726 1.6159 3.9820 0.0042 1.6530 20.0779 -14.3502 5.0062
142 37 Car -1 -1 -10 538.5822 176.0842 576.8135 206.2140 1.5255 1.6140 3.6467 -2.8987 1.7087 38.8926 -14.3338 2.2240
142 41 Car -1 -1 -10 1081.1924 177.0211 1241.0000 374.0000 1.4680 1.6147 3.9677 3.5038 1.5018 3.6573 -13.6472 4.2807
142 44 Car -1 -1 -10 557.0859 179.5333 614.6919 225.7524 1.4623 1.5672 3.6686 -0.9579 1.7150 25.3209 -14.2974 4.7906
142 45 Car -1 -1 -10 198.0471 179.2337 342.5387 279.9569 1.7994 1.6804 4.2618 -7.0820 1.9558 15.4081 -11.1551 5.8940
142 47 Car -1 -1 -10 288.6709 189.7956 370.2718 250.1553 1.4444 1.5608 4.0119 -7.9304 1.9780 20.5823 -11.2085 5.5329
142 53 Car -1 -1 -10 328.0095 187.5617 384.3151 232.9480 1.4390 1.4819 3.3907 -9.0722 2.0035 25.8609 -11.2048 4.7041
142 54 Car -1 -1 -10 335.8584 180.9611 409.1721 206.7850 1.4575 1.5414 3.9134 -13.9628 1.9474 42.4839 -9.5906 1.1840
143 26 Car -1 -1 -10 721.6517 184.6830 1067.6761 374.0000 1.4175 1.5613 3.7202 2.3483 1.5670 7.1450 -14.2746 7.4076
143 30 Car -1 -1 -10 0.0000 199.5040 269.1281 357.4905 1.5078 1.6299 4.0167 -6.2165 1.9419 9.6626 -11.0929 7.3518
143 35 Car -1 -1 -10 619.4638 174.7893 749.4415 268.2776 1.5831 1.6482 3.7200 1.2673 1.6270 14.2639 -14.2960 7.7375
143 36 Car -1 -1 -10 582.8449 180.3598 673.1670 242.2674 1.4406 1.6185 4.0016 0.3231 1.6650 19.4177 -14.3253 5.7497
143 37 Car -1 -1 -10 552.1103 175.9318 589.0982 206.3487 1.5166 1.6285 3.6721 -2.1713 1.6886 38.3003 -14.2836 1.6532
143 41 Car -1 -1 -10 1168.9620 180.8500 1241.0000 374.0000 1.4383 1.5978 3.7953 3.6231 1.4946 2.9993 -13.6264 2.5235
143 44 Car -1 -1 -10 566.1462 179.8912 626.4287 228.2782 1.4880 1.6003 3.8131 -0.5895 1.7495 24.7706 -14.2823 4.9702
143 45 Car -1 -1 -10 191.4626 180.3753 344.5949 283.5572 1.7665 1.6719 4.2407 -6.8738 1.9452 14.8897 -11.1359 6.6648
143 47 Car -1 -1 -10 291.6953 191.3274 376.3118 251.8589 1.4065 1.5593 3.8097 -7.5856 1.9710 20.0132 -11.1871 6.0636
143 50 Car -1 -1 -10 490.5075 168.6169 524.8796 205.5161 2.0035 1.8353 4.2903 -5.9578 1.7738 41.4429 -14.3055 1.3418
143 53 Car -1 -1 -10 330.4414 187.2209 393.0734 234.3967 1.4720 1.5556 3.4545 -8.7256 2.0159 25.4615 -11.1650 5.4181
143 54 Car -1 -1 -10 348.7324 180.6543 415.1525 206.7269 1.4601 1.4726 3.5180 -13.2718 1.9258 42.0268 -9.5897 3.0642
144 26 Car -1 -1 -10 741.0513 185.5299 1148.5256 374.0000 1.4194 1.5493 3.7761 2.4436 1.5680 6.4667 -14.2601 6.9713
144 30 Car -1 -1 -10 0.0000 199.5977 264.1375 366.1106 1.4858 1.5988 4.0222 -6.0657 1.9032 9.1753 -11.0837 7.3939
144 35 Car -1 -1 -10 631.1411 174.4482 770.3362 274.7452 1.6047 1.6710 3.7868 1.4888 1.6395 13.5955 -14.2759 8.0015
144 36 Car -1 -1 -10 591.9657 179.6447 687.0339 244.8121 1.4668 1.5896 4.0949 0.5997 1.6649 18.8481 -14.3258 6.0509
144 44 Car -1 -1 -10 576.8707 179.8313 637.8913 229.8409 1.4965 1.5918 3.7183 -0.2063 1.7485 24.0758 -14.2633 5.8866
144 45 Car -1 -1 -10 186.7514 179.4501 349.1588 287.2886 1.7698 1.6609 4.3388 -6.6114 1.9222 14.3720 -11.1225 6.2755
144 47 Car -1 -1 -10 294.8796 191.7121 380.2112 253.5391 1.3946 1.5398 3.7693 -7.2891 1.9565 19.4865 -11.1857 6.0401
144 53 Car -1 -1 -10 336.8689 186.4646 399.1456 234.9910 1.4843 1.5340 3.4916 -8.3358 1.9904 24.9569 -11.1673 5.9735
144 54 Car -1 -1 -10 354.7221 181.1408 423.6246 207.2739 1.4452 1.5093 3.6267 -12.7141 1.9351 41.5885 -9.5846 2.6408
144 57 Car -1 -1 -10 576.1505 180.2951 618.9877 220.5057 1.4633 1.6050 3.9448 -0.5866 1.7834 28.9987 -14.1770 1.1248
145 26 Car -1 -1 -10 763.8875 184.6411 1241.0000 374.0000 1.4429 1.5690 3.7915 2.5530 1.5698 5.7711 -14.2506 7.1750
145 30 Car -1 -1 -10 0.0000 198.7137 257.9227 374.0000 1.4982 1.5637 3.9980 -5.9204 1.8807 8.6187 -11.0538 7.2470
145 35 Car -1 -1 -10 641.6714 174.6976 792.4949 279.5267 1.5831 1.6793 3.6818 1.6858 1.6214 12.9045 -14.2814 8.3733
145 36 Car -1 -1 -10 603.9389 179.2096 698.2173 246.0292 1.4523 1.5853 4.0085 0.8645 1.6313 18.1785 -14.2857 6.0386
145 37 Car -1 -1 -10 568.4037 175.4006 609.6787 206.4180 1.4964 1.6020 3.6745 -1.1620 1.6345 37.0755 -14.3118 1.2711
145 44 Car -1 -1 -10 587.2863 178.9860 648.8824 229.8523 1.4768 1.5892 3.8232 0.1388 1.6929 23.4031 -14.2350 5.2926
145 45 Car -1 -1 -10 173.8607 179.1157 348.5823 290.9275 1.7514 1.6607 4.2529 -6.4317 1.8902 13.7480 -11.1011 6.0693
145 47 Car -1 -1 -10 290.7753 189.6764 385.3296 255.2551 1.4296 1.5819 3.9549 -7.0270 1.9186 18.8750 -11.1613 6.4663
145 53 Car -1 -1 -10 340.6015 186.4181 404.5351 235.5371 1.4596 1.5286 3.5109 -7.9665 1.9521 24.3201 -11.1594 6.0684
145 54 Car -1 -1 -10 366.1761 180.1943 431.8677 207.3791 1.4943 1.4599 3.4033 -12.0103 1.9223 41.0988 -9.5489 2.7026
145 57 Car -1 -1 -10 575.4020 180.8457 629.6547 221.5759 1.4340 1.6111 4.1150 -0.4089 1.7727 28.3946 -14.2780 2.4223
146 26 Car -1 -1 -10 790.0657 183.6033 1241.0000 374.0000 1.4687 1.5434 3.7343 2.6002 1.5735 5.0770 -14.2304 6.2876
146 30 Car -1 -1 -10 0.0000 198.4350 246.6835 374.0000 1.5120 1.6429 4.0171 -5.8171 1.8686 7.9927 -11.0535 6.8958
146 35 Car -1 -1 -10 654.9492 172.8816 813.5436 283.8784 1.5866 1.6870 3.7246 1.8653 1.5875 12.2558 -14.2475 8.0669
146 36 Car -1 -1 -10 612.0487 178.7071 714.4694 248.0777 1.4424 1.5831 4.0935 1.1086 1.6022 17.5072 -14.2940 5.9063
146 44 Car -1 -1 -10 596.3401 177.8378 660.9507 229.9774 1.4767 1.5964 3.6961 0.4621 1.6472 22.7145 -14.2325 5.2015
146 45 Car -1 -1 -10 164.7600 177.1823 350.5263 295.3324 1.7764 1.6746 4.2586 -6.2195 1.8692 13.2072 -11.0925 5.6493
146 47 Car -1 -1 -10 293.3078 189.3165 388.5262 255.8782 1.4106 1.5419 3.8748 -6.7515 1.8757 18.3309 -11.1559 6.7087
146 53 Car -1 -1 -10 343.2865 185.0925 410.1208 235.3718 1.4674 1.5181 3.5192 -7.6570 1.9029 23.8034 -11.1356 5.5111
146 54 Car -1 -1 -10 371.5992 179.2224 439.2623 206.4292 1.4715 1.4823 3.4966 -11.4674 1.8380 40.4849 -9.5762 3.0440
146 57 Car -1 -1 -10 585.4086 177.6303 640.3482 220.9347 1.5134 1.6779 4.1082 -0.0063 1.7120 27.8144 -14.2424 2.3071
147 26 Car -1 -1 -10 824.2571 184.7918 1241.0000 374.0000 1.4615 1.5882 3.9061 2.7384 1.5658 4.2610 -14.2307 6.8510
147 30 Car -1 -1 -10 0.0000 197.3790 235.2198 374.0000 1.4998 1.6177 3.9551 -5.6923 1.8211 7.4329 -11.0333 6.4400
147 35 Car -1 -1 -10 667.1942 171.3253 839.5915 288.3145 1.5580 1.6822 3.7576 2.0319 1.5380 11.5601 -14.2378 7.9119
147 36 Car -1 -1 -10 624.2857 176.0125 729.7758 248.8462 1.4648 1.5865 4.0352 1.3723 1.5479 16.7951 -14.2685 6.8674
147 37 Car -1 -1 -10 585.4193 171.8172 628.6006 205.4903 1.5835 1.6585 4.2595 -0.2477 1.5351 36.1447 -14.2624 1.9072
147 44 Car -1 -1 -10 605.8703 176.5686 672.1411 228.5857 1.4274 1.5646 3.7634 0.7556 1.5511 22.0148 -14.2211 4.8450
147 45 Car -1 -1 -10 150.3704 175.8219 350.6721 297.3659 1.7425 1.6767 4.3548 -6.0660 1.8043 12.6928 -11.0823 6.9337
147 47 Car -1 -1 -10 291.6424 187.3211 392.3893 255.9601 1.4146 1.5405 3.8574 -6.4966 1.8111 17.7365 -11.1373 6.3384
147 53 Car -1 -1 -10 345.3508 182.1337 415.9194 233.7259 1.4808 1.5371 3.5306 -7.3362 1.8035 23.2157 -11.1165 6.1414
147 54 Car -1 -1 -10 362.1111 176.0207 445.9173 202.7417 1.4323 1.5436 4.2877 -11.3863 1.6127 39.9711 -9.5578 1.3006
148 26 Car -1 -1 -10 861.6715 183.2798 1241.0000 374.0000 1.4484 1.5330 3.7905 2.7558 1.5294 3.6312 -14.2117 4.1867
148 30 Car -1 -1 -10 0.0000 195.1726 222.3594 374.0000 1.5027 1.6203 4.1195 -5.5891 1.7794 6.8434 -11.0318 5.2037
148 35 Car -1 -1 -10 680.5219 168.6884 866.1490 295.0068 1.5604 1.6725 3.7588 2.1717 1.5093 10.8516 -14.2187 7.4720
148 36 Car -1 -1 -10 633.2277 174.5775 746.3434 250.2463 1.4562 1.5881 4.0333 1.5799 1.5000 16.0815 -14.2678 6.0699
148 37 Car -1 -1 -10 594.8726 171.0120 637.7842 204.0179 1.5116 1.5693 3.6136 0.2179 1.4276 34.9390 -14.2737 2.6335
148 44 Car -1 -1 -10 615.1422 174.4059 682.5261 228.8051 1.4582 1.5569 3.7229 1.0184 1.5086 21.3559 -14.2029 5.0288
148 45 Car -1 -1 -10 132.8441 173.7824 348.3583 302.5306 1.7481 1.6500 4.3186 -5.8870 1.7668 12.0393 -11.0680 6.5743
148 47 Car -1 -1 -10 289.5742 185.8355 395.1704 255.6302 1.3925 1.5284 3.8408 -6.2613 1.7373 17.1399 -11.1235 5.5078
148 53 Car -1 -1 -10 349.5818 181.0252 418.7785 233.4695 1.4773 1.4739 3.2971 -7.0313 1.7529 22.5802 -11.1093 5.9752
148 54 Car -1 -1 -10 385.2804 174.6327 453.2211 201.9823 1.4569 1.4736 3.4358 -10.4361 1.5570 39.5076 -9.5532 2.1299
148 57 Car -1 -1 -10 604.8049 176.0816 660.5045 218.7082 1.4220 1.6261 4.0846 0.7115 1.5502 26.4806 -14.2097 3.0663
149 26 Car -1 -1 -10 886.9936 185.6937 1241.0000 374.0000 1.4907 1.7239 3.9933 2.8423 1.5809 2.9896 -14.2133 5.3231
149 30 Car -1 -1 -10 0.0000 196.4719 199.0651 374.0000 1.4829 1.5570 3.8044 -5.4804 1.7535 6.3295 -11.0243 3.1898
149 35 Car -1 -1 -10 693.3949 169.3705 896.5351 306.2430 1.5661 1.6796 3.7206 2.3010 1.5266 10.1686 -14.2086 7.2965
149 36 Car -1 -1 -10 642.8959 175.0819 760.2704 254.6785 1.4576 1.5732 4.0192 1.7512 1.5120 15.4133 -14.2515 6.6168
149 37 Car -1 -1 -10 602.9401 170.0250 645.4102 204.1299 1.5402 1.5926 3.6894 0.5874 1.4128 34.4986 -14.2391 2.4520
149 44 Car -1 -1 -10 623.1802 174.3938 695.7436 231.0880 1.4674 1.5852 3.7291 1.2804 1.5160 20.6899 -14.2041 5.8046
149 45 Car -1 -1 -10 111.2518 172.4970 345.6213 310.0026 1.7556 1.6959 4.3304 -5.7389 1.7514 11.4322 -11.0707 6.3026
149 47 Car -1 -1 -10 282.8492 185.9079 398.7860 260.0592 1.4143 1.5431 4.0093 -6.0635 1.7519 16.5637 -11.1000 6.2527
149 53 Car -1 -1 -10 350.1034 180.6498 424.3208 235.3270 1.4943 1.5526 3.4671 -6.7602 1.7524 22.0426 -11.1085 6.1318
149 54 Car -1 -1 -10 392.5063 173.9652 459.3600 201.8842 1.4706 1.4632 3.2872 -9.9254 1.5322 38.9168 -9.4956 2.2350
149 57 Car -1 -1 -10 610.3103 174.1341 671.1159 219.7105 1.4879 1.6666 4.1836 0.9704 1.5379 25.8265 -14.2189 1.7205
150 26 Car -1 -1 -10 954.9631 184.8907 1241.0000 374.0000 1.4642 1.6326 4.0571 2.9037 1.5357 2.1698 -14.2246 3.6687
150 30 Car -1 -1 -10 0.0000 201.9284 170.7923 374.0000 1.4798 1.6143 4.0239 -5.4681 1.7848 5.5427 -10.9920 4.5550
150 35 Car -1 -1 -10 707.1174 170.2778 933.0713 319.8117 1.5648 1.6689 3.6795 2.4174 1.5382 9.4410 -14.2066 8.5074
150 36 Car -1 -1 -10 652.6048 176.8185 780.0330 261.6378 1.4490 1.5845 4.2295 1.9384 1.5422 14.7110 -14.2373 5.8832
150 37 Car -1 -1 -10 609.3462 172.8629 655.0854 207.2498 1.5096 1.5981 3.6889 0.9402 1.5104 33.5998 -14.2551 3.0670
150 44 Car -1 -1 -10 631.4115 175.6848 708.1010 235.3546 1.4787 1.6040 3.8565 1.5119 1.5654 20.0347 -14.1928 4.8406
150 45 Car -1 -1 -10 85.7519 174.6851 342.8675 323.6146 1.7705 1.6617 4.3490 -5.6067 1.8040 10.8432 -11.0462 6.6698
150 47 Car -1 -1 -10 279.2940 187.9865 397.9804 265.9832 1.4203 1.5544 3.9285 -5.8888 1.7984 15.9682 -11.1102 6.9187
150 53 Car -1 -1 -10 350.7928 180.9845 427.0577 237.5372 1.5045 1.5273 3.3567 -6.5238 1.7661 21.4376 -11.0912 5.3566
150 54 Car -1 -1 -10 381.9765 174.4551 467.1156 202.4649 1.4521 1.5279 4.1713 -9.8512 1.5396 38.3855 -9.4816 2.0031
150 55 Car -1 -1 -10 438.2710 171.2834 507.6244 199.8053 1.7081 1.7220 3.8584 -8.3994 1.6144 44.2223 -12.4855 1.5253
150 57 Car -1 -1 -10 619.8237 176.0308 679.4537 221.8829 1.4416 1.6106 4.1534 1.2506 1.5618 25.0963 -14.1953 3.7846
151 30 Car -1 -1 -10 0.0000 209.5335 142.1887 374.0000 1.4503 1.6251 3.9515 -5.3631 1.8058 4.9938 -11.0130 3.3597
151 35 Car -1 -1 -10 719.6736 174.2148 974.2668 339.0647 1.5595 1.6701 3.7223 2.5072 1.5800 8.7659 -14.2019 7.8503
151 36 Car -1 -1 -10 662.4493 179.0235 793.8005 270.2749 1.4682 1.5770 4.0796 2.0596 1.6061 13.9865 -14.2175 5.5213
151 37 Car -1 -1 -10 616.1515 174.2676 664.3864 210.0505 1.5370 1.6196 3.5637 1.2896 1.6057 33.0090 -14.2664 2.6817
151 44 Car -1 -1 -10 640.0569 178.5542 718.7806 239.4101 1.4406 1.6125 3.6903 1.7106 1.6083 19.3043 -14.1763 5.9166
151 45 Car -1 -1 -10 56.2522 175.5975 335.5382 338.0295 1.7823 1.6578 4.2996 -5.4731 1.8297 10.1788 -11.0482 7.5035
151 47 Car -1 -1 -10 271.9915 190.3061 398.8494 271.4573 1.4019 1.5457 3.8100 -5.6918 1.8194 15.2759 -11.0871 6.1028
151 53 Car -1 -1 -10 350.4944 184.4731 428.1378 241.4855 1.4465 1.5303 3.4564 -6.3249 1.8115 20.8397 -11.1052 5.9164
151 54 Car -1 -1 -10 400.7681 178.2145 470.7006 207.3785 1.4826 1.4587 3.3467 -9.1239 1.7697 37.7844 -9.4730 3.3946
151 57 Car -1 -1 -10 629.9943 178.6370 691.4041 226.8109 1.4393 1.6173 4.2528 1.5681 1.6511 24.2251 -14.1721 3.6938
151 58 Car -1 -1 -10 611.3535 174.8209 650.4336 204.4483 1.4634 1.5924 3.6404 1.0103 1.5719 37.7773 -14.2360 1.0984
152 30 Car -1 -1 -10 0.0000 207.7021 113.1857 374.0000 1.4991 1.6429 4.2514 -5.2625 1.8115 4.3090 -11.0253 2.9073
152 35 Car -1 -1 -10 736.6164 174.4124 1024.8558 361.4383 1.5832 1.6683 3.7639 2.6000 1.6051 8.0541 -14.1814 8.1158
152 36 Car -1 -1 -10 672.1934 181.7894 813.3195 279.4256 1.4661 1.5689 4.0146 2.2011 1.6564 13.2723 -14.2161 6.7278
152 37 Car -1 -1 -10 624.7822 177.3074 670.1584 212.8898 1.4744 1.5514 3.4646 1.5767 1.6842 32.1372 -14.2243 4.0004
152 44 Car -1 -1 -10 648.6004 180.5047 729.9638 246.4039 1.4858 1.6132 3.7152 1.8889 1.7030 18.5740 -14.1574 6.5558
152 45 Car -1 -1 -10 14.3927 177.7358 328.0618 353.6230 1.7765 1.6712 4.2938 -5.4086 1.8564 9.5797 -11.0296 6.8236
152 47 Car -1 -1 -10 262.4524 193.4801 396.1161 279.0973 1.3927 1.5162 3.8478 -5.5763 1.8692 14.6714 -11.0820 6.4129
152 53 Car -1 -1 -10 346.0357 186.5213 430.1706 247.5299 1.4908 1.5543 3.3582 -6.1414 1.9056 20.1415 -11.0748 6.2426
152 54 Car -1 -1 -10 397.0008 179.6861 475.7054 208.7463 1.4496 1.4940 3.7223 -8.9427 1.8098 37.1861 -9.4610 2.8744
152 57 Car -1 -1 -10 635.6124 181.6540 699.6142 231.8570 1.4444 1.5999 4.1139 1.7476 1.7578 23.5765 -14.1779 2.7461
152 58 Car -1 -1 -10 619.2027 176.9369 656.8506 208.0265 1.5009 1.5887 3.6191 1.3609 1.7221 37.1710 -14.1966 1.1021
