0 0 Car -1 -1 -10 0.0000 180.8932 112.1377 236.2682 1.4811 1.4632 3.2221 -16.7163 1.7384 21.4157 -10.9500 7.1821
0 2 Car -1 -1 -10 206.4981 179.2671 294.1709 216.8653 1.4995 1.5287 3.8828 -15.6254 1.7977 31.4855 -10.8698 2.9321
0 1 Car -1 -1 -10 98.8250 171.9077 220.4698 225.4245 1.7734 1.6193 4.1019 -16.1125 1.7424 26.0102 -10.9247 5.6302
1 0 Car -1 -1 -10 0.0000 181.6015 78.3249 240.1242 1.4440 1.5290 3.3579 -16.8270 1.7076 20.0099 -10.9660 5.7363
1 2 Car -1 -1 -10 181.5028 179.0667 273.8339 218.4628 1.4995 1.5714 3.7578 -15.8385 1.7752 30.0253 -10.8925 4.3118
1 1 Car -1 -1 -10 62.9165 171.0119 198.0111 228.6988 1.8025 1.6303 4.1686 -16.2625 1.7453 24.6833 -10.9188 6.7105
2 0 Car -1 -1 -10 0.0000 182.4455 40.6319 248.6041 1.5003 1.5982 3.4081 -16.8150 1.7714 18.6156 -11.0554 2.2619
2 2 Car -1 -1 -10 161.3091 180.6950 257.0257 221.7440 1.4980 1.6569 3.4244 -15.9425 1.8310 28.8109 -10.8800 4.3833
2 1 Car -1 -1 -10 28.7127 172.0299 172.9816 233.1434 1.7989 1.5727 4.1080 -16.3179 1.7750 23.3398 -10.9258 6.7597
3 2 Car -1 -1 -10 135.5689 181.8047 239.8134 225.0718 1.4886 1.5985 3.5927 -16.0001 1.8530 27.4702 -10.8853 6.3111
3 1 Car -1 -1 -10 0.0000 172.9028 150.1424 239.1502 1.8331 1.6624 4.2539 -16.4183 1.8351 22.1325 -10.9443 6.8689
4 2 Car -1 -1 -10 108.0464 182.4248 220.4644 228.6229 1.5031 1.5177 3.6629 -16.0803 1.8760 26.1736 -10.8752 5.3007
4 1 Car -1 -1 -10 0.0000 172.9399 120.9088 245.3658 1.8585 1.7115 4.4148 -16.5758 1.8616 20.7733 -10.9345 4.4029
5 0 Car -1 -1 -10 0.0000 171.4229 89.8206 249.9936 1.8918 1.7239 4.2473 -16.6474 1.8577 19.5540 -10.9184 5.2396
5 2 Car -1 -1 -10 77.8030 182.0689 198.1032 230.8059 1.5050 1.5152 3.6615 -16.1852 1.8475 24.8913 -10.8978 6.3326
6 0 Car -1 -1 -10 0.0000 168.8542 53.3136 252.0928 1.8783 1.6779 4.0837 -16.6449 1.7884 18.3396 -10.9725 2.3213
6 2 Car -1 -1 -10 41.9979 180.6827 174.7991 231.3208 1.4812 1.5420 3.6933 -16.2972 1.7585 23.6081 -10.8969 6.6128
7 2 Car -1 -1 -10 2.3996 178.6787 146.9991 232.5327 1.4926 1.5467 3.6705 -16.4161 1.6883 22.3003 -10.9091 6.2259
8 1 Car -1 -1 -10 0.0000 179.7584 119.4081 236.0237 1.4609 1.6189 3.5941 -16.5023 1.6806 21.0543 -10.9018 5.8476
9 1 Car -1 -1 -10 0.0000 177.3311 86.4104 238.8826 1.5006 1.6112 3.6271 -16.5755 1.6350 19.7300 -10.9189 5.2343
12 5 Car -1 -1 -10 408.7995 184.0623 437.4683 203.0314 1.6098 1.9316 4.8346 -17.3852 2.6900 66.9093 -11.3855 1.2926
14 5 Car -1 -1 -10 383.2058 180.4830 430.8841 197.3344 1.4307 1.5907 3.6947 -17.7881 2.1105 63.2251 -12.4335 2.0829
23 6 Car -1 -1 -10 304.9129 183.3064 360.8233 203.3939 1.3767 1.4784 3.4530 -19.7959 2.1379 51.5090 -12.4031 1.4277
26 7 Car -1 -1 -10 275.3592 187.5489 339.9930 209.4303 1.3766 1.5590 3.6693 -20.0376 2.3715 47.8016 -12.4257 1.0252
34 9 Car -1 -1 -10 717.7134 173.3640 741.1466 188.8248 1.4283 1.6205 3.8278 11.4063 1.4788 68.8633 -13.8135 1.0459
35 9 Car -1 -1 -10 718.1586 173.2978 741.6465 189.0422 1.4290 1.6497 4.2311 11.2907 1.4725 67.8771 -13.8431 1.4256
41 12 Car -1 -1 -10 563.1281 173.1968 588.7513 189.6264 1.4591 1.6099 3.9132 -3.1132 1.4919 66.2183 -10.8439 1.1186
41 9 Car -1 -1 -10 716.7223 172.1231 743.5672 188.9167 1.3639 1.5941 3.8482 10.1100 1.3049 60.6770 -13.8003 1.4973
42 9 Car -1 -1 -10 718.1232 173.8653 739.7590 192.3342 1.4655 1.6195 4.0856 9.8377 1.5525 59.6507 -13.9374 1.0193
43 12 Car -1 -1 -10 550.4409 172.5614 576.5738 191.4992 1.5828 1.6248 3.9396 -4.0052 1.5587 62.3449 -10.8933 1.6311
44 12 Car -1 -1 -10 541.9902 174.6979 576.4552 193.5073 1.5064 1.6922 4.1225 -4.2322 1.6668 60.4198 -10.7523 2.9295
44 9 Car -1 -1 -10 715.9029 171.2509 743.6674 191.2801 1.5312 1.6462 3.9405 9.5169 1.4090 57.2836 -10.6920 1.3780
45 12 Car -1 -1 -10 535.5401 175.7831 569.4389 194.8387 1.4690 1.6491 4.0669 -4.6401 1.7154 58.4454 -10.7862 3.2206
45 9 Car -1 -1 -10 716.4629 173.7029 738.3790 193.7055 1.4976 1.6286 4.0205 9.1251 1.5667 56.3108 -13.9811 1.5554
46 12 Car -1 -1 -10 527.6790 177.7163 564.2674 197.8020 1.4809 1.6827 4.1885 -4.9917 1.8770 56.4981 -10.7810 2.2048
46 9 Car -1 -1 -10 716.5919 175.7537 739.9786 195.8663 1.4607 1.6417 3.7874 9.0178 1.6902 54.9978 -13.9429 1.8152
47 12 Car -1 -1 -10 519.4603 178.6373 558.0057 199.1891 1.4521 1.6750 4.1980 -5.3564 1.9069 54.4638 -10.7777 2.9164
47 9 Car -1 -1 -10 713.8733 174.3600 739.6410 196.3091 1.5708 1.6821 4.4896 8.7151 1.6893 54.2763 -14.0282 2.4352
48 12 Car -1 -1 -10 510.5752 178.3953 549.7674 199.3403 1.4286 1.6804 4.0267 -5.7859 1.8485 52.4851 -10.7936 3.6654
48 9 Car -1 -1 -10 717.0730 175.9661 742.7077 196.6239 1.4339 1.6105 4.0601 8.7930 1.6717 52.8898 -13.9113 2.0750
49 12 Car -1 -1 -10 502.1453 177.6767 541.9773 200.2331 1.4827 1.5495 4.1302 -6.1367 1.8354 50.5348 -10.7964 3.3857
49 9 Car -1 -1 -10 714.4314 175.1365 739.5855 197.4357 1.5243 1.6215 3.8247 8.3251 1.6946 51.7231 -14.0176 2.9955
50 12 Car -1 -1 -10 491.2508 177.2445 534.3736 200.4056 1.4609 1.6130 4.0536 -6.5053 1.7693 48.4725 -10.7892 3.6057
50 9 Car -1 -1 -10 716.3869 175.4260 740.6197 196.9828 1.4369 1.6149 3.9984 8.3052 1.6255 50.7009 -13.9694 3.2322
51 12 Car -1 -1 -10 479.7946 176.6459 526.9759 200.4887 1.4398 1.6195 4.1736 -6.8399 1.6961 46.4862 -10.7752 3.6341
51 9 Car -1 -1 -10 714.8742 174.8505 739.9538 196.5329 1.4143 1.5709 3.9115 8.0588 1.5574 49.5138 -13.9424 2.3391
52 12 Car -1 -1 -10 466.2451 178.1124 514.7705 202.9673 1.4209 1.6384 4.0351 -7.3061 1.7596 44.2866 -10.8041 4.1411
52 9 Car -1 -1 -10 713.0301 174.5018 738.1871 197.1608 1.4470 1.6005 3.8473 7.7086 1.5625 48.3919 -13.9844 3.6781
53 12 Car -1 -1 -10 452.6723 176.8159 504.8655 203.3829 1.4552 1.6384 4.0227 -7.6606 1.6995 42.2896 -10.7960 5.4301
54 12 Car -1 -1 -10 438.8314 177.1851 491.1375 204.6719 1.4306 1.6052 3.8211 -8.0524 1.6844 40.2031 -10.8302 4.8389
54 9 Car -1 -1 -10 708.9497 174.0811 736.1909 198.7722 1.5032 1.6510 4.0800 7.1724 1.5859 46.2769 -13.9886 2.4371
55 12 Car -1 -1 -10 422.1153 177.8466 480.0021 207.0090 1.4341 1.6752 3.9905 -8.3994 1.7140 38.2980 -10.8430 5.1081
55 9 Car -1 -1 -10 707.7550 175.2118 736.5379 199.1397 1.4133 1.6291 4.1766 6.9521 1.5685 45.2121 -14.0193 3.6248
56 12 Car -1 -1 -10 403.3395 178.2396 466.9829 208.9966 1.4207 1.7255 4.0712 -8.7291 1.7073 36.2103 -10.8552 6.7463
56 9 Car -1 -1 -10 706.7420 173.0340 735.1350 199.4303 1.5337 1.6361 4.1477 6.7122 1.5456 44.1156 -14.0012 3.2124
57 12 Car -1 -1 -10 383.5595 177.9987 452.7591 210.6908 1.4244 1.7161 4.0590 -9.0524 1.6841 34.2379 -10.8507 6.7379
57 9 Car -1 -1 -10 704.6545 173.0978 734.7398 200.3255 1.5395 1.6383 4.1039 6.4547 1.5551 42.9671 -14.0183 3.0990
58 12 Car -1 -1 -10 363.5283 179.9106 437.1343 215.0297 1.4238 1.6119 4.0791 -9.3133 1.7604 32.2428 -10.8499 6.4264
58 9 Car -1 -1 -10 701.9936 174.8649 734.7660 201.7773 1.4752 1.6455 4.1465 6.2274 1.5986 42.0072 -14.0464 3.1617
59 12 Car -1 -1 -10 338.0217 179.4608 418.9252 217.9967 1.4647 1.7070 3.9885 -9.6348 1.7609 30.2217 -10.8710 6.0642
59 9 Car -1 -1 -10 703.6813 177.5134 733.9633 203.7467 1.3794 1.5657 3.8712 6.0566 1.6554 40.6675 -14.0186 3.3124
60 12 Car -1 -1 -10 313.6734 179.7031 399.9036 219.5431 1.4051 1.6126 4.0187 -9.8420 1.6934 28.2464 -10.8873 6.2062
60 9 Car -1 -1 -10 701.4823 176.8796 733.2400 203.8508 1.3821 1.5613 4.0452 5.8245 1.6156 39.6908 -14.0304 3.2228
61 12 Car -1 -1 -10 280.8598 178.7809 380.3400 222.5851 1.4265 1.6286 4.2184 -10.0784 1.6606 26.2691 -10.8892 6.6221
61 9 Car -1 -1 -10 699.2579 173.7382 733.8605 203.3893 1.4972 1.6424 4.2108 5.6329 1.5477 38.7375 -14.0368 3.9746
62 12 Car -1 -1 -10 245.4148 178.2587 356.1315 225.2311 1.4118 1.6417 4.2495 -10.3337 1.6111 24.3716 -10.9133 6.2605
62 9 Car -1 -1 -10 695.7144 173.8935 732.5247 203.5891 1.4544 1.6285 4.1976 5.3405 1.5121 37.6429 -14.0590 4.6790
63 12 Car -1 -1 -10 204.3621 177.9321 328.6883 229.1270 1.4069 1.5975 4.1521 -10.5333 1.5799 22.3890 -10.9068 7.4921
63 9 Car -1 -1 -10 695.7575 173.1550 732.4874 203.5997 1.4521 1.6228 4.1050 5.1864 1.4686 36.5708 -14.0474 4.2324
64 12 Car -1 -1 -10 155.0521 179.0367 298.9123 236.5502 1.4214 1.6475 4.1703 -10.6892 1.6151 20.4248 -10.9279 7.7050
64 9 Car -1 -1 -10 694.9909 173.1959 732.5399 204.6648 1.4544 1.6245 4.1246 5.0150 1.4726 35.5198 -14.0440 4.0384
65 12 Car -1 -1 -10 97.2942 181.9467 267.1404 246.8941 1.4167 1.6017 4.2819 -10.7992 1.6784 18.5429 -10.9240 7.2396
65 9 Car -1 -1 -10 694.6875 175.8898 734.3116 207.2961 1.3932 1.6023 4.1522 4.9068 1.5479 34.5489 -14.0600 6.2418
66 12 Car -1 -1 -10 28.1259 186.3656 226.8316 258.6804 1.3706 1.5463 4.2102 -10.8948 1.7229 16.6350 -10.9217 7.0392
66 9 Car -1 -1 -10 693.6770 175.6998 737.1845 208.7290 1.4175 1.6070 4.2203 4.7886 1.5584 33.4820 -14.0859 4.7462
67 12 Car -1 -1 -10 0.0000 186.5005 178.9428 269.8514 1.3761 1.6047 4.1506 -10.9906 1.6952 14.7275 -10.9310 6.9828
67 9 Car -1 -1 -10 695.1471 175.3016 739.2392 209.2694 1.4128 1.6171 4.1787 4.7163 1.5305 32.4525 -14.0730 4.4114
68 12 Car -1 -1 -10 0.0000 185.9341 120.0487 284.9499 1.3927 1.5673 4.2079 -11.0537 1.6647 12.8461 -10.9524 5.7105
68 9 Car -1 -1 -10 694.1361 173.2019 741.5947 208.2212 1.4221 1.6722 4.2564 4.5996 1.4387 31.5148 -14.0787 5.2229
68 17 Car -1 -1 -10 886.2915 162.2648 940.7198 179.9635 1.4644 1.6033 4.0704 25.5938 0.5886 61.0143 -9.1541 1.0599
69 12 Car -1 -1 -10 0.0000 184.0490 46.0302 307.9476 1.4360 1.6225 4.3175 -11.0479 1.6401 10.9420 -11.0320 1.4406
69 9 Car -1 -1 -10 696.8888 172.0822 743.1872 208.3858 1.4280 1.6343 4.0138 4.5356 1.3980 30.4426 -14.0604 5.0495
70 9 Car -1 -1 -10 698.3534 172.0803 744.7914 209.7966 1.4312 1.5858 4.1983 4.4562 1.4022 29.5349 -14.0539 4.5726
70 17 Car -1 -1 -10 887.2891 160.7119 944.5545 178.9090 1.4592 1.6548 4.1660 25.0394 0.4859 59.2397 -9.1378 1.8643
71 9 Car -1 -1 -10 697.9944 174.2959 749.9074 212.3589 1.3931 1.6099 3.9623 4.3984 1.4546 28.5760 -14.0888 5.9387
72 9 Car -1 -1 -10 699.6933 174.2500 753.7264 214.6413 1.4238 1.6078 4.0855 4.3531 1.4817 27.6569 -14.0857 6.7367
73 9 Car -1 -1 -10 702.0974 177.2746 756.9984 218.0787 1.3690 1.5616 4.0942 4.3085 1.5460 26.7430 -14.0839 5.6847
73 18 Car -1 -1 -10 761.3243 170.7659 814.4969 189.0978 1.4684 1.6412 4.1201 14.4724 1.3015 58.9634 -9.2478 2.2595
74 9 Car -1 -1 -10 703.2588 177.4200 761.1622 220.7428 1.3997 1.5661 4.1339 4.2513 1.5770 25.8555 -14.0878 6.4347
74 18 Car -1 -1 -10 755.6240 171.8413 807.4257 189.7934 1.4192 1.6192 3.9305 13.7544 1.3395 58.1228 -9.2802 3.5774
75 9 Car -1 -1 -10 704.5149 178.1164 767.9717 223.2125 1.4006 1.5683 4.0657 4.2286 1.5978 24.9360 -14.1139 6.7572
75 18 Car -1 -1 -10 747.3026 172.0123 802.8890 190.3299 1.4267 1.6299 4.1879 13.0456 1.3615 57.3078 -12.4198 2.1204
76 9 Car -1 -1 -10 707.2377 176.2347 771.9076 223.5486 1.4211 1.5777 4.1013 4.1806 1.5439 24.0483 -14.0955 8.1728
76 18 Car -1 -1 -10 741.9573 170.8722 799.3795 188.6822 1.3692 1.6195 4.1899 12.5017 1.2172 56.4257 -9.3530 1.7401
77 9 Car -1 -1 -10 709.1752 174.4301 777.0579 223.6672 1.4338 1.5937 4.1247 4.1435 1.4895 23.2382 -14.0932 7.3637
77 18 Car -1 -1 -10 736.6267 167.2960 789.6667 186.3715 1.4475 1.5998 3.7588 11.7410 1.0261 55.5798 -9.4086 2.5273
77 17 Car -1 -1 -10 877.0558 164.0814 941.1874 184.2849 1.4690 1.6922 4.2292 22.2252 0.8315 53.8194 -9.1660 1.0695
78 9 Car -1 -1 -10 711.9218 173.9959 783.6332 224.3457 1.4088 1.5829 4.0772 4.1187 1.4478 22.3466 -14.0998 7.0110
78 18 Car -1 -1 -10 723.5330 167.2466 782.4210 188.3504 1.5764 1.6549 4.1453 10.7863 1.1579 54.7377 -9.4170 2.8219
79 9 Car -1 -1 -10 713.9590 174.8785 791.0862 228.5112 1.4244 1.6109 4.1921 4.0763 1.4909 21.4457 -14.0992 6.9292
79 17 Car -1 -1 -10 865.9646 164.7224 932.4091 186.4161 1.5347 1.7110 4.3352 20.9359 0.9598 52.4666 -9.1428 2.4802
79 24 Car -1 -1 -10 359.8553 177.8424 412.8523 198.8868 1.4786 1.6177 3.6186 -16.4517 1.8559 52.9730 -8.9499 2.6518
80 9 Car -1 -1 -10 716.8918 176.9632 796.6269 232.8638 1.4153 1.5736 4.0889 4.0369 1.5450 20.6390 -14.1039 7.5235
80 18 Car -1 -1 -10 709.1756 171.8666 767.0025 192.8799 1.5123 1.5942 3.8981 9.3313 1.4416 52.8637 -9.4984 3.2279
80 17 Car -1 -1 -10 863.6869 164.9851 928.8073 187.6961 1.5867 1.6467 4.1645 20.4333 1.0373 51.7241 -9.1727 1.8114
80 24 Car -1 -1 -10 360.1333 179.9932 414.9529 201.4739 1.4660 1.6015 3.6164 -15.9770 1.9929 51.7220 -12.1294 2.1907
81 9 Car -1 -1 -10 719.5838 177.2971 804.2770 236.1053 1.4185 1.6048 4.2057 4.0090 1.5543 19.8580 -14.0959 7.8610
81 18 Car -1 -1 -10 701.7968 172.1775 760.4501 192.3647 1.4251 1.5790 3.8765 8.6700 1.3777 51.9467 -12.6849 2.6281
81 17 Car -1 -1 -10 860.7223 168.4244 924.1168 190.2808 1.5067 1.5524 4.0238 19.8814 1.2017 51.0069 -9.1636 3.4653
81 24 Car -1 -1 -10 359.5779 179.8581 415.4309 201.6522 1.4614 1.5672 3.5985 -15.6745 1.9682 50.7355 -12.1578 3.1499
82 9 Car -1 -1 -10 723.6973 178.7551 811.5090 240.0261 1.4025 1.6053 4.1465 3.9809 1.5758 19.0316 -14.0861 7.5615
82 18 Car -1 -1 -10 691.0924 172.0168 756.0854 193.0189 1.4514 1.6961 4.2208 7.9951 1.3939 51.0904 -9.6138 3.4264
82 17 Car -1 -1 -10 856.4660 168.4954 924.6819 190.1916 1.4742 1.6013 4.2881 19.4896 1.1784 50.3542 -9.1619 3.4377
82 24 Car -1 -1 -10 366.3873 180.9981 419.8271 203.3529 1.4630 1.6098 3.3295 -14.9849 2.0414 49.7468 -12.1040 1.0179
83 9 Car -1 -1 -10 726.6242 178.9556 821.3501 243.3601 1.4041 1.6034 4.1327 3.9556 1.5763 18.2217 -14.0972 7.6441
83 18 Car -1 -1 -10 681.9527 173.4471 742.5871 195.9933 1.5229 1.6039 3.8418 7.0487 1.5654 50.0310 -12.8043 4.1170
83 17 Car -1 -1 -10 849.3782 167.8109 916.4697 191.0298 1.5583 1.6357 4.2081 18.7405 1.2202 49.7878 -9.1458 2.3056
84 27 Car -1 -1 -10 332.7771 180.0238 378.7645 197.9148 1.6489 1.6947 4.3685 -24.5894 2.3597 69.7099 -8.9295 1.4921
84 9 Car -1 -1 -10 729.1913 179.2604 829.0325 246.0830 1.3885 1.5775 4.0948 3.9002 1.5623 17.4595 -14.1044 7.7338
84 18 Car -1 -1 -10 671.4732 172.6523 736.8032 195.4209 1.5078 1.6813 4.0761 6.3647 1.4948 49.1114 -12.8238 3.3421
84 17 Car -1 -1 -10 842.7672 167.3341 907.4391 191.3163 1.5930 1.6129 3.9942 17.9908 1.2267 49.1999 -9.1750 4.5214
84 24 Car -1 -1 -10 363.0928 179.3688 421.9179 202.3107 1.4562 1.5853 3.4781 -14.4597 1.9010 47.8871 -12.2215 1.1384
85 9 Car -1 -1 -10 734.7847 179.0204 838.7907 249.9656 1.3992 1.5539 4.1903 3.8956 1.5607 16.7251 -14.0927 7.7512
85 18 Car -1 -1 -10 661.9813 172.5815 725.8115 195.6311 1.4938 1.6547 3.8910 5.5546 1.4765 48.1165 -12.8616 3.6809
85 17 Car -1 -1 -10 835.7236 167.9140 905.5101 190.3642 1.4709 1.5509 4.2975 17.4515 1.1476 48.5706 -9.1661 4.6773
85 24 Car -1 -1 -10 359.8604 179.6778 422.9598 203.3356 1.4782 1.5896 3.6146 -14.2328 1.9335 46.9296 -12.3449 1.7402
86 9 Car -1 -1 -10 737.0503 179.5197 849.8193 254.4100 1.4018 1.5980 4.1876 3.8540 1.5697 16.0073 -14.0947 8.0333
86 18 Car -1 -1 -10 650.6651 172.9868 718.5432 196.6944 1.4998 1.6615 4.0940 4.8378 1.5091 47.1299 -9.7673 4.6468
86 17 Car -1 -1 -10 828.3796 166.3193 896.7791 190.5725 1.5735 1.6435 4.1520 16.7428 1.1499 48.0860 -9.1929 3.7022
86 24 Car -1 -1 -10 366.1891 179.5743 424.8806 203.0141 1.4401 1.5303 3.2692 -13.7214 1.8804 46.1034 -12.3285 2.9791
87 9 Car -1 -1 -10 741.9316 179.5301 860.6689 259.0597 1.4149 1.5673 4.1544 3.8320 1.5763 15.2951 -14.0966 8.1282
87 18 Car -1 -1 -10 639.8984 172.5163 710.0859 197.2129 1.5254 1.7004 4.1485 4.1221 1.5049 46.1228 -9.8050 4.0460
87 17 Car -1 -1 -10 821.4331 166.6910 888.9842 191.2552 1.5746 1.6524 4.0710 16.0598 1.1799 47.5197 -9.1935 5.3677
87 24 Car -1 -1 -10 365.2198 179.3034 430.0391 203.4009 1.4571 1.5697 3.5857 -13.3538 1.8725 45.3246 -12.3784 3.7280
87 29 Car -1 -1 -10 985.0498 164.7930 1071.4793 189.3342 1.4956 1.6603 4.3969 26.1355 1.0047 45.2732 -9.1977 1.5504
88 9 Car -1 -1 -10 743.3183 179.1836 876.2740 263.1065 1.4169 1.5895 4.2313 3.8047 1.5643 14.6298 -14.1195 7.3028
88 18 Car -1 -1 -10 628.1795 172.5957 700.6515 197.6133 1.5069 1.7179 4.2124 3.3748 1.4917 45.1133 -9.8525 3.8266
88 17 Car -1 -1 -10 813.7510 166.5771 883.0917 190.8593 1.5364 1.6943 4.1739 15.4302 1.1396 46.9817 -9.1782 3.7761
88 24 Car -1 -1 -10 369.7740 180.2048 432.3746 203.7838 1.4031 1.5561 3.3720 -12.9077 1.8674 44.5445 -12.4349 4.1435
88 29 Car -1 -1 -10 975.9806 164.6268 1069.5218 189.4138 1.4873 1.7195 4.7633 25.4839 0.9940 44.7705 -9.1476 2.6866
89 9 Car -1 -1 -10 749.6085 179.5580 889.0186 267.1602 1.3931 1.5661 4.1461 3.7747 1.5419 13.8827 -14.1134 7.3611
89 18 Car -1 -1 -10 615.6372 172.4730 690.0747 198.0841 1.5028 1.7155 4.2550 2.5948 1.4808 44.0647 -9.8955 3.4152
89 17 Car -1 -1 -10 805.7954 166.4988 874.6963 191.7278 1.5814 1.6013 4.0506 14.7149 1.1834 46.3824 -9.2407 3.9930
89 24 Car -1 -1 -10 372.2114 179.0646 439.0968 203.9973 1.4632 1.5542 3.5861 -12.4127 1.8490 43.8023 -12.4529 3.1847
89 29 Car -1 -1 -10 968.9387 164.9226 1049.7644 189.5147 1.4711 1.6190 4.0528 24.4615 0.9970 44.3759 -9.2136 1.5948
90 9 Car -1 -1 -10 753.7564 179.4771 902.1389 271.8028 1.3905 1.5562 4.2100 3.7460 1.5324 13.2931 -14.1117 8.4616
90 18 Car -1 -1 -10 605.7020 173.5742 679.2591 199.7311 1.4931 1.6226 4.1166 1.9118 1.5380 42.9487 -9.9062 4.4609
90 17 Car -1 -1 -10 796.1211 167.7901 869.3271 191.1621 1.4472 1.5589 4.2927 14.0588 1.1340 45.8362 -9.2397 3.7485
90 24 Car -1 -1 -10 380.2623 179.6531 442.4578 204.0173 1.4133 1.5715 3.2629 -11.8985 1.8290 43.2054 -12.5148 3.3152
90 29 Car -1 -1 -10 965.1787 164.5691 1050.7349 189.1187 1.4465 1.5638 4.2918 24.0500 0.9587 43.8011 -9.1741 2.4078
91 9 Car -1 -1 -10 758.2503 180.6024 918.1089 278.9049 1.3929 1.5745 4.2113 3.7238 1.5523 12.6818 -14.1109 8.3806
91 18 Car -1 -1 -10 593.1309 174.7573 665.5573 201.6918 1.4897 1.6467 3.9416 1.1049 1.6051 41.8792 -9.9735 4.2899
91 17 Car -1 -1 -10 788.7318 166.2328 861.7176 193.2313 1.6541 1.5707 4.1918 13.4153 1.2488 45.2588 -9.2922 4.8878
91 24 Car -1 -1 -10 382.4066 179.1283 448.6041 204.5433 1.4549 1.6242 3.4729 -11.4634 1.8324 42.5396 -12.5758 3.6072
91 29 Car -1 -1 -10 959.3305 165.0635 1051.6039 190.8514 1.4997 1.6744 4.5895 23.6366 1.0470 43.3454 -9.1708 3.7861
91 31 Car -1 -1 -10 243.7772 181.8956 303.6232 207.5608 1.5108 1.6088 3.8462 -21.2081 2.1016 45.3983 -11.9945 2.4036
92 32 Car -1 -1 -10 586.7609 175.0197 604.9112 190.7465 1.4891 1.6065 3.8482 -1.3825 1.7078 70.7970 -10.9689 1.2679
92 33 Car -1 -1 -10 1.8270 191.1746 69.0369 219.1703 1.5182 1.6288 4.0584 -35.0633 2.6936 44.1145 -11.2232 1.3139
92 9 Car -1 -1 -10 764.0930 180.2463 936.1244 286.0727 1.4117 1.5672 4.1883 3.7001 1.5570 12.0311 -14.1117 7.5131
92 18 Car -1 -1 -10 579.3188 174.5247 654.4545 201.8745 1.4723 1.6156 4.0444 0.3782 1.5714 40.8495 -10.0108 5.5208
92 17 Car -1 -1 -10 781.1226 167.1053 854.5919 193.9555 1.6238 1.6462 4.1647 12.7915 1.2765 44.7025 -9.3034 4.3718
92 24 Car -1 -1 -10 388.0001 177.9932 454.3710 204.2404 1.4795 1.5876 3.4959 -10.9660 1.7850 41.9315 -12.6324 3.4440
92 29 Car -1 -1 -10 957.5542 165.0043 1048.2924 191.1545 1.5043 1.6498 4.4581 23.2135 1.0531 42.8412 -9.1817 4.4370
92 31 Car -1 -1 -10 240.1297 181.2263 300.0541 208.1685 1.5615 1.5928 3.8550 -21.0733 2.0998 44.6253 -11.9776 4.2411
93 9 Car -1 -1 -10 769.7911 179.9209 958.7142 293.1068 1.4243 1.5753 4.2139 3.7093 1.5577 11.4613 -14.1206 7.3721
93 18 Car -1 -1 -10 566.2136 174.0458 642.5199 202.3544 1.4813 1.6521 4.0000 -0.3182 1.5504 39.7630 -10.0621 4.8373
93 17 Car -1 -1 -10 772.5142 166.6205 844.7531 194.0781 1.6459 1.6278 4.0046 12.0797 1.2726 44.1624 -9.3744 4.8769
93 24 Car -1 -1 -10 394.4792 178.4003 461.0390 204.6193 1.4558 1.5871 3.5008 -10.4509 1.7818 41.4116 -12.6575 3.9099
93 29 Car -1 -1 -10 955.3603 163.9177 1045.6236 189.8673 1.4759 1.6121 4.3878 22.7940 0.9680 42.3274 -9.1911 2.1165
93 31 Car -1 -1 -10 241.7657 182.2947 298.7874 208.3974 1.4777 1.5976 3.7766 -20.7362 2.0762 43.9247 -11.9077 2.4965
94 34 Car -1 -1 -10 546.5528 176.3117 569.0803 192.7354 1.5396 1.5790 3.6328 -5.0759 1.8860 70.3200 -10.8914 1.0132
94 9 Car -1 -1 -10 775.5537 182.3645 979.3516 301.0662 1.3849 1.5722 4.1358 3.6675 1.5554 10.8270 -14.1235 7.5747
94 18 Car -1 -1 -10 552.9687 173.7499 630.6523 202.3903 1.4564 1.6164 3.9898 -0.9790 1.5071 38.6744 -10.0918 5.2747
94 17 Car -1 -1 -10 763.0440 166.7743 837.2118 194.3929 1.6352 1.6483 4.0501 11.4034 1.2756 43.5648 -9.4131 5.5624
94 24 Car -1 -1 -10 401.9674 177.8995 468.7388 204.4982 1.4565 1.5780 3.5581 -9.8983 1.7505 40.9467 -12.7148 4.4684
94 29 Car -1 -1 -10 945.5555 164.5389 1035.7377 190.9231 1.4858 1.6908 4.3712 22.0385 1.0179 41.9996 -9.1696 3.0151
94 31 Car -1 -1 -10 235.7161 181.2104 298.4471 208.2619 1.5096 1.5607 3.7681 -20.4497 2.0262 42.9262 -12.0193 4.4300
95 9 Car -1 -1 -10 781.3282 181.7397 1003.0226 308.4759 1.3957 1.5723 4.1387 3.6604 1.5486 10.3091 -14.1301 8.1161
95 18 Car -1 -1 -10 539.2137 174.0132 618.3958 204.4679 1.4939 1.5749 4.0414 -1.6148 1.5576 37.4824 -10.1643 3.7683
95 17 Car -1 -1 -10 753.4000 167.8062 830.0109 194.4819 1.5598 1.6161 4.1541 10.7584 1.2650 43.0171 -9.4352 7.2691
95 24 Car -1 -1 -10 409.7419 177.4524 475.9463 203.4890 1.4081 1.5746 3.5579 -9.3992 1.6742 40.5581 -9.6325 3.4895
95 29 Car -1 -1 -10 931.4979 166.3143 1029.2382 193.5120 1.5199 1.7041 4.7594 21.2830 1.1548 41.7106 -9.1857 2.8410
95 31 Car -1 -1 -10 233.0041 182.5193 297.8428 208.8170 1.4310 1.6136 3.6829 -20.1379 2.0167 42.0730 -12.0413 3.0090
96 9 Car -1 -1 -10 789.2522 181.7000 1028.1905 321.4272 1.4344 1.5689 4.2141 3.6512 1.5809 9.7953 -14.1173 8.0315
96 18 Car -1 -1 -10 522.7613 175.7347 604.7395 206.3088 1.4401 1.6966 3.9948 -2.3234 1.5937 36.3709 -10.2065 5.4613
96 17 Car -1 -1 -10 742.8796 167.8544 819.3930 195.3467 1.5796 1.6119 4.0801 9.9848 1.2927 42.3886 -9.4887 6.3470
96 24 Car -1 -1 -10 415.4826 177.7675 487.1701 204.1095 1.4077 1.6519 3.8278 -8.8713 1.6905 40.2440 -12.7899 3.4400
96 29 Car -1 -1 -10 924.7060 165.4892 1017.9206 193.0430 1.5218 1.6361 4.5402 20.5356 1.1154 41.2576 -9.1468 3.8241
96 31 Car -1 -1 -10 229.7567 182.3801 297.1943 209.8683 1.4699 1.5688 3.7548 -19.8603 2.0359 41.2589 -12.0716 2.9953
97 9 Car -1 -1 -10 798.6514 182.8279 1057.0492 330.3933 1.4027 1.5904 4.1233 3.6364 1.5594 9.2226 -14.1068 8.6548
97 18 Car -1 -1 -10 508.6981 175.1384 590.2148 207.8482 1.4933 1.6196 3.8808 -2.9419 1.6113 35.1845 -10.2453 4.6015
97 17 Car -1 -1 -10 733.4789 168.0923 809.8969 195.7123 1.5653 1.5973 4.0324 9.3087 1.2958 41.8418 -9.5026 6.7626
97 24 Car -1 -1 -10 424.1167 176.9148 494.7452 203.9503 1.4336 1.5389 3.7424 -8.3369 1.6645 39.7859 -9.6543 3.2575
97 29 Car -1 -1 -10 919.8607 167.7836 1008.9637 193.5445 1.4183 1.6103 4.2634 19.9939 1.1395 40.9243 -9.2304 4.1504
97 31 Car -1 -1 -10 230.7292 181.4040 296.2377 209.4278 1.4722 1.6138 3.6020 -19.5072 1.9720 40.5199 -12.0197 3.1754
98 9 Car -1 -1 -10 807.6239 183.7635 1092.7440 340.1616 1.3804 1.6350 4.1488 3.6626 1.5451 8.7629 -14.0995 7.6773
98 18 Car -1 -1 -10 491.4736 176.0646 577.0449 209.3904 1.4598 1.6404 3.9872 -3.5549 1.6208 34.0487 -10.2911 5.0839
98 17 Car -1 -1 -10 721.5293 167.7764 800.5380 196.0918 1.5768 1.6210 4.1160 8.5645 1.2944 41.2253 -9.5431 5.2300
98 24 Car -1 -1 -10 435.6332 176.4146 503.4669 204.6594 1.4834 1.6394 3.5061 -7.7381 1.6850 39.4966 -12.8528 2.7326
98 29 Car -1 -1 -10 909.9958 167.4414 1002.2096 193.6992 1.4343 1.6829 4.4044 19.3916 1.1390 40.6639 -9.2291 2.8113
98 31 Car -1 -1 -10 224.6532 181.0086 295.0118 211.3064 1.5678 1.5491 3.8716 -19.3749 2.0365 39.8207 -12.0599 2.9158
99 35 Car -1 -1 -10 574.2517 175.7557 600.2973 192.5389 1.4938 1.6258 3.5784 -2.0943 1.7705 66.7971 -13.9344 1.5568
99 9 Car -1 -1 -10 813.3375 186.4219 1133.5130 356.5394 1.3798 1.6188 4.1020 3.6384 1.5738 8.2365 -14.1277 6.7914
99 18 Car -1 -1 -10 474.9426 176.6068 564.8320 210.7116 1.4339 1.6383 4.0752 -4.0817 1.6163 32.8967 -10.3177 4.8636
99 17 Car -1 -1 -10 711.7323 167.9494 790.0399 198.3534 1.6648 1.6207 4.0150 7.8758 1.3966 40.6406 -9.5930 4.7484
99 29 Car -1 -1 -10 899.1810 167.0319 993.1826 194.7913 1.4974 1.6665 4.5312 18.6511 1.1837 40.2958 -9.1700 2.4595
99 31 Car -1 -1 -10 224.0655 180.2076 296.0231 211.1446 1.5744 1.5854 3.7879 -18.9959 1.9892 39.0685 -12.0739 3.4885
100 9 Car -1 -1 -10 819.3470 187.2037 1169.9673 372.2360 1.3853 1.6034 4.1464 3.5999 1.5822 7.8008 -14.1298 7.5741
100 18 Car -1 -1 -10 458.2031 175.7354 548.0361 212.5648 1.4932 1.6351 3.8990 -4.6581 1.6281 31.6307 -10.3671 6.2930
100 17 Car -1 -1 -10 701.1712 168.7159 780.4049 198.8998 1.6241 1.6551 3.9966 7.1993 1.4018 40.0337 -9.6274 5.6480
100 29 Car -1 -1 -10 892.6459 168.7640 988.1068 195.3112 1.4199 1.7331 4.5515 18.1687 1.2015 39.9517 -9.1949 4.6525
100 31 Car -1 -1 -10 221.1588 182.3980 294.7469 212.1175 1.4773 1.5119 3.8223 -18.7748 2.0057 38.3833 -12.1002 3.7165
101 9 Car -1 -1 -10 829.2396 186.8189 1216.6027 374.0000 1.4300 1.5968 4.1495 3.5742 1.6124 7.3177 -14.1237 7.6851
101 18 Car -1 -1 -10 439.7279 177.1623 535.2649 214.9334 1.4576 1.6733 4.0294 -5.1347 1.6527 30.4711 -10.4090 4.1285
101 17 Car -1 -1 -10 689.5134 169.4804 770.5743 200.1959 1.6230 1.6370 4.0466 6.4990 1.4451 39.3866 -9.6577 7.0532
101 29 Car -1 -1 -10 881.7481 169.9880 978.5353 196.7048 1.4184 1.6751 4.6130 17.4539 1.2666 39.6133 -12.3518 2.7519
101 31 Car -1 -1 -10 219.4356 180.2009 298.1384 211.7423 1.5494 1.6364 4.0053 -18.4715 1.9519 37.8490 -12.0920 3.3582
102 9 Car -1 -1 -10 838.6769 188.7505 1241.0000 374.0000 1.3978 1.6125 4.1498 3.5667 1.5962 6.8985 -14.1208 7.7464
102 18 Car -1 -1 -10 418.6833 179.5146 517.6693 216.9394 1.3611 1.6265 4.0814 -5.6864 1.6509 29.1819 -10.4615 4.6068
102 17 Car -1 -1 -10 678.3842 169.6874 759.2603 200.5800 1.6015 1.5608 4.0003 5.7879 1.4377 38.6927 -9.6975 6.5746
102 29 Car -1 -1 -10 875.7677 170.5082 972.9729 197.6499 1.4296 1.6209 4.6226 16.9947 1.3064 39.2837 -9.2112 4.1964
102 31 Car -1 -1 -10 221.0874 181.3089 299.6101 212.9040 1.5256 1.5978 3.7499 -18.0340 1.9786 37.1314 -12.1462 4.5673
103 9 Car -1 -1 -10 849.9548 188.8661 1241.0000 374.0000 1.4012 1.5830 4.1812 3.5450 1.5924 6.4875 -14.1125 7.3575
103 18 Car -1 -1 -10 399.4993 179.1486 500.8648 220.0324 1.4244 1.5524 4.0185 -6.1321 1.6870 27.9250 -10.4858 3.9790
103 17 Car -1 -1 -10 665.8612 169.6540 748.9225 200.7980 1.5860 1.5964 4.0454 5.0928 1.4234 38.0806 -9.7124 5.7291
103 24 Car -1 -1 -10 478.4287 178.6337 553.0755 206.6864 1.4151 1.6092 3.6275 -5.0693 1.7368 38.5718 -13.0388 3.4105
103 29 Car -1 -1 -10 868.5627 170.5308 965.4423 197.9632 1.4342 1.6517 4.5766 16.4672 1.3131 38.9836 -9.2251 5.2694
103 31 Car -1 -1 -10 218.7192 180.8661 301.7562 213.0271 1.5302 1.6485 3.8402 -17.7619 1.9532 36.5652 -12.1756 4.1790
103 36 Car -1 -1 -10 1123.3554 160.9591 1226.9510 194.1976 1.6139 1.7156 3.7217 28.2703 1.0367 36.2501 -9.2199 2.9289
104 9 Car -1 -1 -10 866.0021 190.2698 1241.0000 374.0000 1.3882 1.5976 4.1075 3.5674 1.5845 6.0402 -14.1097 7.5126
104 18 Car -1 -1 -10 373.8330 179.0777 483.8724 222.2131 1.4239 1.7042 4.1267 -6.6306 1.6737 26.6872 -10.5475 5.0399
104 17 Car -1 -1 -10 653.1115 169.6369 737.3737 202.4438 1.6363 1.6585 4.0212 4.3785 1.4762 37.4313 -9.7610 5.1202
104 24 Car -1 -1 -10 490.0363 177.1229 563.3805 205.6820 1.4462 1.5686 3.5642 -4.4774 1.6838 38.5472 -13.0717 4.5488
104 29 Car -1 -1 -10 858.4152 168.5662 959.0241 197.6169 1.5065 1.7829 4.7270 15.9095 1.2845 38.7355 -9.2351 6.1200
104 31 Car -1 -1 -10 218.3534 181.7245 305.5646 213.3649 1.4786 1.6621 3.9204 -17.3941 1.9394 35.9918 -12.2128 4.6166
105 9 Car -1 -1 -10 872.3558 190.9175 1241.0000 374.0000 1.4089 1.6258 4.1859 3.5612 1.6035 5.6564 -14.1287 6.6286
105 18 Car -1 -1 -10 348.6951 179.0085 463.9182 226.0679 1.4735 1.7645 3.9174 -7.0751 1.7080 25.2996 -10.5615 6.4207
105 17 Car -1 -1 -10 641.0072 170.1141 725.3503 203.9011 1.6482 1.6147 3.9764 3.6852 1.5149 36.6974 -9.8144 4.7073
105 24 Car -1 -1 -10 500.7881 177.5237 572.5669 205.4099 1.4099 1.5794 3.4721 -3.9441 1.6696 38.5311 -13.0779 4.1152
105 29 Car -1 -1 -10 850.0004 168.7376 949.3680 197.9876 1.5061 1.7309 4.6650 15.3074 1.2945 38.4357 -9.2368 5.8556
105 31 Car -1 -1 -10 220.5541 181.6469 307.7483 213.2064 1.4523 1.6366 3.8581 -17.0183 1.9020 35.4352 -12.2133 4.3397
106 9 Car -1 -1 -10 882.1677 192.0285 1241.0000 374.0000 1.4063 1.6421 4.2679 3.5620 1.6037 5.2778 -14.1369 6.0277
106 18 Car -1 -1 -10 323.3480 178.7890 446.9597 228.9796 1.4843 1.6965 4.1484 -7.4208 1.7014 24.1064 -10.6095 6.3212
106 17 Car -1 -1 -10 628.8384 169.2054 714.9000 204.9198 1.7067 1.6221 4.0010 3.0579 1.5327 36.0412 -9.8496 5.2783
106 24 Car -1 -1 -10 509.2803 176.0295 584.2172 204.9211 1.4650 1.6168 3.6546 -3.4055 1.6424 38.5851 -13.1130 4.4453
106 29 Car -1 -1 -10 841.7616 169.7782 940.2460 197.9721 1.4433 1.7176 4.5824 14.7310 1.2862 38.1248 -9.2752 5.9877
106 31 Car -1 -1 -10 224.9808 182.2102 311.3463 213.4520 1.4165 1.5470 3.7439 -16.5370 1.8859 34.8388 -12.2417 3.7660
107 9 Car -1 -1 -10 900.3774 193.2334 1241.0000 374.0000 1.3940 1.6368 3.9026 3.5526 1.5917 5.0238 -14.1259 5.8260
107 18 Car -1 -1 -10 297.0417 179.6361 429.2378 231.7527 1.4424 1.7159 4.1992 -7.7004 1.6786 22.8224 -10.6525 6.4934
107 17 Car -1 -1 -10 617.1641 169.2083 704.5433 205.4727 1.6936 1.6079 4.0038 2.4608 1.5237 35.3066 -9.8871 5.0063
107 24 Car -1 -1 -10 521.0804 175.3510 594.3512 203.7294 1.4416 1.5691 3.5952 -2.8155 1.5811 38.5715 -9.9973 3.8930
107 29 Car -1 -1 -10 834.0560 170.0940 932.9748 198.4365 1.4403 1.7168 4.5891 14.2300 1.3004 37.8470 -9.2789 5.4351
107 31 Car -1 -1 -10 227.1019 181.7886 314.8874 213.4565 1.4242 1.5447 3.7092 -16.2081 1.8668 34.4386 -12.2746 4.4570
108 9 Car -1 -1 -10 915.0349 193.0705 1241.0000 374.0000 1.4231 1.5838 3.7588 3.5394 1.6092 4.7466 -14.1378 5.0133
108 18 Car -1 -1 -10 266.9516 180.2673 405.5038 236.1668 1.4451 1.6855 4.0619 -8.0151 1.6881 21.4226 -10.6859 6.8446
108 17 Car -1 -1 -10 604.5260 170.4908 692.6240 205.4119 1.5953 1.5656 3.9870 1.8267 1.4877 34.5950 -9.9197 6.4011
108 24 Car -1 -1 -10 531.5858 174.0367 602.0769 202.3592 1.4461 1.6085 3.4239 -2.3314 1.5124 38.6005 -13.1627 4.3367
108 29 Car -1 -1 -10 826.2306 169.9937 924.5447 198.3276 1.4300 1.6904 4.5388 13.6961 1.2860 37.5442 -9.2953 6.2364
108 31 Car -1 -1 -10 228.1461 181.6878 321.9600 214.0839 1.4378 1.6349 3.8660 -15.8134 1.8705 34.0181 -12.3029 3.0250
109 9 Car -1 -1 -10 928.1695 199.3181 1241.0000 374.0000 1.3901 1.6467 4.1133 3.5691 1.6245 4.3169 -14.1313 5.2521
109 18 Car -1 -1 -10 233.5896 182.6021 380.9625 241.0958 1.3933 1.6785 3.9686 -8.2811 1.6932 20.0325 -10.7251 6.6424
109 17 Car -1 -1 -10 590.9934 169.3964 681.5307 206.9891 1.6728 1.5815 4.0469 1.2169 1.5193 33.8387 -9.9769 5.2289
109 24 Car -1 -1 -10 541.0108 175.8326 614.0309 203.7431 1.4174 1.6160 3.6683 -1.7569 1.5852 38.7877 -13.2341 2.0616
109 29 Car -1 -1 -10 818.4624 169.6772 913.5924 199.2372 1.4819 1.6632 4.3439 13.0940 1.3230 37.1938 -9.3343 6.9013
109 31 Car -1 -1 -10 231.3037 180.3239 321.8011 214.9528 1.5338 1.6203 3.6103 -15.5867 1.8955 33.6893 -9.1880 2.3170
109 36 Car -1 -1 -10 1082.0020 160.8894 1183.5686 198.2940 1.7459 1.6740 3.5956 25.0767 1.1878 34.7669 -9.2779 1.7422
110 9 Car -1 -1 -10 947.1596 199.3330 1241.0000 374.0000 1.4082 1.6351 3.8176 3.5266 1.6278 4.0516 -14.1234 4.9778
110 18 Car -1 -1 -10 197.0150 181.2450 357.9130 246.0301 1.4371 1.6439 4.0735 -8.4836 1.6806 18.7349 -10.7672 7.4613
110 17 Car -1 -1 -10 576.2351 171.4525 670.7797 209.1642 1.6376 1.7250 4.0712 0.6054 1.5771 33.1533 -9.9942 5.3567
110 24 Car -1 -1 -10 551.0115 175.0619 619.3593 204.1736 1.4843 1.6200 3.9279 -1.3307 1.6108 39.1598 -10.3600 1.4856
110 29 Car -1 -1 -10 809.0183 170.4791 906.8335 199.7069 1.4566 1.6710 4.4394 12.5776 1.3386 36.8958 -9.3773 6.4021
111 9 Car -1 -1 -10 963.3549 197.8507 1241.0000 374.0000 1.4144 1.6483 4.0954 3.4934 1.6137 3.6593 -14.0952 4.4282
111 18 Car -1 -1 -10 154.2055 182.4854 328.8042 252.4535 1.4173 1.6035 4.0033 -8.6745 1.6771 17.3148 -10.8019 7.6415
111 17 Car -1 -1 -10 564.5913 171.6675 658.8100 210.1847 1.6282 1.6381 4.0349 0.0703 1.5784 32.3464 -10.0530 6.9344
111 29 Car -1 -1 -10 799.8553 170.5467 899.9292 199.5243 1.4337 1.6546 4.5300 12.0660 1.3199 36.5876 -9.3963 7.0097
111 31 Car -1 -1 -10 245.5646 178.3270 340.9854 213.5234 1.5473 1.5534 3.6856 -14.4408 1.8041 32.9019 -12.4965 2.4275
112 9 Car -1 -1 -10 988.9183 214.1632 1241.0000 374.0000 1.3678 1.6389 4.2348 3.5187 1.6784 3.2661 -10.9534 3.1601
112 18 Car -1 -1 -10 106.1014 184.8009 299.7388 259.9500 1.3814 1.6857 3.9036 -8.8205 1.6803 15.9712 -10.8441 7.1295
112 17 Car -1 -1 -10 549.6491 172.4905 646.4112 210.6804 1.5717 1.6689 4.0278 -0.5273 1.5571 31.5746 -10.0743 6.2400
112 29 Car -1 -1 -10 789.9971 170.0687 892.3028 199.5800 1.4458 1.7434 4.5801 11.5317 1.3097 36.2884 -9.4557 6.5275
112 31 Car -1 -1 -10 241.0402 179.2527 347.5058 213.7832 1.5047 1.5551 4.1683 -14.2926 1.8029 32.6785 -12.5048 4.5427
113 9 Car -1 -1 -10 1001.7598 201.6009 1241.0000 374.0000 1.4100 1.6092 4.0052 3.4943 1.6183 3.1810 -14.0939 3.0060
113 18 Car -1 -1 -10 47.3948 185.7258 265.9813 269.4076 1.3809 1.6286 3.9341 -8.9355 1.6781 14.5859 -10.8745 6.7114
113 17 Car -1 -1 -10 534.2502 172.7025 633.2564 211.2348 1.5403 1.6167 4.0850 -1.1133 1.5346 30.7687 -10.1195 6.8581
113 29 Car -1 -1 -10 780.4583 170.3539 883.8269 200.3507 1.4537 1.7098 4.6114 10.9684 1.3329 35.9214 -9.4695 4.5526
113 31 Car -1 -1 -10 252.9991 178.2216 353.5193 214.3757 1.5728 1.5691 3.8574 -13.7850 1.8207 32.4516 -12.5471 4.7068
114 9 Car -1 -1 -10 1026.7400 202.1754 1241.0000 374.0000 1.4084 1.6272 4.0213 3.5079 1.6103 2.9039 -14.0814 3.5569
114 18 Car -1 -1 -10 0.0000 186.9079 230.0946 282.7349 1.4052 1.6160 3.9738 -9.0330 1.7037 13.2432 -10.8902 7.8576
114 17 Car -1 -1 -10 519.5315 172.4359 620.0909 212.2998 1.5501 1.6331 4.0423 -1.6617 1.5342 30.0103 -10.1547 6.0469
114 24 Car -1 -1 -10 591.3142 174.7800 655.9310 202.0158 1.4178 1.5936 3.5046 0.7445 1.5288 39.6305 -13.3719 3.5991
114 29 Car -1 -1 -10 769.2590 170.2964 872.4129 201.3292 1.4834 1.7133 4.5705 10.3092 1.3615 35.5627 -9.5224 5.8266
114 31 Car -1 -1 -10 261.1943 178.5989 361.1416 214.6951 1.5588 1.6012 3.8151 -13.3570 1.8232 32.2957 -12.5999 5.2402
115 9 Car -1 -1 -10 1045.1061 201.6207 1241.0000 374.0000 1.4094 1.6234 4.0805 3.4262 1.5952 2.5602 -14.0726 2.8531
115 18 Car -1 -1 -10 0.0000 187.4500 186.1703 296.0863 1.4005 1.6080 3.9877 -9.0986 1.6826 11.8859 -10.9349 8.0283
115 17 Car -1 -1 -10 504.4966 172.6374 607.5901 214.1991 1.5656 1.6701 4.0319 -2.1665 1.5578 29.1840 -10.1995 6.5111
115 24 Car -1 -1 -10 602.7732 175.6156 663.8521 202.8399 1.4285 1.5407 3.3770 1.2862 1.5886 39.9743 -13.3861 6.3044
115 29 Car -1 -1 -10 759.3073 172.0655 859.8843 202.3505 1.4311 1.6297 4.4438 9.6609 1.3942 35.1906 -9.5555 5.5629
115 31 Car -1 -1 -10 268.4499 178.3427 369.4192 215.2168 1.5793 1.6010 3.8707 -12.9388 1.8314 32.1376 -12.6468 5.2117
115 36 Car -1 -1 -10 1030.0095 163.4145 1136.8951 199.9141 1.6598 1.6643 3.8594 22.1486 1.2309 33.9387 -9.2642 3.2966
116 18 Car -1 -1 -10 0.0000 186.8240 129.8768 313.0093 1.4355 1.5593 3.7694 -9.1313 1.6767 10.5319 -10.9692 5.6000
116 17 Car -1 -1 -10 487.9015 172.3364 592.9401 216.1955 1.5980 1.6548 4.0074 -2.7081 1.5795 28.3128 -10.2408 6.5608
116 24 Car -1 -1 -10 611.6577 176.1360 669.9940 202.4874 1.3897 1.5404 3.3208 1.7157 1.5812 40.2538 -10.2930 5.1358
116 29 Car -1 -1 -10 748.4735 170.8106 849.9580 203.5005 1.5271 1.6271 4.4560 9.0608 1.4320 34.8267 -9.5679 5.3789
116 31 Car -1 -1 -10 277.4189 178.6151 376.7765 215.0278 1.5439 1.6210 3.8507 -12.5280 1.8089 32.0404 -12.7233 6.1040
116 36 Car -1 -1 -10 1017.9543 163.9014 1128.7145 199.2862 1.5907 1.6189 4.0515 21.5182 1.1886 33.7221 -9.1730 4.8937
117 18 Car -1 -1 -10 0.0000 190.9830 64.4207 346.8693 1.3994 1.6033 4.0296 -9.1138 1.6777 9.0058 -11.0474 3.9571
117 17 Car -1 -1 -10 471.5108 172.4319 579.8155 217.7625 1.5955 1.6470 4.0787 -3.1785 1.5810 27.4838 -10.2961 6.1872
117 24 Car -1 -1 -10 620.2071 175.2979 678.4907 202.0791 1.4278 1.5345 3.4489 2.2143 1.5719 40.6167 -10.3082 5.1728
117 29 Car -1 -1 -10 737.0850 171.5760 838.7291 203.6491 1.4771 1.6917 4.4222 8.4428 1.4186 34.5043 -9.6293 6.5563
117 31 Car -1 -1 -10 287.7877 177.5010 385.9791 214.6259 1.5696 1.5826 3.8765 -12.0647 1.7835 31.9758 -12.7763 5.6605
117 36 Car -1 -1 -10 1007.0963 164.4960 1106.3391 200.5499 1.6304 1.6525 3.5949 20.7925 1.2528 33.7719 -9.2379 3.2546
118 17 Car -1 -1 -10 455.0915 172.0548 564.3853 219.2935 1.6053 1.6480 3.9751 -3.6583 1.5785 26.5942 -10.3387 7.1718
118 24 Car -1 -1 -10 629.9530 175.1134 684.9281 201.6022 1.4301 1.5227 3.4889 2.7072 1.5651 41.1326 -13.5184 4.7120
118 29 Car -1 -1 -10 723.6313 172.2491 828.4656 203.9268 1.4380 1.6773 4.5474 7.7800 1.4109 34.0728 -9.6482 5.3546
118 31 Car -1 -1 -10 300.8716 177.5666 390.5207 214.3113 1.5459 1.5357 3.6317 -11.6564 1.7629 31.9200 -12.8510 4.4115
118 36 Car -1 -1 -10 994.0697 164.5509 1097.0959 200.4448 1.6153 1.6514 3.7871 20.2094 1.2420 33.6826 -9.2074 5.1748
119 17 Car -1 -1 -10 437.9622 172.0347 549.7381 221.8582 1.6333 1.6164 3.9592 -4.0984 1.6068 25.7300 -10.3731 7.3282
119 24 Car -1 -1 -10 636.0372 173.5902 691.8837 200.9309 1.4978 1.5880 3.5727 3.1111 1.5425 41.5439 -13.5185 4.6893
119 29 Car -1 -1 -10 713.6978 171.1287 816.6181 204.2982 1.4834 1.6651 4.4232 7.1821 1.4066 33.6521 -9.6917 4.8908
119 31 Car -1 -1 -10 311.0284 176.4675 401.7693 213.0581 1.5349 1.5988 3.7084 -11.2668 1.7025 31.9688 -12.9417 3.0506
119 36 Car -1 -1 -10 983.9607 164.5283 1080.9789 200.8185 1.6322 1.5981 3.5847 19.5701 1.2581 33.6230 -9.2031 1.6326
120 17 Car -1 -1 -10 420.2130 171.8177 534.1818 222.4632 1.5960 1.6119 3.9104 -4.5174 1.5637 24.8144 -10.4209 7.1794
120 24 Car -1 -1 -10 645.2243 174.3920 697.1007 199.6878 1.4044 1.5381 3.3754 3.5691 1.4984 42.1031 -13.5300 3.3584
120 40 Car -1 -1 -10 566.8921 175.0376 592.1107 194.2624 1.5323 1.6195 4.0672 -2.5282 1.7208 60.0733 -10.9164 1.6946
120 29 Car -1 -1 -10 701.8324 171.6005 806.8263 204.2311 1.4410 1.7186 4.4750 6.6159 1.3860 33.3323 -9.7190 6.4363
120 31 Car -1 -1 -10 320.6656 176.1383 407.3037 214.5748 1.6145 1.6318 3.4853 -10.9635 1.7674 32.0335 -13.0030 3.9062
120 36 Car -1 -1 -10 970.8151 165.8578 1071.6546 201.6322 1.6054 1.6247 3.7593 19.0092 1.2918 33.5648 -12.3554 1.3838
121 17 Car -1 -1 -10 398.1390 171.7026 520.4394 225.8389 1.6343 1.6886 4.0406 -4.9372 1.5999 23.9476 -10.4594 7.3207
121 24 Car -1 -1 -10 651.8932 172.0107 699.7991 198.5880 1.4987 1.5671 3.4629 3.8901 1.4515 42.5799 -10.4948 1.7143
121 40 Car -1 -1 -10 566.9910 174.7347 593.1039 194.3133 1.5546 1.6339 4.1443 -2.4714 1.7165 59.8376 -10.9048 1.1622
121 29 Car -1 -1 -10 688.4769 171.6123 794.3856 205.3549 1.4663 1.6886 4.4938 5.9435 1.4127 32.8750 -9.7527 6.3209
121 31 Car -1 -1 -10 326.8659 176.3435 414.4938 214.1955 1.5844 1.5922 3.4199 -10.6641 1.7475 32.0690 -13.1224 4.6992
121 36 Car -1 -1 -10 958.1979 166.3800 1057.3723 201.1825 1.5625 1.6559 3.7043 18.3764 1.2722 33.5452 -12.3819 2.7972
122 17 Car -1 -1 -10 381.1215 172.0464 502.8635 228.2921 1.6338 1.6152 3.8878 -5.3019 1.6107 23.0498 -10.4979 6.5663
122 24 Car -1 -1 -10 659.5109 171.8263 706.6616 198.5768 1.5320 1.5775 3.4646 4.3815 1.4735 43.2173 -13.6327 1.9212
122 29 Car -1 -1 -10 675.7406 171.4229 783.6596 205.7744 1.4704 1.7015 4.5466 5.3466 1.4095 32.4704 -9.7799 5.6396
122 31 Car -1 -1 -10 336.2351 175.9440 424.2329 214.0105 1.6022 1.5603 3.4547 -10.2842 1.7474 32.2221 -13.1437 3.9004
122 36 Car -1 -1 -10 944.9780 164.5297 1044.8627 200.6891 1.6218 1.6590 3.7679 17.7629 1.2488 33.5182 -9.2415 2.6373
123 17 Car -1 -1 -10 356.0335 172.0491 487.3777 232.6586 1.6760 1.6381 4.0069 -5.6879 1.6541 22.1055 -10.5193 6.1540
123 24 Car -1 -1 -10 664.1223 172.3872 708.8030 196.8093 1.4210 1.5340 3.4656 4.6528 1.3942 43.8709 -13.6542 1.3676
123 40 Car -1 -1 -10 564.9213 174.3419 593.5306 193.9178 1.5481 1.6430 4.1766 -2.5255 1.6758 59.5702 -10.8587 1.1744
123 29 Car -1 -1 -10 661.7506 171.5920 769.0554 206.9680 1.4901 1.6949 4.4614 4.6383 1.4373 32.0041 -9.8048 6.4090
123 31 Car -1 -1 -10 344.0610 177.3327 434.3242 214.4322 1.5575 1.6369 3.5263 -9.9474 1.7704 32.4762 -13.2667 3.7899
124 17 Car -1 -1 -10 331.7234 173.2047 470.2759 235.9096 1.6541 1.7077 3.9298 -6.0540 1.6658 21.1946 -10.5373 6.9058
124 29 Car -1 -1 -10 649.2254 172.3536 758.2217 208.1128 1.4833 1.7112 4.5035 4.0769 1.4629 31.6206 -9.8415 6.0395
125 17 Car -1 -1 -10 305.4712 174.5957 450.3725 239.0363 1.6016 1.6115 4.0287 -6.3973 1.6560 20.2162 -10.5872 7.3126
125 29 Car -1 -1 -10 633.4564 172.1809 743.6274 208.8895 1.4920 1.6639 4.4983 3.3516 1.4650 31.0267 -9.8602 5.9172
125 36 Car -1 -1 -10 908.1136 165.9510 1009.4556 200.1017 1.5275 1.6419 3.9219 16.0314 1.2191 33.4087 -9.2562 2.6693
126 17 Car -1 -1 -10 280.3060 174.9932 431.4765 243.3985 1.6087 1.6281 3.9413 -6.6602 1.6724 19.2308 -10.6248 7.4846
126 40 Car -1 -1 -10 566.4461 174.4096 592.3841 193.9559 1.5338 1.6243 4.1682 -2.4929 1.6662 59.1006 -10.9145 1.1813
126 29 Car -1 -1 -10 619.4854 171.7739 733.3872 208.9930 1.4871 1.7211 4.5941 2.7981 1.4443 30.6185 -9.8855 6.4430
126 31 Car -1 -1 -10 366.8790 177.6624 450.2994 213.1295 1.5110 1.5786 3.4196 -9.2214 1.7440 33.0708 -13.4806 3.0124
126 36 Car -1 -1 -10 894.7872 164.5623 991.7235 201.1133 1.6392 1.6193 3.7518 15.3084 1.2677 33.3755 -9.3098 1.8492
127 17 Car -1 -1 -10 249.4082 174.1917 409.5723 248.6251 1.6555 1.6497 3.9114 -6.9639 1.6936 18.2382 -10.6694 7.2710
127 29 Car -1 -1 -10 604.6915 173.4509 719.8310 209.7858 1.4199 1.7116 4.5973 2.1672 1.4467 30.1063 -9.9240 6.6202
127 31 Car -1 -1 -10 371.3980 176.8542 455.3948 213.5729 1.5791 1.5385 3.5929 -9.0692 1.7750 33.3559 -13.5245 4.0561
127 36 Car -1 -1 -10 883.3289 166.8268 976.0104 203.1963 1.6308 1.6273 3.5729 14.6551 1.3609 33.3030 -12.4874 1.9078
128 17 Car -1 -1 -10 218.9214 175.9148 384.3452 252.8601 1.6009 1.5950 3.7489 -7.2198 1.6828 17.1951 -10.7036 6.0039
128 40 Car -1 -1 -10 518.8789 176.5943 548.6044 195.5091 1.4895 1.6709 4.1308 -6.3025 1.8109 59.7949 -10.9025 1.5845
128 29 Car -1 -1 -10 589.1837 173.3454 704.5214 212.1833 1.4879 1.7248 4.5267 1.5026 1.5097 29.5854 -9.9610 5.8252
128 31 Car -1 -1 -10 378.8669 176.5486 456.9496 212.5819 1.5669 1.5428 3.4246 -8.9326 1.7490 33.6236 -13.6080 4.6466
128 36 Car -1 -1 -10 868.9654 168.1524 960.8648 204.1406 1.6140 1.6235 3.5645 13.9631 1.4035 33.2701 -12.5086 1.3357
129 17 Car -1 -1 -10 182.0755 176.2595 365.0467 258.4311 1.5900 1.6210 3.8479 -7.3969 1.6766 16.2001 -10.7282 8.0832
129 24 Car -1 -1 -10 692.8412 172.9064 724.2080 195.7035 1.4597 1.5449 3.6210 6.5793 1.4637 48.1618 -13.8491 1.2822
129 29 Car -1 -1 -10 574.8311 175.1874 692.6456 212.7339 1.4018 1.7111 4.5638 0.9536 1.5025 29.1001 -9.9767 6.1806
129 31 Car -1 -1 -10 387.0905 176.6173 461.2007 211.8427 1.5505 1.5610 3.3449 -8.7380 1.7378 33.9955 -13.6667 5.6356
129 36 Car -1 -1 -10 854.6786 165.5600 954.7930 202.2761 1.6433 1.6883 3.9168 13.4535 1.3172 33.1805 -9.4015 2.2098
130 17 Car -1 -1 -10 141.7595 176.6377 339.7651 265.1277 1.5910 1.6376 3.8070 -7.5941 1.6817 15.1849 -10.7648 7.9600
130 40 Car -1 -1 -10 518.6215 177.6991 553.9178 196.8256 1.4946 1.6532 3.7656 -6.0590 1.9078 59.4443 -10.7302 1.2075
130 29 Car -1 -1 -10 559.0542 174.8292 676.8406 212.9289 1.3934 1.6782 4.4960 0.3168 1.4772 28.5334 -10.0134 5.4567
130 31 Car -1 -1 -10 392.4418 176.3948 464.5492 211.6287 1.5629 1.5523 3.4822 -8.6003 1.7409 34.2917 -13.7433 5.4257
130 42 Car -1 -1 -10 563.2247 174.6441 595.0480 194.3701 1.5340 1.6836 4.1301 -2.4934 1.6854 58.6913 -10.8062 1.3301
130 36 Car -1 -1 -10 843.2546 165.5175 937.3731 203.2403 1.6832 1.6771 3.6628 12.7464 1.3562 33.0536 -9.4124 2.2394
131 17 Car -1 -1 -10 95.2434 178.2618 314.4161 274.4251 1.5795 1.6366 3.8517 -7.7223 1.7011 14.1265 -10.8014 7.2931
131 24 Car -1 -1 -10 699.0197 173.3737 725.1545 195.8151 1.4857 1.6053 3.7431 7.0542 1.5234 49.8474 -13.9468 1.5417
131 40 Car -1 -1 -10 518.9181 176.6630 556.3912 196.2005 1.5285 1.6822 3.8300 -5.9327 1.8531 59.3377 -10.6859 1.3542
131 29 Car -1 -1 -10 543.2648 175.3777 663.4596 215.5850 1.4358 1.6470 4.5328 -0.2474 1.5410 27.9921 -10.0398 6.4392
131 31 Car -1 -1 -10 397.9546 176.6383 465.1129 211.6241 1.5688 1.5601 3.4290 -8.5394 1.7606 34.6276 -13.8257 5.9905
131 36 Car -1 -1 -10 829.4825 166.3045 919.1628 203.4633 1.6570 1.5939 3.5127 11.9952 1.3653 32.9826 -12.5740 2.8541
132 17 Car -1 -1 -10 36.4348 178.9509 283.5901 283.9775 1.5663 1.6276 3.8760 -7.8846 1.6942 13.0434 -10.8254 7.5128
132 29 Car -1 -1 -10 528.5622 175.3270 648.2661 216.3577 1.4348 1.6340 4.4147 -0.8088 1.5360 27.4430 -10.0668 7.8465
132 31 Car -1 -1 -10 402.4684 177.0510 465.5775 211.2436 1.5465 1.5475 3.4701 -8.4999 1.7611 34.9598 -13.8974 5.4571
132 36 Car -1 -1 -10 815.8062 166.4157 910.7756 204.1957 1.6739 1.6553 3.7335 11.4362 1.3890 32.8356 -9.4473 1.9250
133 17 Car -1 -1 -10 0.0000 179.4837 250.8783 297.6885 1.6064 1.5767 3.8449 -7.9828 1.7359 12.0405 -10.8590 7.6761
133 24 Car -1 -1 -10 693.6694 172.2741 727.6535 195.4618 1.5976 1.6659 3.9870 7.1458 1.5580 51.7484 -11.0533 1.2303
133 40 Car -1 -1 -10 518.3989 177.3803 548.1741 197.4399 1.5637 1.7023 3.6694 -6.2630 1.9463 59.0181 -10.8933 1.4996
133 29 Car -1 -1 -10 510.5548 175.6624 635.8738 217.5759 1.4238 1.6851 4.5726 -1.3441 1.5371 26.9025 -10.1201 7.1153
133 31 Car -1 -1 -10 406.3284 177.3471 465.3245 211.0590 1.5440 1.5897 3.4834 -8.5148 1.7762 35.3822 -13.9765 5.4449
133 36 Car -1 -1 -10 802.0962 165.9021 895.6355 204.4540 1.6967 1.6075 3.6874 10.7358 1.3911 32.6797 -9.4927 1.9112
134 17 Car -1 -1 -10 0.0000 180.6643 213.2165 312.0871 1.5899 1.6133 3.8273 -8.1102 1.7306 10.9631 -10.8705 7.0823
134 24 Car -1 -1 -10 701.9385 170.8686 728.0511 193.5577 1.5926 1.6133 3.8132 7.5919 1.4536 52.6040 -10.9226 1.1958
134 29 Car -1 -1 -10 494.4797 175.5201 623.0309 218.5411 1.4240 1.6732 4.6072 -1.8317 1.5295 26.2999 -10.1490 5.9070
134 31 Car -1 -1 -10 411.1502 177.1010 463.1688 209.6917 1.5113 1.5609 3.5253 -8.5358 1.7326 35.7302 -14.0811 4.5499
134 36 Car -1 -1 -10 789.9175 165.3585 880.6250 204.3031 1.7045 1.6055 3.5660 10.1001 1.3768 32.5920 -9.5475 1.7992
135 17 Car -1 -1 -10 0.0000 181.2210 169.7508 331.4333 1.5279 1.6176 4.1861 -8.2049 1.6661 9.7303 -10.9110 5.6291
135 29 Car -1 -1 -10 475.5271 175.3077 605.6380 220.6294 1.4636 1.6903 4.5055 -2.4333 1.5586 25.6795 -10.1698 6.7461
135 31 Car -1 -1 -10 413.2553 176.7207 459.8710 209.3480 1.5308 1.6192 3.9675 -8.7127 1.7369 36.3602 -14.1977 2.5054
135 36 Car -1 -1 -10 775.9189 167.0546 866.0784 204.7154 1.6362 1.5773 3.5493 9.3984 1.3846 32.3846 -9.5715 1.2381
136 17 Car -1 -1 -10 0.0000 183.8824 114.8983 357.9696 1.5571 1.6468 3.8675 -8.2603 1.7207 8.6901 -10.9245 4.8416
136 24 Car -1 -1 -10 707.6752 175.0422 729.8336 195.1525 1.4507 1.5968 3.6675 8.1685 1.6219 54.3990 -13.9885 1.2337
136 29 Car -1 -1 -10 456.6266 176.2019 591.1794 223.2722 1.4659 1.7302 4.5533 -2.9349 1.5927 25.0165 -10.2199 8.4749
136 31 Car -1 -1 -10 416.1134 178.4711 455.3846 211.1362 1.5351 1.6300 3.8134 -8.8239 1.8361 36.6064 -14.2915 4.4520
137 17 Car -1 -1 -10 0.0000 189.2098 58.7722 374.0000 1.5054 1.5758 3.7172 -8.3380 1.7264 7.8044 -10.8981 2.3175
137 24 Car -1 -1 -10 705.5014 175.6561 728.2549 195.4191 1.4471 1.5585 3.6195 8.1275 1.6693 55.2426 -14.0355 1.2587
137 29 Car -1 -1 -10 440.1327 177.2973 575.6569 226.4846 1.4868 1.6885 4.4685 -3.4013 1.6511 24.4127 -10.2416 7.3045
137 31 Car -1 -1 -10 416.0392 178.8102 451.0216 212.2090 1.5793 1.6286 3.9661 -9.1290 1.9027 37.0029 -14.4055 3.2140
137 42 Car -1 -1 -10 565.9126 176.4429 593.0029 196.3980 1.5249 1.6518 4.1627 -2.4443 1.8247 58.0529 -10.9072 1.7814
138 24 Car -1 -1 -10 707.7538 175.4060 730.2531 195.0691 1.4631 1.6030 3.7860 8.4941 1.6694 56.2152 -13.9520 1.5233
138 29 Car -1 -1 -10 419.2644 177.3292 560.3977 227.5728 1.4690 1.6966 4.5273 -3.8909 1.6307 23.7529 -10.2713 7.4092
138 31 Car -1 -1 -10 414.9558 178.8609 452.2814 211.3536 1.5504 1.6424 3.9513 -9.2089 1.8794 37.3432 -14.4365 3.2896
138 42 Car -1 -1 -10 564.1044 175.8616 591.1282 196.0937 1.5464 1.7009 4.1858 -2.5867 1.7972 57.9323 -10.9254 1.8751
138 36 Car -1 -1 -10 732.0816 165.7387 831.9431 208.2278 1.7912 1.6357 3.9396 7.4758 1.4916 31.6354 -9.6405 1.5363
139 29 Car -1 -1 -10 400.8054 177.5635 544.8120 230.1083 1.4887 1.6508 4.4856 -4.3185 1.6544 23.0855 -10.2911 8.0031
139 31 Car -1 -1 -10 410.6852 177.8063 449.5085 207.4144 1.4311 1.5870 3.8965 -9.4739 1.7045 37.6774 -14.4808 3.4275
139 42 Car -1 -1 -10 564.4282 176.4804 588.7770 196.2649 1.5063 1.6212 3.9852 -2.6621 1.8068 57.6941 -10.9585 1.4459
139 36 Car -1 -1 -10 716.9669 165.4349 815.3349 208.3731 1.7910 1.6257 3.8497 6.7162 1.4819 31.3286 -9.6577 2.3474
140 40 Car -1 -1 -10 518.2285 178.7478 558.5296 198.1198 1.4712 1.6082 4.0323 -5.7654 1.9654 58.2851 -10.6309 1.3219
140 29 Car -1 -1 -10 380.8304 179.7604 527.4878 232.2161 1.4239 1.6460 4.4293 -4.7650 1.6605 22.4272 -10.3314 7.2460
140 31 Car -1 -1 -10 404.8474 177.3535 445.4122 207.4445 1.4707 1.5330 3.5364 -9.7510 1.7186 37.7660 -14.5414 2.6145
140 42 Car -1 -1 -10 562.1905 176.3346 592.7625 196.3401 1.5189 1.6637 4.1542 -2.5855 1.8082 57.7169 -10.8434 1.7374
141 29 Car -1 -1 -10 357.0145 180.3485 511.1372 235.4054 1.4321 1.6997 4.4776 -5.1992 1.6820 21.7087 -10.3717 6.6031
141 42 Car -1 -1 -10 560.5300 176.1112 593.6662 196.9245 1.5789 1.7380 4.3923 -2.6128 1.8505 57.7706 -10.8216 2.4888
141 36 Car -1 -1 -10 684.4783 168.6962 780.6985 211.0697 1.7219 1.6275 3.6950 5.1528 1.5533 30.6528 -9.7324 2.9698
142 40 Car -1 -1 -10 517.2274 178.5706 550.9256 197.6867 1.4529 1.6124 4.0410 -6.1110 1.9317 58.2496 -10.8083 1.2979
142 29 Car -1 -1 -10 335.4997 179.4856 492.8273 237.8110 1.4731 1.6497 4.3916 -5.6054 1.6875 21.0119 -10.3885 7.2500
142 42 Car -1 -1 -10 560.4480 176.5948 594.0733 196.6499 1.5130 1.6677 4.2891 -2.5911 1.8235 57.5483 -10.7897 1.4935
142 36 Car -1 -1 -10 669.3535 167.6428 765.4950 211.5195 1.7560 1.6272 3.6535 4.4545 1.5478 30.2596 -9.7712 2.2222
143 29 Car -1 -1 -10 308.6014 179.4801 476.0206 239.5527 1.4534 1.6890 4.5085 -6.0135 1.6621 20.3290 -10.4289 6.4177
143 42 Car -1 -1 -10 562.6809 176.7604 591.8410 196.8289 1.5121 1.6637 4.1960 -2.5889 1.8350 57.3924 -10.8787 1.4396
143 36 Car -1 -1 -10 652.8791 167.4372 752.3424 213.0852 1.7980 1.6065 3.7829 3.7905 1.5850 29.8720 -9.8096 2.4698
144 40 Car -1 -1 -10 517.2165 178.4153 549.9916 197.6555 1.4591 1.5973 3.9943 -6.1278 1.9230 58.0353 -10.8255 1.1723
144 29 Car -1 -1 -10 278.4119 179.3260 456.8387 243.7457 1.4901 1.6959 4.5530 -6.4310 1.6872 19.5486 -10.4427 6.2590
144 42 Car -1 -1 -10 561.9379 175.9133 589.9368 196.3438 1.5480 1.6843 4.0779 -2.6970 1.8007 57.4051 -10.9052 1.6380
144 36 Car -1 -1 -10 637.2439 166.1644 737.5948 213.1363 1.8190 1.6191 3.7790 3.1236 1.5603 29.4639 -9.8558 3.9000
145 40 Car -1 -1 -10 515.4939 178.3243 548.2211 197.6716 1.4630 1.6317 4.0912 -6.2537 1.9187 57.9140 -10.8476 1.5932
145 29 Car -1 -1 -10 251.7154 180.3518 438.0646 247.9189 1.4852 1.6430 4.6318 -6.7534 1.7064 18.8228 -10.4969 7.4946
145 31 Car -1 -1 -10 377.1756 177.7405 432.0841 207.8026 1.5404 1.6073 3.6221 -11.3158 1.8213 39.5068 -14.8144 1.6316
145 42 Car -1 -1 -10 562.1698 176.0239 589.3384 196.5733 1.5533 1.6600 4.0693 -2.7065 1.8145 57.2764 -10.9174 1.8559
145 36 Car -1 -1 -10 621.5406 166.5843 724.1881 214.2284 1.8113 1.6292 3.8206 2.4934 1.5733 29.0047 -9.8837 1.2558
146 40 Car -1 -1 -10 515.8222 178.3764 557.6167 197.7716 1.4614 1.6028 3.9432 -5.8422 1.9197 57.7032 -10.5855 1.2950
146 29 Car -1 -1 -10 219.1264 180.4425 417.2974 251.7684 1.4898 1.6739 4.6219 -7.1094 1.7054 18.0251 -10.5214 7.5672
146 31 Car -1 -1 -10 368.8239 179.3266 426.0749 209.4041 1.5445 1.6174 3.7054 -11.7953 1.9192 39.8023 -14.8588 2.3234
146 42 Car -1 -1 -10 559.2136 176.0237 593.5055 196.8107 1.5649 1.6860 4.3519 -2.6510 1.8272 57.3216 -10.7886 2.9331
147 29 Car -1 -1 -10 187.5421 183.1586 389.9406 256.6310 1.4439 1.6321 4.3599 -7.4597 1.7222 17.1429 -10.5376 6.9199
147 31 Car -1 -1 -10 355.9562 179.0548 419.4008 208.5303 1.5290 1.6033 3.6453 -12.3675 1.8879 39.9449 -8.7409 2.8349
147 42 Car -1 -1 -10 558.9493 176.5431 592.5265 197.3009 1.5578 1.7090 4.2882 -2.6967 1.8623 57.2175 -10.8076 2.8854
147 36 Car -1 -1 -10 586.6384 166.6000 692.4094 217.2819 1.8506 1.6300 3.8255 1.1220 1.6226 28.0077 -9.9500 4.3731
148 29 Car -1 -1 -10 151.0555 183.7967 369.6778 260.6994 1.4274 1.6252 4.4818 -7.7604 1.7132 16.4424 -10.5692 7.0624
148 31 Car -1 -1 -10 346.3369 181.1925 412.9731 209.8551 1.4890 1.6291 3.8261 -12.9325 1.9762 40.3255 -8.7823 2.5090
148 42 Car -1 -1 -10 559.0613 177.2848 590.2443 197.6037 1.5172 1.7363 4.2491 -2.7774 1.8816 57.0611 -10.8654 1.5810
148 36 Car -1 -1 -10 569.4828 167.5149 677.6500 218.0113 1.8089 1.6244 3.8574 0.4977 1.6180 27.5389 -9.9698 3.3246
149 40 Car -1 -1 -10 515.8354 178.4740 548.3788 197.9601 1.4674 1.5886 3.9209 -6.2011 1.9324 57.5875 -10.8308 1.2697
149 29 Car -1 -1 -10 110.1461 184.6223 338.3815 267.4157 1.4449 1.6055 4.2784 -8.0869 1.7357 15.5217 -10.5984 7.4563
149 31 Car -1 -1 -10 339.5762 180.6429 404.6885 209.8753 1.5304 1.6472 3.8911 -13.4587 1.9896 40.6351 -8.7406 2.3343
149 36 Car -1 -1 -10 550.6264 166.2683 660.7780 218.9607 1.8423 1.5803 3.9041 -0.1697 1.6124 26.9792 -10.0250 2.5768
150 24 Car -1 -1 -10 717.4489 174.1015 736.5058 190.2876 1.4751 1.5807 3.4773 11.0119 1.5961 67.9095 -10.7790 1.1315
150 40 Car -1 -1 -10 515.1558 178.3196 556.4593 197.6275 1.4484 1.5929 4.0204 -5.8936 1.9008 57.5107 -10.6154 1.3443
150 29 Car -1 -1 -10 65.2725 185.1744 319.0805 273.7116 1.4465 1.6234 4.4592 -8.3220 1.7404 14.8170 -10.6131 8.6739
150 31 Car -1 -1 -10 326.9553 179.8262 395.6929 208.7391 1.5334 1.6325 3.7527 -14.0851 1.9434 40.7280 -8.8870 2.3460
150 36 Car -1 -1 -10 530.0063 167.6044 643.0047 220.7324 1.8101 1.6649 3.8745 -0.8656 1.6316 26.4025 -10.0624 1.7173
151 29 Car -1 -1 -10 13.3842 186.3474 290.9737 281.6887 1.4421 1.6355 4.4919 -8.5671 1.7486 13.9776 -10.6556 7.9967
151 31 Car -1 -1 -10 316.8843 181.5376 387.8087 211.3814 1.5777 1.6928 3.8411 -14.6228 2.0897 40.8184 -12.0437 2.3184
152 29 Car -1 -1 -10 0.0000 187.3855 257.1143 290.8814 1.4638 1.6044 4.3325 -8.8040 1.7757 13.1584 -10.6834 7.9762
152 31 Car -1 -1 -10 306.6464 182.6947 376.0392 211.0507 1.5127 1.6527 3.5883 -15.3159 2.0933 41.0374 -12.1323 2.7587
152 36 Car -1 -1 -10 490.9356 167.1084 607.8486 224.1373 1.8398 1.6322 3.8211 -2.1062 1.6548 25.1323 -10.1276 2.1366
153 29 Car -1 -1 -10 0.0000 187.2263 229.1185 299.6432 1.4698 1.6881 4.4003 -9.0057 1.7636 12.3803 -10.7106 7.5927
153 36 Car -1 -1 -10 471.3296 167.6960 588.2923 225.1744 1.8070 1.6218 3.7080 -2.7186 1.6452 24.5290 -10.1638 1.5227
154 29 Car -1 -1 -10 0.0000 186.9979 185.1880 315.6283 1.4859 1.6946 4.5807 -9.2582 1.7552 11.2914 -10.7570 5.6455
154 42 Car -1 -1 -10 558.7806 175.8783 590.0087 197.1074 1.5866 1.6631 4.2776 -2.7848 1.8344 56.7964 -10.8506 1.7866
155 29 Car -1 -1 -10 0.0000 187.0010 140.5192 326.8581 1.5126 1.6657 4.2881 -9.4099 1.7639 10.5279 -10.7921 4.9365
155 42 Car -1 -1 -10 558.4303 177.0024 587.9528 196.9772 1.4814 1.6849 4.3146 -2.8740 1.8204 56.6668 -10.8947 1.2507
156 29 Car -1 -1 -10 0.0000 191.9378 98.6521 344.5075 1.4472 1.6690 4.3231 -9.5269 1.7640 9.6861 -10.8169 4.0790
156 31 Car -1 -1 -10 266.7439 183.4850 336.6546 212.3727 1.5786 1.6306 3.7053 -17.9753 2.2194 41.9888 -9.0222 3.2972
156 42 Car -1 -1 -10 556.2843 175.9491 590.0763 197.2028 1.5836 1.7319 4.3076 -2.8722 1.8369 56.6920 -10.8203 2.2247
157 29 Car -1 -1 -10 0.0000 194.1296 48.9244 313.5881 1.4561 1.6619 3.9117 -10.5210 1.7909 10.2584 -9.2928 1.4568
157 31 Car -1 -1 -10 258.6014 184.8051 325.7087 212.7977 1.5377 1.6310 3.4737 -18.6350 2.2609 42.2348 -9.0434 3.2605
157 42 Car -1 -1 -10 557.6396 178.1578 588.3392 197.4979 1.4241 1.6222 4.1087 -2.8808 1.8553 56.4585 -10.8481 1.3669
157 36 Car -1 -1 -10 371.6686 167.0258 510.5925 235.1983 1.8371 1.6392 3.8854 -4.9739 1.6804 21.4874 -10.3528 1.9779
158 31 Car -1 -1 -10 249.2912 184.4969 315.7717 213.1663 1.5800 1.6255 3.6018 -19.3224 2.2904 42.4932 -8.9811 1.8670
158 42 Car -1 -1 -10 558.5488 177.9680 588.2731 197.4705 1.4374 1.6523 4.1629 -2.8488 1.8534 56.4760 -10.8780 1.7114
159 42 Car -1 -1 -10 556.4430 177.9836 588.3240 197.7346 1.4541 1.6903 4.2297 -2.9268 1.8718 56.4851 -10.8482 1.6095
159 36 Car -1 -1 -10 316.1492 167.6073 464.4696 242.2308 1.8370 1.6083 3.7924 -5.9525 1.7082 19.7983 -10.4528 2.1757
160 31 Car -1 -1 -10 227.2618 185.0141 297.7976 214.0447 1.6218 1.6973 3.7857 -20.7726 2.3734 43.0696 -9.0354 1.6918
160 42 Car -1 -1 -10 557.8920 178.4697 586.6959 197.9053 1.4273 1.6378 4.1680 -2.9324 1.8833 56.3858 -10.8957 1.4027
160 36 Car -1 -1 -10 287.4708 167.3801 441.2653 247.1707 1.8681 1.5890 3.7501 -6.3529 1.7403 18.9191 -10.5083 5.3925
161 31 Car -1 -1 -10 217.1917 184.0109 284.0564 211.6841 1.5675 1.6578 3.6102 -21.7048 2.2634 43.5141 -9.0257 2.9859
161 42 Car -1 -1 -10 557.4491 178.0106 588.5421 197.9033 1.4656 1.6711 4.1197 -2.8783 1.8847 56.4325 -10.8536 1.8742
161 36 Car -1 -1 -10 253.1862 169.2654 419.4071 252.4744 1.8401 1.5298 3.9225 -6.7319 1.7611 18.0531 -10.5513 5.3647
162 42 Car -1 -1 -10 557.2620 178.2385 584.6561 197.8736 1.4444 1.6638 4.1673 -3.0375 1.8814 56.3764 -10.9324 1.4170
162 36 Car -1 -1 -10 217.6424 170.8595 392.8566 255.5024 1.7679 1.6017 3.7820 -7.1088 1.7266 17.1213 -10.5930 4.3777
163 42 Car -1 -1 -10 556.7099 177.9716 585.6037 197.6432 1.4487 1.5941 4.0335 -3.0193 1.8634 56.3205 -10.8791 1.2336
163 36 Car -1 -1 -10 178.6512 168.4266 365.1616 261.3403 1.8207 1.5858 3.7859 -7.4393 1.7343 16.1855 -10.6532 4.5745
164 42 Car -1 -1 -10 557.3349 177.9839 587.7963 197.8173 1.4560 1.6104 4.1565 -2.9034 1.8718 56.2597 -10.8553 1.1545
165 42 Car -1 -1 -10 557.5215 178.3934 589.0976 198.1118 1.4459 1.7052 4.1383 -2.8459 1.8951 56.2926 -10.8546 2.4171
165 36 Car -1 -1 -10 83.9396 170.9014 310.3717 275.1821 1.7708 1.6184 3.9431 -8.0026 1.7380 14.3616 -10.7408 1.0638
166 36 Car -1 -1 -10 30.8199 169.4291 279.3665 287.2559 1.8288 1.5957 3.8867 -8.1202 1.7760 13.2661 -10.7779 4.1701
167 42 Car -1 -1 -10 557.6985 177.8630 591.2612 197.8897 1.4702 1.5979 4.0747 -2.7505 1.8758 56.2098 -10.7785 1.1715
167 36 Car -1 -1 -10 0.0000 168.2767 243.3862 297.8649 1.8362 1.6012 3.8900 -8.3153 1.7717 12.2745 -10.8234 3.8013
168 36 Car -1 -1 -10 0.0000 169.3043 212.1507 317.0920 1.8260 1.6901 4.3193 -8.4968 1.7825 11.1789 -10.8357 5.4292
178 48 Car -1 -1 -10 57.0308 189.5220 108.2546 213.0062 1.5454 1.6169 3.6280 -37.5819 2.7696 51.3683 -8.9008 1.3859
188 49 Car -1 -1 -10 1153.2517 168.5180 1241.0000 203.7234 1.4660 1.6686 4.2249 26.0931 1.2858 31.0105 -12.5025 1.0390
189 49 Car -1 -1 -10 1140.2584 167.2387 1241.0000 203.0961 1.4729 1.6809 4.3872 25.6209 1.2426 30.9512 -12.3378 2.4963
190 49 Car -1 -1 -10 1125.0122 164.3848 1241.0000 202.2912 1.5726 1.6320 3.9769 24.8487 1.2216 31.1671 -9.2016 3.1061
191 49 Car -1 -1 -10 1110.4542 164.7247 1241.0000 202.4518 1.5610 1.8054 4.4623 24.5805 1.2250 31.2723 -9.1779 2.0097
192 49 Car -1 -1 -10 1096.9780 164.2816 1240.4830 202.3970 1.5858 1.8325 4.5956 24.1433 1.2295 31.4066 -9.2077 3.4916
192 51 Car -1 -1 -10 557.3828 177.5285 585.4685 197.6394 1.4808 1.6079 4.0957 -2.9931 1.8591 56.2215 -10.9027 1.1119
193 49 Car -1 -1 -10 1087.8655 165.1837 1224.2041 202.0054 1.5379 1.7499 4.4139 23.6707 1.2179 31.5004 -9.1885 4.0818
194 49 Car -1 -1 -10 1077.0595 166.9218 1213.3415 202.7668 1.5031 1.7914 4.4499 23.2715 1.2547 31.5967 -9.2132 4.0888
194 51 Car -1 -1 -10 557.5413 178.0105 588.1498 198.0831 1.4755 1.5796 3.9726 -2.8805 1.8924 56.1960 -10.8342 1.0287
195 49 Car -1 -1 -10 1066.0067 165.8637 1197.4621 202.0769 1.5275 1.7015 4.3665 22.7733 1.2330 31.7086 -9.2203 3.6638
196 49 Car -1 -1 -10 1058.3291 166.4360 1183.8829 201.7630 1.4920 1.6555 4.1937 22.3451 1.2213 31.7574 -9.1933 3.4151
196 51 Car -1 -1 -10 558.1376 177.7625 585.5332 197.6771 1.4661 1.5837 3.9761 -2.9609 1.8626 56.1783 -10.9059 1.0419
197 49 Car -1 -1 -10 1051.9613 166.9462 1176.3170 201.4218 1.4604 1.6535 4.1818 22.0947 1.2105 31.8346 -9.1996 5.0856
198 49 Car -1 -1 -10 1042.5532 166.7187 1169.1775 201.9694 1.4959 1.6767 4.2991 21.7782 1.2359 31.9109 -9.2010 5.9979
199 49 Car -1 -1 -10 1032.8381 166.7927 1163.0649 202.1772 1.5059 1.6824 4.4780 21.4793 1.2483 31.9900 -9.2168 4.9752
200 49 Car -1 -1 -10 1026.2721 166.9997 1152.7939 202.2231 1.4997 1.7150 4.3540 21.1425 1.2508 32.0454 -9.1968 5.1654
201 49 Car -1 -1 -10 1020.3477 167.3702 1147.3437 202.2424 1.4884 1.6970 4.4062 20.9273 1.2547 32.1002 -9.2059 5.4329
202 49 Car -1 -1 -10 1016.1611 168.1626 1141.2089 202.4485 1.4650 1.6381 4.3747 20.7253 1.2649 32.1408 -9.1861 4.5282
203 49 Car -1 -1 -10 1011.0267 167.4052 1136.1015 202.1297 1.4846 1.6713 4.3850 20.5151 1.2520 32.1703 -9.1890 3.8464
204 49 Car -1 -1 -10 1004.6667 167.6969 1129.9408 201.8894 1.4650 1.6410 4.4317 20.2704 1.2444 32.2230 -9.1913 3.3906
205 49 Car -1 -1 -10 1001.1853 166.8261 1130.6263 202.7334 1.5390 1.6864 4.5936 20.2289 1.2810 32.2668 -9.1950 3.5456
206 49 Car -1 -1 -10 998.0290 167.8153 1118.3575 203.1816 1.5221 1.6566 4.2710 19.9347 1.3056 32.3254 -9.2047 3.8487
207 49 Car -1 -1 -10 993.3296 167.1881 1128.2982 202.4842 1.5154 1.7327 4.8275 20.0387 1.2725 32.3377 -9.2095 4.2788
208 49 Car -1 -1 -10 991.1291 167.5045 1123.4555 202.9736 1.5247 1.7341 4.7359 19.8990 1.2951 32.3607 -9.2123 3.9760
209 49 Car -1 -1 -10 989.1788 167.5109 1118.9250 203.1171 1.5331 1.7413 4.6411 19.7679 1.3034 32.3745 -9.2269 3.8160
210 49 Car -1 -1 -10 987.3000 167.7108 1116.6736 203.0292 1.5187 1.7341 4.6419 19.6821 1.2979 32.3940 -9.1962 4.1496
211 49 Car -1 -1 -10 985.4312 168.3462 1112.3091 203.4303 1.5119 1.7369 4.5603 19.5815 1.3180 32.4536 -9.1961 4.5380
212 49 Car -1 -1 -10 984.8929 167.7190 1112.7196 202.8255 1.5120 1.7525 4.5897 19.5669 1.2912 32.4358 -9.2015 5.1010
212 51 Car -1 -1 -10 558.3817 177.7522 584.5708 197.9086 1.4840 1.5973 4.0266 -2.9894 1.8797 56.1766 -10.9366 1.3756
213 49 Car -1 -1 -10 985.2058 168.2236 1113.3081 202.8798 1.4906 1.7505 4.5988 19.5719 1.2918 32.4141 -9.1917 4.2779
214 49 Car -1 -1 -10 982.2480 167.5274 1111.6293 203.1064 1.5320 1.7520 4.6651 19.4923 1.3030 32.4580 -9.1913 4.6181
215 49 Car -1 -1 -10 983.2822 168.2585 1110.1431 202.8912 1.4911 1.7196 4.5746 19.4776 1.2936 32.4451 -9.1831 4.5687
216 49 Car -1 -1 -10 981.8640 167.7185 1110.1813 203.2725 1.5325 1.7424 4.6297 19.4626 1.3115 32.4728 -9.1954 4.6643
217 49 Car -1 -1 -10 980.9485 167.4448 1109.1293 202.7769 1.5210 1.7456 4.6268 19.4065 1.2885 32.4564 -9.1847 4.6062
217 51 Car -1 -1 -10 557.6017 177.8046 587.2156 197.9054 1.4782 1.5885 4.0066 -2.9141 1.8784 56.1810 -10.8608 1.1094
218 49 Car -1 -1 -10 980.8178 168.1040 1106.6010 203.3342 1.5194 1.7305 4.5411 19.3669 1.3149 32.4815 -9.1919 4.8506
219 49 Car -1 -1 -10 981.1850 167.9881 1109.9155 203.2540 1.5195 1.7530 4.6475 19.4440 1.3102 32.4808 -9.1892 4.5082
220 49 Car -1 -1 -10 981.4267 167.8091 1109.3823 202.9193 1.5127 1.7461 4.6141 19.4274 1.2957 32.4602 -9.1948 4.2553
221 49 Car -1 -1 -10 981.5016 167.6378 1108.1995 202.8020 1.5145 1.7274 4.5701 19.3951 1.2902 32.4454 -9.1898 4.4085
222 49 Car -1 -1 -10 982.2307 168.3228 1111.0094 203.4979 1.5142 1.7440 4.6413 19.4687 1.3195 32.4404 -9.1925 5.0206
223 49 Car -1 -1 -10 983.6774 168.2765 1112.7768 203.0785 1.4982 1.7400 4.6475 19.5359 1.3015 32.4310 -9.1971 4.1365
224 49 Car -1 -1 -10 980.9753 168.3418 1109.1376 203.1677 1.5001 1.7531 4.6247 19.4161 1.3061 32.4703 -9.1886 4.0116
224 51 Car -1 -1 -10 557.9206 177.5309 584.1149 197.7765 1.4918 1.6168 4.0987 -3.0265 1.8701 56.2172 -10.9438 1.2051
225 49 Car -1 -1 -10 982.2805 168.3251 1110.7735 203.2642 1.5048 1.7340 4.6332 19.4681 1.3101 32.4441 -9.1955 4.8327
226 49 Car -1 -1 -10 983.5603 168.3519 1113.0415 203.1640 1.4990 1.7393 4.6630 19.5414 1.3055 32.4346 -9.1997 4.4621
227 49 Car -1 -1 -10 981.7503 167.6707 1109.7370 203.0678 1.5260 1.7570 4.6108 19.4499 1.3029 32.4710 -9.2013 4.6085
228 49 Car -1 -1 -10 981.4703 167.8280 1111.6938 203.0170 1.5162 1.7602 4.6960 19.4796 1.3000 32.4625 -9.2025 4.0548
229 49 Car -1 -1 -10 983.5147 168.1499 1113.0005 203.0118 1.5004 1.7505 4.6626 19.5418 1.2983 32.4418 -9.1914 4.4578
230 49 Car -1 -1 -10 981.3000 168.0016 1109.8805 203.0595 1.5104 1.7331 4.6412 19.4308 1.3017 32.4519 -9.1968 4.6361
231 49 Car -1 -1 -10 981.9997 167.6023 1109.4964 202.9072 1.5197 1.7247 4.6012 19.4314 1.2940 32.4420 -9.1840 4.9237
