0 0 Car -1 -1 -10 291.5646 175.8589 333.7089 197.9087 1.5166 1.5952 3.5858 -21.3739 1.7407 51.9195 -11.0085 4.6361
0 2 Car -1 -1 -10 316.5318 174.9458 351.7570 197.3898 1.6874 1.4925 3.5162 -21.5282 1.8563 56.3542 -11.0235 2.6929
0 1 Car -1 -1 -10 890.3893 192.3283 1241.0000 374.0000 1.4250 1.5904 3.7174 3.4049 1.6070 4.8375 -14.1782 4.4020
1 0 Car -1 -1 -10 286.5350 174.9106 326.4836 197.9172 1.5490 1.5563 3.5233 -21.3125 1.6991 50.7178 -11.0720 3.7911
1 2 Car -1 -1 -10 309.7055 171.7046 347.5965 195.6424 1.7694 1.6150 3.8471 -21.5391 1.6848 55.3015 -11.0585 2.0447
1 1 Car -1 -1 -10 869.2748 194.1230 1241.0000 374.0000 1.4007 1.6355 4.1792 3.3933 1.6121 5.0366 -14.1765 5.1435
2 0 Car -1 -1 -10 279.3887 174.5822 324.0229 198.6644 1.5863 1.5594 3.7408 -21.2020 1.7102 49.6866 -11.0218 4.2218
2 2 Car -1 -1 -10 305.1753 174.0478 345.0826 196.1874 1.5974 1.5167 3.6551 -21.3334 1.6903 54.0912 -10.9843 1.3063
2 1 Car -1 -1 -10 863.7697 192.3874 1241.0000 374.0000 1.3931 1.5926 4.1472 3.3762 1.5928 5.2639 -14.1675 5.9216
3 0 Car -1 -1 -10 273.1250 176.9457 316.2373 199.4230 1.4355 1.6492 3.3594 -21.1532 1.7205 48.4514 -11.0753 3.9857
3 2 Car -1 -1 -10 298.2664 176.6349 340.4764 198.1782 1.5034 1.5593 3.8290 -21.2951 1.7912 52.9369 -10.9963 3.3161
3 1 Car -1 -1 -10 856.8692 193.1875 1241.0000 374.0000 1.4163 1.5926 4.0901 3.3560 1.6303 5.5223 -14.1513 6.6445
4 0 Car -1 -1 -10 264.9718 177.2822 311.9638 201.4096 1.4956 1.5558 3.7893 -21.0753 1.7985 47.3632 -11.0451 3.0819
4 2 Car -1 -1 -10 290.7039 176.5615 333.7178 197.9550 1.4664 1.8386 2.9407 -21.2176 1.7387 51.4439 -10.9880 2.6257
4 1 Car -1 -1 -10 842.4399 191.7669 1241.0000 374.0000 1.4022 1.5841 4.1235 3.3190 1.6091 5.7936 -14.1655 6.7973
5 0 Car -1 -1 -10 257.2934 176.2994 304.8882 201.1739 1.5070 1.5289 3.7754 -21.0194 1.7371 46.1785 -11.0589 2.7902
5 2 Car -1 -1 -10 282.5515 176.7618 329.4044 198.2871 1.4350 1.8134 3.4279 -21.2298 1.7179 50.4447 -10.9880 2.9796
5 1 Car -1 -1 -10 828.7910 191.8621 1241.0000 374.0000 1.3991 1.6795 4.1774 3.3485 1.6166 6.1184 -14.1783 7.1949
6 0 Car -1 -1 -10 248.0965 177.4582 296.7475 202.9868 1.4983 1.4645 3.6189 -20.9545 1.7966 44.8485 -11.0393 4.4625
6 2 Car -1 -1 -10 275.9341 176.8290 324.7086 200.4856 1.5320 1.6318 3.8653 -21.1345 1.8148 49.3217 -10.9810 1.0208
6 1 Car -1 -1 -10 823.2308 191.6150 1241.0000 374.0000 1.3989 1.5772 4.0865 3.2793 1.6193 6.3951 -14.1656 7.1908
7 0 Car -1 -1 -10 235.7420 178.5610 288.6443 204.4199 1.4691 1.6117 3.6377 -21.0170 1.8296 43.6704 -11.0501 5.0408
7 2 Car -1 -1 -10 267.9181 178.4173 317.2083 202.5986 1.5169 1.6036 3.7826 -21.0965 1.9022 48.0270 -10.9905 2.9539
7 1 Car -1 -1 -10 814.2321 192.7123 1241.0000 374.0000 1.3954 1.5870 4.1335 3.2744 1.6376 6.6948 -14.1672 7.4352
8 0 Car -1 -1 -10 225.2563 178.9677 280.8226 204.9203 1.4363 1.5746 3.4823 -20.9938 1.8116 42.5003 -11.0037 5.2600
8 2 Car -1 -1 -10 259.6408 178.2683 309.9388 203.3207 1.5310 1.5651 3.7232 -21.0457 1.8963 46.7651 -10.9892 3.6415
8 1 Car -1 -1 -10 804.5577 191.0345 1214.8336 374.0000 1.4012 1.6383 4.1070 3.2684 1.6313 7.0394 -14.1653 7.5555
9 0 Car -1 -1 -10 214.5407 177.8453 270.9695 204.8665 1.4544 1.6244 3.4412 -20.9609 1.7523 41.2471 -11.0502 5.5341
9 1 Car -1 -1 -10 794.8716 189.4515 1176.9016 374.0000 1.3949 1.5954 4.1369 3.2301 1.6124 7.3374 -14.1785 8.0163
10 0 Car -1 -1 -10 202.1823 175.2937 268.1358 203.9653 1.5083 1.6780 3.9764 -20.8804 1.6517 40.2987 -11.0139 3.6117
10 1 Car -1 -1 -10 787.9288 188.0415 1139.0456 374.0000 1.4092 1.6144 4.0365 3.2051 1.6135 7.6381 -14.1762 7.5730
11 0 Car -1 -1 -10 191.9689 174.5025 252.8037 203.8453 1.5000 1.5343 3.6941 -20.9061 1.5938 38.9957 -11.0717 2.4793
11 2 Car -1 -1 -10 231.8838 173.4291 288.2086 202.0594 1.6433 1.6118 3.7160 -20.9880 1.6797 43.3518 -11.0049 2.3634
11 1 Car -1 -1 -10 777.6788 188.7125 1112.8497 371.4363 1.3956 1.6049 4.1918 3.1922 1.6190 8.0119 -14.1872 7.5408
12 0 Car -1 -1 -10 181.8958 176.9392 245.4094 206.6505 1.4667 1.5826 3.4175 -20.7477 1.6912 37.8407 -11.0437 4.3594
12 2 Car -1 -1 -10 221.7234 176.7032 279.6238 203.0602 1.4562 1.7168 3.3564 -20.9018 1.6898 42.0356 -11.0007 4.9520
12 1 Car -1 -1 -10 777.3971 187.1402 1088.8024 361.8194 1.4120 1.6150 4.2048 3.2127 1.6187 8.2977 -14.1610 8.2798
13 0 Car -1 -1 -10 170.3227 177.6057 239.0420 208.5788 1.4719 1.5753 3.6611 -20.5791 1.7264 36.7232 -11.0417 6.5921
13 2 Car -1 -1 -10 213.5238 177.4296 274.3656 204.2488 1.4340 1.6158 3.5418 -20.7473 1.7055 40.9700 -10.9791 4.2510
13 1 Car -1 -1 -10 772.0671 188.0920 1066.5601 353.5748 1.3973 1.6047 4.1236 3.2032 1.6227 8.5639 -14.1732 7.3493
14 0 Car -1 -1 -10 157.1258 179.5620 230.1381 211.0162 1.4387 1.6125 3.5976 -20.4908 1.7870 35.6002 -11.0263 4.9224
14 2 Car -1 -1 -10 206.0680 178.5878 266.4530 206.9232 1.4686 1.5228 3.4296 -20.5899 1.7991 39.8170 -10.9821 5.1743
14 1 Car -1 -1 -10 767.2462 187.2475 1046.7880 344.8635 1.3979 1.6163 4.1353 3.2045 1.6171 8.8734 -14.1717 7.6014
15 0 Car -1 -1 -10 145.2990 181.9221 221.2971 214.7756 1.4416 1.6139 3.5814 -20.3359 1.8982 34.4809 -11.0318 5.9123
15 2 Car -1 -1 -10 196.1041 181.3271 259.9670 209.6353 1.4123 1.5699 3.4346 -20.4818 1.8882 38.7618 -10.9781 5.3107
15 1 Car -1 -1 -10 763.5062 186.5274 1029.2990 338.3918 1.4153 1.6295 4.1582 3.2223 1.6300 9.2042 -14.1687 7.4877
16 0 Car -1 -1 -10 130.9998 182.5268 209.6200 216.0300 1.4159 1.5200 3.5746 -20.2579 1.8874 33.3373 -11.0191 4.9865
16 2 Car -1 -1 -10 184.3052 181.4446 252.9037 211.8547 1.4716 1.6468 3.3946 -20.3638 1.9404 37.6159 -10.9585 5.3048
16 1 Car -1 -1 -10 758.7218 184.9968 1006.7948 330.0420 1.4277 1.6095 4.1864 3.2079 1.6247 9.5677 -14.1643 7.9986
17 0 Car -1 -1 -10 113.9326 180.8942 198.8286 217.3116 1.4930 1.5483 3.6211 -20.1796 1.8725 32.2018 -11.0081 4.1625
17 2 Car -1 -1 -10 173.0785 181.3340 243.0207 211.8142 1.4286 1.5712 3.4019 -20.2901 1.8782 36.4983 -10.9657 5.5685
17 1 Car -1 -1 -10 755.2991 184.2145 993.7157 321.6997 1.4126 1.6001 4.1547 3.2259 1.6015 9.8655 -14.1757 7.4834
18 0 Car -1 -1 -10 97.1224 181.2027 185.6244 218.9291 1.4868 1.5158 3.6842 -20.1428 1.8689 31.1241 -11.0276 4.5549
18 2 Car -1 -1 -10 158.4542 180.9959 233.6254 213.1760 1.4574 1.6221 3.4185 -20.2023 1.8757 35.2955 -10.9558 4.8851
18 1 Car -1 -1 -10 750.7558 182.3615 973.6625 314.3304 1.4332 1.5834 4.1032 3.2057 1.5956 10.2140 -14.1762 8.2832
19 0 Car -1 -1 -10 77.2365 182.2993 168.2258 220.4379 1.4383 1.4612 3.5022 -20.0912 1.8526 29.8513 -11.0188 4.9957
19 2 Car -1 -1 -10 142.8839 181.6522 222.4024 213.9046 1.4031 1.5717 3.5621 -20.1881 1.8423 34.1796 -10.9614 5.2459
19 1 Car -1 -1 -10 745.3924 183.3026 960.8509 310.1857 1.4211 1.5775 4.2039 3.1990 1.6054 10.5648 -14.1813 8.0050
20 0 Car -1 -1 -10 56.3049 182.2344 155.2900 222.8542 1.4717 1.5287 3.5981 -20.0483 1.8703 28.8059 -11.0297 6.4596
20 2 Car -1 -1 -10 125.5246 181.3625 212.2587 216.3029 1.4700 1.6844 3.5894 -20.1528 1.8819 33.0701 -10.9557 6.0375
20 1 Car -1 -1 -10 743.4353 183.1461 946.3129 304.8678 1.4212 1.5680 4.1627 3.2038 1.6070 10.8882 -14.1752 8.1979
21 0 Car -1 -1 -10 33.7013 183.2746 140.5777 226.0006 1.4797 1.5099 3.6505 -19.9967 1.9070 27.7210 -11.0135 5.3499
21 2 Car -1 -1 -10 109.1313 182.0562 199.1640 218.7613 1.4848 1.6349 3.6101 -20.1027 1.9157 31.9285 -10.9675 6.7335
21 1 Car -1 -1 -10 738.3395 184.0006 933.3534 300.4492 1.4104 1.5842 4.1434 3.1921 1.6170 11.2434 -14.1807 8.0859
22 0 Car -1 -1 -10 11.2800 185.8587 121.0704 229.5952 1.4373 1.4588 3.5180 -19.9175 1.9482 26.5451 -11.0233 5.2777
22 2 Car -1 -1 -10 93.1458 183.7355 184.5028 221.8923 1.4830 1.6108 3.4423 -20.0240 1.9735 30.7638 -10.9791 6.7056
22 1 Car -1 -1 -10 734.0962 185.0610 922.6234 297.7962 1.4036 1.5918 4.1931 3.1809 1.6358 11.5715 -14.1813 7.8409
23 0 Car -1 -1 -10 0.0000 186.6865 101.2614 233.7129 1.4706 1.4979 3.5559 -19.9351 1.9926 25.4123 -11.0193 5.9911
23 2 Car -1 -1 -10 73.5264 185.6094 170.2735 224.5504 1.4434 1.5553 3.4539 -19.9843 1.9989 29.6457 -10.9588 5.9230
23 1 Car -1 -1 -10 730.7401 184.5682 912.1857 293.5847 1.4145 1.5931 4.1768 3.1910 1.6433 11.9422 -14.1878 8.2468
24 0 Car -1 -1 -10 0.0000 185.7673 79.4751 233.6590 1.4444 1.5485 3.2974 -19.8897 1.9101 24.3288 -11.0236 5.2762
24 2 Car -1 -1 -10 51.2203 182.6822 153.4240 223.6406 1.4711 1.5478 3.4266 -19.9682 1.8832 28.4864 -10.9609 4.5249
24 1 Car -1 -1 -10 726.3927 183.6560 902.1254 288.7110 1.4137 1.6100 4.2557 3.1812 1.6309 12.3168 -14.1863 8.3128
24 6 Car -1 -1 -10 1113.3515 203.0557 1241.0000 374.0000 1.4043 1.5790 3.8679 3.5746 1.5857 2.3260 -10.9066 1.2152
25 0 Car -1 -1 -10 0.0000 183.0246 56.5851 233.2888 1.4520 1.5654 3.3596 -19.9043 1.8038 23.2293 -11.0229 3.2156
25 2 Car -1 -1 -10 28.3826 181.8506 135.9562 224.0804 1.4712 1.6583 3.1930 -20.0274 1.8346 27.4733 -10.9398 1.7569
25 1 Car -1 -1 -10 720.7471 182.8104 890.8058 284.2849 1.4202 1.5957 4.2048 3.1453 1.6251 12.6691 -14.2045 8.0461
25 6 Car -1 -1 -10 1081.7666 186.1312 1241.0000 374.0000 1.4649 1.6286 3.9660 3.5559 1.5489 2.4971 -14.0512 2.0932
26 2 Car -1 -1 -10 0.0000 181.3076 119.6054 226.1113 1.4751 1.5551 3.6072 -19.9531 1.8048 26.2758 -10.9578 7.4550
26 1 Car -1 -1 -10 717.7571 182.8394 879.2235 281.5248 1.4298 1.5999 4.1395 3.1178 1.6393 12.9945 -14.1990 8.3060
26 6 Car -1 -1 -10 1056.7726 192.4852 1241.0000 374.0000 1.4448 1.5869 3.5659 3.7369 1.5760 3.0013 -14.1659 2.4198
27 2 Car -1 -1 -10 0.0000 181.8044 98.0517 228.0760 1.4523 1.5141 3.5974 -19.9567 1.7873 25.1601 -10.9743 6.2432
27 1 Car -1 -1 -10 713.0230 183.9584 863.4960 277.7510 1.4092 1.5957 4.1752 3.0621 1.6495 13.4645 -14.1853 8.2126
27 6 Car -1 -1 -10 1041.4703 182.3414 1241.0000 374.0000 1.5122 1.6106 3.5999 3.6913 1.5793 3.2346 -14.0863 2.4027
28 2 Car -1 -1 -10 0.0000 183.4010 75.6595 232.8680 1.4846 1.6423 3.3180 -19.9465 1.8613 24.0572 -10.9613 4.8441
28 1 Car -1 -1 -10 710.1072 185.0708 854.9891 276.1729 1.4016 1.5878 4.1992 3.0439 1.6719 13.8055 -14.1846 7.2391
28 6 Car -1 -1 -10 1009.2743 181.1322 1241.0000 374.0000 1.5261 1.5811 3.5140 3.6745 1.5890 3.6592 -14.0943 3.0709
29 2 Car -1 -1 -10 0.0000 185.8645 48.4299 235.5310 1.4204 1.6430 3.0267 -20.0114 1.8640 23.0150 -10.9306 2.2019
29 1 Car -1 -1 -10 705.0761 185.0073 845.2867 272.5393 1.3878 1.6076 4.1664 2.9897 1.6622 14.1465 -14.1869 7.5942
29 6 Car -1 -1 -10 987.4392 183.9471 1241.0000 374.0000 1.5136 1.6039 3.5138 3.6558 1.6007 3.8642 -14.1139 4.1366
30 2 Car -1 -1 -10 0.0000 186.0645 23.0904 242.7760 1.4747 1.5663 3.7611 -19.8053 1.9067 21.6210 -11.0999 2.1549
30 1 Car -1 -1 -10 696.6874 183.3147 833.5293 269.4091 1.4174 1.5939 4.3251 2.8930 1.6618 14.6216 -14.2006 7.6353
30 6 Car -1 -1 -10 967.2164 186.7212 1241.0000 374.0000 1.4540 1.6581 3.6849 3.6790 1.5689 4.0953 -14.1132 3.7393
31 1 Car -1 -1 -10 693.6759 183.2906 824.5716 266.4072 1.4139 1.6055 4.2472 2.8589 1.6624 14.9843 -14.1979 7.6394
31 6 Car -1 -1 -10 940.9600 181.1554 1241.0000 374.0000 1.5115 1.6713 3.8205 3.6438 1.5833 4.2851 -14.1512 4.4071
32 1 Car -1 -1 -10 687.0049 182.3493 814.4813 262.2969 1.4082 1.6207 4.2720 2.7732 1.6402 15.4127 -14.2062 7.4955
32 6 Car -1 -1 -10 924.0965 185.6478 1241.0000 374.0000 1.4931 1.5921 3.6110 3.5953 1.6086 4.6656 -14.1629 3.6683
33 1 Car -1 -1 -10 680.5161 182.3678 802.1325 259.9849 1.4085 1.6145 4.1827 2.6482 1.6450 15.7616 -14.2106 7.7916
33 6 Car -1 -1 -10 895.8588 181.2834 1241.0000 374.0000 1.4977 1.6587 3.9518 3.5677 1.5787 4.8884 -14.1828 4.3568
34 1 Car -1 -1 -10 674.2560 182.6297 788.6534 257.0294 1.3939 1.5709 4.1972 2.5220 1.6434 16.2337 -14.2138 7.3861
34 6 Car -1 -1 -10 883.8011 164.0996 1241.0000 374.0000 1.6212 1.6001 3.6514 3.4950 1.5804 5.2483 -14.1809 4.2280
35 1 Car -1 -1 -10 668.6539 181.8060 778.3625 253.6297 1.3905 1.5757 4.1566 2.4142 1.6237 16.6312 -14.2150 7.4376
35 6 Car -1 -1 -10 864.4889 173.8085 1241.0000 374.0000 1.5706 1.5760 3.5540 3.3922 1.5808 5.6374 -14.1666 5.4136
36 1 Car -1 -1 -10 661.0966 181.5291 769.7709 252.3580 1.4079 1.6175 4.1889 2.2867 1.6389 17.0242 -14.2235 8.3665
36 6 Car -1 -1 -10 842.0993 167.0511 1241.0000 374.0000 1.6146 1.6247 3.7124 3.3361 1.5827 5.9044 -14.1896 5.4058
37 1 Car -1 -1 -10 654.3182 181.3857 758.5879 250.0824 1.3995 1.5820 4.2363 2.1330 1.6317 17.4216 -14.2309 7.4720
37 6 Car -1 -1 -10 823.7642 168.5747 1241.0000 374.0000 1.6167 1.6171 3.6525 3.2392 1.5911 6.2458 -14.1976 6.3705
38 1 Car -1 -1 -10 647.0554 180.8609 746.9644 247.3572 1.4041 1.6170 4.2119 1.9730 1.6275 17.9261 -14.2279 7.1244
38 6 Car -1 -1 -10 807.4347 166.5305 1233.5565 374.0000 1.6352 1.6231 3.6551 3.1369 1.5947 6.5314 -14.1960 6.9144
39 1 Car -1 -1 -10 639.0972 180.9720 736.2907 245.7063 1.3984 1.6136 4.1422 1.7852 1.6284 18.2649 -14.2406 7.7588
39 6 Car -1 -1 -10 787.6415 167.4246 1180.0136 374.0000 1.6413 1.6116 3.6687 3.0085 1.6044 6.8391 -14.2136 7.0522
40 1 Car -1 -1 -10 634.2294 180.6129 725.0679 244.0261 1.4078 1.6010 4.1918 1.6301 1.6325 18.7019 -14.2251 6.8002
40 6 Car -1 -1 -10 769.0965 171.8637 1128.6906 374.0000 1.6327 1.6217 3.6332 2.8794 1.6258 7.1674 -14.2266 7.7914
41 1 Car -1 -1 -10 627.2712 181.2765 715.1208 243.5785 1.4153 1.6087 4.0856 1.4501 1.6629 19.0683 -14.2318 8.0302
41 6 Car -1 -1 -10 754.9306 169.5430 1080.7326 374.0000 1.6398 1.6320 3.5626 2.7485 1.6143 7.4737 -14.2183 6.9196
42 1 Car -1 -1 -10 620.8200 182.1428 706.8675 242.5203 1.3964 1.6089 4.1387 1.2885 1.6752 19.4849 -14.2404 7.3964
42 6 Car -1 -1 -10 737.2472 169.8137 1040.1610 369.8330 1.6551 1.6097 3.6278 2.6173 1.6303 7.8529 -14.2371 7.1401
43 1 Car -1 -1 -10 613.1438 182.7546 697.6130 242.3641 1.4040 1.6002 4.1827 1.0868 1.7070 19.8830 -14.2538 7.4946
43 6 Car -1 -1 -10 720.9051 173.1998 1004.3224 358.3963 1.6151 1.6460 3.6558 2.4752 1.6203 8.1979 -14.2373 7.9394
44 1 Car -1 -1 -10 605.9106 182.8616 687.4471 240.8974 1.3951 1.5736 4.1814 0.8712 1.7067 20.2645 -14.2633 7.7949
44 6 Car -1 -1 -10 707.4812 171.5480 970.0541 350.0308 1.6478 1.6617 3.6158 2.3425 1.6361 8.5416 -14.2389 7.3159
45 1 Car -1 -1 -10 600.6796 183.0224 679.2406 238.9206 1.3738 1.5987 4.1013 0.7043 1.6951 20.6386 -14.2587 8.2219
45 6 Car -1 -1 -10 696.5090 171.9382 935.5483 342.5850 1.6505 1.6480 3.5562 2.1828 1.6420 8.8187 -14.2238 7.9607
46 1 Car -1 -1 -10 594.5280 182.4413 671.6981 238.2035 1.4048 1.6098 4.1312 0.5239 1.7137 21.0664 -14.2658 7.3192
46 6 Car -1 -1 -10 679.9461 173.1098 910.5804 333.9154 1.6290 1.6704 3.6402 2.0379 1.6333 9.2139 -14.2479 7.9205
47 1 Car -1 -1 -10 590.7787 183.1374 664.2471 238.2033 1.4091 1.5896 4.1044 0.3738 1.7448 21.3924 -14.2604 7.4605
47 6 Car -1 -1 -10 672.4114 173.0084 884.4163 327.6881 1.6420 1.6439 3.5990 1.9215 1.6448 9.5347 -14.2398 7.0989
48 1 Car -1 -1 -10 584.6948 184.0000 657.6581 238.1600 1.4049 1.6130 4.1373 0.1921 1.7747 21.7572 -14.2677 7.1465
48 6 Car -1 -1 -10 659.9185 175.6744 864.1985 326.2439 1.6492 1.6818 3.6971 1.7855 1.6958 9.8998 -14.2434 7.2719
49 13 Car -1 -1 -10 282.6284 179.8603 308.3420 198.0416 1.5126 1.6444 4.1556 -27.8671 2.1558 63.9714 -11.2962 1.2472
49 1 Car -1 -1 -10 580.4892 183.1815 650.7668 235.9378 1.4019 1.6088 4.1402 0.0317 1.7505 22.1712 -14.2659 7.5984
49 6 Car -1 -1 -10 651.1488 174.6484 842.5004 317.3742 1.6395 1.6659 3.6628 1.6607 1.6701 10.2459 -14.2479 8.0614
50 1 Car -1 -1 -10 576.4292 180.6270 645.5315 232.5462 1.4208 1.6048 4.2754 -0.1116 1.6890 22.6345 -14.2708 6.9619
50 6 Car -1 -1 -10 643.5186 173.2846 821.4851 308.7291 1.6243 1.6443 3.6542 1.5273 1.6321 10.5652 -14.2417 7.3878
51 1 Car -1 -1 -10 571.9420 178.4005 639.7754 229.3007 1.4321 1.6048 4.2261 -0.2708 1.6261 22.9832 -14.2778 7.7325
51 6 Car -1 -1 -10 634.8566 172.4737 803.5483 303.7284 1.6421 1.6246 3.6995 1.4009 1.6377 10.9537 -14.2500 7.5297
52 1 Car -1 -1 -10 568.9218 177.6936 633.8582 227.7686 1.4392 1.6044 4.1533 -0.4117 1.6105 23.3183 -14.2707 6.9249
52 6 Car -1 -1 -10 626.9303 169.8721 787.3571 295.3158 1.6389 1.6327 3.6072 1.2826 1.6003 11.3134 -14.2589 7.7589
53 1 Car -1 -1 -10 566.6387 178.4895 629.6054 226.5541 1.4000 1.6190 4.0549 -0.5176 1.6014 23.6236 -14.2649 6.6647
53 6 Car -1 -1 -10 620.8822 171.1353 771.5817 290.5505 1.6090 1.6453 3.7106 1.1555 1.5862 11.6478 -14.2378 7.6691
54 15 Car -1 -1 -10 203.2289 180.7437 240.8850 203.7932 1.4718 1.5649 3.8981 -26.6427 2.0374 49.5968 -11.2963 1.1167
54 1 Car -1 -1 -10 562.1026 178.9133 623.9338 227.2545 1.4310 1.6212 4.1051 -0.6935 1.6512 24.0346 -14.2694 6.0734
54 6 Car -1 -1 -10 613.6704 171.6317 757.1499 288.7917 1.6351 1.6332 3.6857 1.0270 1.6184 11.9866 -14.2441 7.7919
55 17 Car -1 -1 -10 0.0000 176.9659 64.7836 206.3713 1.6331 1.5687 3.7204 -34.1280 1.8875 42.5990 -14.3314 1.2990
55 1 Car -1 -1 -10 558.3169 181.5002 618.2784 228.5778 1.4035 1.5975 4.0542 -0.8579 1.7217 24.4037 -14.2752 5.9581
55 6 Car -1 -1 -10 606.3357 172.7326 744.0742 285.7146 1.6360 1.6250 3.7409 0.8999 1.6346 12.3970 -14.2529 7.7014
56 1 Car -1 -1 -10 556.2016 181.6609 615.3441 229.2557 1.4431 1.6224 4.1345 -0.9580 1.7729 24.8306 -14.2720 6.2787
56 16 Car -1 -1 -10 240.5556 181.8961 273.5899 202.4335 1.4879 1.6140 3.8368 -27.4446 2.2178 56.1503 -11.2599 1.5016
56 6 Car -1 -1 -10 599.3421 175.0253 731.9764 284.2313 1.6249 1.6444 3.8566 0.7699 1.6699 12.8227 -14.2517 7.1319
57 18 Car -1 -1 -10 179.0709 184.3266 221.6188 208.7214 1.4317 1.5553 3.8406 -26.2852 2.2018 46.3457 -11.2852 1.1975
57 1 Car -1 -1 -10 552.5086 182.0507 610.4073 228.2173 1.4201 1.5922 4.0604 -1.1159 1.7683 25.1630 -14.2834 6.1927
57 6 Car -1 -1 -10 595.8671 173.8527 722.2491 280.7895 1.6570 1.6615 3.7545 0.6885 1.6783 13.1713 -14.2473 7.4172
58 18 Car -1 -1 -10 171.5803 183.1665 227.5888 208.9661 1.4976 1.5103 3.9248 -25.8326 2.1769 45.4933 -11.0611 1.3222
58 1 Car -1 -1 -10 552.1862 182.9951 605.6572 226.5133 1.3551 1.5587 3.9520 -1.2110 1.7426 25.4834 -14.2642 5.3152
58 16 Car -1 -1 -10 229.2579 181.3556 277.3940 203.4803 1.5491 1.6531 4.1630 -26.7679 2.2133 54.2355 -11.0221 1.1124
58 6 Car -1 -1 -10 591.9813 174.1274 711.8937 276.8136 1.6456 1.6524 3.6671 0.5905 1.6732 13.5207 -14.2469 7.2472
59 18 Car -1 -1 -10 162.7240 182.1090 220.5910 208.3534 1.4907 1.5365 3.9698 -25.7318 2.0876 44.4631 -11.0789 1.8932
59 1 Car -1 -1 -10 550.6896 181.8052 604.0266 225.9105 1.3968 1.5625 4.1722 -1.2885 1.7454 25.8986 -14.2672 4.9576
59 6 Car -1 -1 -10 588.5445 173.2245 703.4576 272.9153 1.6482 1.6396 3.7601 0.5004 1.6567 13.8983 -14.2448 6.2130
60 18 Car -1 -1 -10 156.8350 182.4229 214.9304 209.2577 1.4884 1.5352 3.7972 -25.4513 2.0900 43.3742 -11.0846 3.0749
60 1 Car -1 -1 -10 550.3323 183.3191 602.8813 225.7087 1.3572 1.5548 4.0735 -1.3294 1.7694 26.2698 -14.2720 4.7540
60 16 Car -1 -1 -10 219.4995 180.2312 266.6623 203.2131 1.5478 1.6975 4.4228 -26.5897 2.1073 52.3787 -11.1318 1.5645
60 6 Car -1 -1 -10 587.1653 175.2661 697.9398 271.1258 1.6249 1.6618 3.7493 0.4562 1.6795 14.2744 -14.2375 7.2683
61 18 Car -1 -1 -10 146.4471 182.5973 212.2865 209.9871 1.4761 1.6107 4.0574 -25.2580 2.0772 42.4188 -11.0453 3.3694
61 1 Car -1 -1 -10 551.0244 183.9127 601.4356 225.8894 1.3590 1.5604 4.1409 -1.3590 1.8006 26.6379 -14.2566 4.3982
61 16 Car -1 -1 -10 214.2901 179.3513 256.4649 203.5445 1.5993 1.6984 4.1604 -26.5006 2.0799 51.1083 -11.2303 1.3941
61 6 Car -1 -1 -10 584.6194 175.1181 692.0595 268.7682 1.6369 1.6698 3.7294 0.3925 1.6893 14.6425 -14.2388 7.2271
62 18 Car -1 -1 -10 140.0428 182.1666 201.6785 209.1543 1.4281 1.5377 3.6350 -25.1168 1.9862 41.3404 -11.0717 2.7025
62 1 Car -1 -1 -10 550.1587 183.7637 600.6757 225.0114 1.3615 1.5469 3.8768 -1.3969 1.7994 26.9100 -14.2726 2.8580
62 16 Car -1 -1 -10 209.7246 178.6954 258.3998 203.0796 1.5858 1.7210 4.2599 -26.1248 2.0109 50.2273 -11.1462 2.2056
62 6 Car -1 -1 -10 580.7382 175.8740 683.6418 266.7054 1.6231 1.6428 3.8232 0.2814 1.6946 15.0086 -14.2401 6.9143
63 18 Car -1 -1 -10 126.3002 182.6136 192.3827 210.6804 1.4430 1.5838 3.5947 -25.0661 2.0121 40.2081 -11.0488 3.0779
63 1 Car -1 -1 -10 551.0358 181.7218 596.6360 223.5818 1.4227 1.5691 3.7309 -1.4664 1.7819 27.2662 -14.2278 3.1981
63 16 Car -1 -1 -10 201.2902 177.6415 254.5287 202.9511 1.6165 1.6694 4.3798 -25.9999 1.9583 49.1965 -11.0922 2.4176
63 6 Car -1 -1 -10 578.0756 174.9415 677.7969 264.1800 1.6500 1.6825 3.7211 0.2091 1.7004 15.3617 -14.2337 6.8632
64 18 Car -1 -1 -10 113.5624 181.4622 184.3340 210.8156 1.4668 1.5581 3.8763 -24.9878 1.9585 39.1987 -11.0580 2.8719
64 1 Car -1 -1 -10 549.1831 181.4904 596.6001 223.3108 1.4395 1.5772 3.8181 -1.5240 1.7945 27.6399 -14.2509 3.1472
64 16 Car -1 -1 -10 192.9158 178.1576 246.5824 203.8172 1.5953 1.6816 4.4306 -25.9702 1.9663 48.1160 -11.1269 2.3677
64 6 Car -1 -1 -10 573.8005 175.6940 669.9627 262.0972 1.6303 1.6454 3.6466 0.0923 1.6997 15.6373 -14.2442 6.9635
65 18 Car -1 -1 -10 99.9643 182.3486 170.7827 212.3219 1.4514 1.5509 3.5891 -24.9099 1.9754 37.9476 -11.0640 4.9494
65 1 Car -1 -1 -10 545.5756 183.2927 593.8547 223.4220 1.3871 1.5594 3.8609 -1.6670 1.8219 28.0073 -14.2746 2.4756
65 16 Car -1 -1 -10 182.3099 180.7488 238.4542 205.7504 1.4977 1.7082 4.2792 -25.8954 2.0351 46.8532 -11.1159 3.7776
65 6 Car -1 -1 -10 569.4526 178.0920 664.4535 260.7878 1.5912 1.6792 3.7572 -0.0118 1.7226 16.0886 -14.2474 5.9387
66 18 Car -1 -1 -10 83.9283 186.4707 159.8830 217.6623 1.4429 1.6088 3.6364 -24.8861 2.1745 36.8760 -11.0642 4.3331
66 1 Car -1 -1 -10 535.5792 186.0373 591.1245 226.7630 1.4060 1.5772 3.9636 -1.9451 1.9634 28.3780 -14.3589 3.4975
66 16 Car -1 -1 -10 173.5180 182.3487 234.0880 210.2108 1.6259 1.7812 4.3278 -25.7655 2.2595 45.8759 -11.0984 4.6940
66 6 Car -1 -1 -10 565.3123 179.7193 657.0601 263.2496 1.6301 1.6502 4.0424 -0.1444 1.8077 16.5244 -14.2495 5.2164
67 18 Car -1 -1 -10 69.0764 187.7147 149.8070 221.8530 1.5198 1.5743 3.9241 -24.8376 2.3015 35.9085 -11.0869 3.7914
67 1 Car -1 -1 -10 540.4309 187.7543 589.6846 228.8679 1.4425 1.5827 3.6332 -1.8824 2.0738 28.6282 -14.3026 2.6668
67 16 Car -1 -1 -10 164.8617 187.5479 227.5149 214.7509 1.5065 1.7409 4.4553 -25.6049 2.4655 44.7611 -11.1058 2.9744
67 6 Car -1 -1 -10 563.4838 180.8945 652.9804 262.8533 1.6290 1.6861 3.8919 -0.2052 1.8387 16.7593 -14.2425 6.0822
68 18 Car -1 -1 -10 50.2835 187.6218 137.9450 222.0264 1.4758 1.6558 3.9346 -24.7420 2.2284 34.7208 -11.0800 3.0621
68 1 Car -1 -1 -10 541.4184 185.0096 587.7216 224.8974 1.4302 1.5793 3.7950 -1.9293 1.9538 29.0682 -14.2752 2.8190
68 16 Car -1 -1 -10 156.9521 184.0708 213.2721 212.1004 1.5439 1.6271 3.9509 -25.5643 2.2528 43.4917 -11.1636 2.9522
68 6 Car -1 -1 -10 562.6462 179.2665 647.1979 257.8330 1.6124 1.6837 3.8500 -0.2777 1.7827 17.1250 -14.2293 4.9436
69 18 Car -1 -1 -10 37.5274 183.4937 124.4605 218.2382 1.4669 1.4832 3.8299 -24.5825 1.9923 33.6347 -11.0766 4.1719
69 1 Car -1 -1 -10 539.3522 180.8988 587.5285 220.3042 1.4511 1.6114 3.9694 -2.0072 1.8037 29.5046 -14.2922 2.1484
69 16 Car -1 -1 -10 145.5641 182.3207 208.4936 208.3295 1.3955 1.6280 4.3312 -25.5075 1.9846 42.6127 -11.1351 2.5521
69 6 Car -1 -1 -10 559.9620 175.2700 639.4317 250.8563 1.6032 1.6433 3.9829 -0.4043 1.6690 17.4871 -14.2230 5.0700
70 18 Car -1 -1 -10 12.1879 181.0533 112.3034 216.6158 1.4642 1.7123 3.8688 -24.6432 1.8573 32.5865 -11.0423 4.3925
70 1 Car -1 -1 -10 541.5653 178.2723 584.6474 217.1945 1.4675 1.6068 4.1568 -1.9212 1.7080 29.8808 -14.1593 1.8688
70 16 Car -1 -1 -10 131.7285 176.8939 202.0270 206.2707 1.5733 1.7462 4.3861 -25.4372 1.8190 41.5411 -11.1053 5.6887
70 6 Car -1 -1 -10 556.5143 173.4542 634.8627 247.4300 1.6043 1.6028 4.1857 -0.5116 1.6213 17.8429 -14.2377 6.4373
71 18 Car -1 -1 -10 0.0000 180.2970 97.0958 217.7128 1.4886 1.5684 3.8679 -24.4773 1.8341 31.4742 -11.0622 4.7663
71 1 Car -1 -1 -10 542.1754 178.3375 582.7899 216.4236 1.4567 1.5845 3.9069 -1.9804 1.7013 30.1506 -14.1789 2.6076
71 16 Car -1 -1 -10 119.2826 176.8136 191.2398 205.7224 1.5014 1.7309 4.2674 -25.3239 1.7351 40.2986 -11.1119 4.1460
71 6 Car -1 -1 -10 553.5405 173.0338 632.5377 246.2527 1.6291 1.6552 4.0199 -0.5800 1.6345 18.1483 -14.2441 5.9338
72 18 Car -1 -1 -10 0.0000 182.6912 79.6172 220.5806 1.4468 1.4695 3.6346 -24.3552 1.8867 30.3759 -11.0597 4.0377
72 1 Car -1 -1 -10 541.7119 180.2332 583.5105 217.5876 1.4357 1.5585 3.6382 -2.0863 1.7662 30.3790 -14.2572 2.7428
72 16 Car -1 -1 -10 111.6162 179.2579 185.4658 209.0015 1.4882 1.6124 4.3956 -25.0876 1.8580 39.3501 -11.1048 1.9652
72 6 Car -1 -1 -10 553.1346 174.4638 628.5175 245.7973 1.6077 1.6406 4.1381 -0.6435 1.6541 18.4947 -14.2346 6.5098
73 18 Car -1 -1 -10 0.0000 183.0891 63.8356 223.6606 1.4919 1.6102 3.6223 -24.3354 1.9347 29.3280 -11.0610 2.9561
73 1 Car -1 -1 -10 541.2231 182.3958 584.8743 219.4995 1.4334 1.6052 3.9316 -1.9893 1.8678 30.8513 -14.1351 1.6260
73 16 Car -1 -1 -10 95.2637 178.7799 174.8393 212.0678 1.6290 1.7444 4.2245 -25.1074 1.9616 38.2677 -11.0876 3.9587
73 6 Car -1 -1 -10 554.0364 174.9929 626.0877 247.7225 1.6598 1.6640 4.2271 -0.6575 1.7222 18.7588 -14.2085 5.1318
74 16 Car -1 -1 -10 80.7890 180.7813 166.1728 212.3091 1.4762 1.7340 4.2981 -24.9223 1.9084 37.0970 -11.0682 5.3385
74 6 Car -1 -1 -10 553.0423 175.6962 624.0083 246.1907 1.6303 1.6582 4.2521 -0.7161 1.7143 19.0458 -14.2173 4.9751
75 1 Car -1 -1 -10 536.1489 182.7415 583.8821 219.0492 1.4271 1.6085 3.8039 -2.2782 1.8866 31.4811 -14.3329 1.5161
75 16 Car -1 -1 -10 66.3624 179.8617 158.6714 212.2089 1.4618 1.6868 4.6969 -24.7471 1.8358 36.0586 -11.0783 3.7970
75 6 Car -1 -1 -10 551.8917 176.4954 621.7505 244.9998 1.6094 1.6648 4.1294 -0.7645 1.7179 19.3000 -14.2184 4.9646
76 16 Car -1 -1 -10 51.3228 180.0924 147.8098 213.0834 1.4493 1.7030 4.4982 -24.6447 1.8238 34.9970 -11.0544 6.1582
76 6 Car -1 -1 -10 552.3464 175.9104 621.2128 243.8800 1.6282 1.6730 3.8015 -0.7499 1.7191 19.4147 -14.2108 5.3168
77 16 Car -1 -1 -10 36.3428 179.0017 134.3830 213.1827 1.4615 1.6866 4.2543 -24.4718 1.7684 33.8026 -11.0537 5.8987
77 6 Car -1 -1 -10 552.7422 176.1575 619.6866 243.2392 1.6271 1.6396 3.9634 -0.7872 1.7272 19.7412 -14.2183 5.5553
78 16 Car -1 -1 -10 18.2031 178.9696 126.1802 214.5125 1.4657 1.7253 4.5536 -24.3709 1.7644 32.8737 -11.0532 6.3407
78 6 Car -1 -1 -10 552.4080 177.1954 617.5976 242.8507 1.6140 1.6312 3.8275 -0.8041 1.7463 19.9603 -14.2064 5.3342
79 20 Car -1 -1 -10 219.9740 173.1998 279.5047 202.2570 1.6691 1.8724 4.3061 -21.7825 1.6915 43.7429 -14.2514 2.0822
79 16 Car -1 -1 -10 1.6255 178.1052 114.6911 214.8034 1.4661 1.7230 4.5669 -24.2008 1.7151 31.8264 -11.0615 6.0166
79 6 Car -1 -1 -10 553.9445 176.9087 618.0546 241.4191 1.6070 1.6247 3.7798 -0.7949 1.7316 20.1610 -14.2118 4.7486
80 20 Car -1 -1 -10 202.4860 170.3164 267.1818 204.4761 1.8490 1.7907 4.4832 -21.4464 1.7120 41.3780 -14.2456 1.6531
80 16 Car -1 -1 -10 0.0000 177.1395 101.7059 215.5627 1.4853 1.7505 4.5800 -24.0976 1.6821 30.7407 -11.0463 6.2099
80 6 Car -1 -1 -10 553.1518 176.6905 617.6615 241.1122 1.6204 1.6509 4.3102 -0.8175 1.7421 20.6135 -14.2031 4.6152
81 16 Car -1 -1 -10 0.0000 175.4466 89.1689 216.4977 1.5443 1.7288 4.5257 -23.9157 1.6598 29.7371 -11.0482 5.0787
81 6 Car -1 -1 -10 555.0757 175.3932 617.2158 239.1063 1.6350 1.6146 4.0400 -0.8154 1.7157 20.7530 -14.2115 4.5277
82 16 Car -1 -1 -10 0.0000 174.9466 74.1957 217.7245 1.5395 1.7419 4.6850 -23.7800 1.6297 28.5863 -11.0528 3.1969
82 6 Car -1 -1 -10 555.2147 177.0820 617.4797 238.7630 1.5935 1.6367 4.0872 -0.7802 1.7292 21.0091 -14.1920 5.3068
83 16 Car -1 -1 -10 0.0000 174.0063 57.6190 218.6651 1.5740 1.7347 4.2210 -23.6571 1.6220 27.6839 -11.0379 3.2089
83 6 Car -1 -1 -10 557.5927 177.5482 620.5105 239.8755 1.6340 1.6793 4.0269 -0.6973 1.7861 21.2717 -14.1827 5.6013
84 16 Car -1 -1 -10 0.0000 174.7539 41.1602 222.6639 1.6049 1.7038 4.4047 -23.4788 1.6813 26.6116 -11.0773 2.2654
84 6 Car -1 -1 -10 558.6003 177.3778 618.6674 237.4664 1.5880 1.6164 4.0610 -0.7229 1.7358 21.4456 -14.1872 4.4848
85 6 Car -1 -1 -10 560.3239 176.6894 620.1897 236.6047 1.6099 1.6375 4.3719 -0.7300 1.7386 21.9062 -14.2034 5.4699
86 6 Car -1 -1 -10 559.9796 175.6171 619.4043 233.7737 1.5908 1.6448 4.2631 -0.6976 1.6841 22.1037 -14.1790 6.7047
87 6 Car -1 -1 -10 560.1744 174.5875 617.3595 232.4251 1.6059 1.5988 4.3379 -0.6831 1.6652 22.3463 -14.1567 6.4530
88 6 Car -1 -1 -10 562.7579 174.1456 620.5749 231.5782 1.6177 1.6404 4.2644 -0.6860 1.6624 22.5937 -14.1937 6.0477
89 6 Car -1 -1 -10 562.3014 174.3876 619.4517 230.2412 1.5964 1.6430 3.8093 -0.6464 1.6490 22.6515 -14.1635 4.5168
90 6 Car -1 -1 -10 561.8130 174.0253 617.6255 229.4018 1.5980 1.6194 4.3137 -0.7114 1.6394 23.0954 -14.1728 5.3773
91 6 Car -1 -1 -10 563.7062 174.5219 618.8316 229.5303 1.6064 1.6210 4.3855 -0.6487 1.6660 23.4135 -14.1607 6.5294
92 6 Car -1 -1 -10 563.5094 175.0385 618.4168 229.1739 1.6012 1.6374 4.2117 -0.6401 1.6795 23.6252 -14.1495 6.1836
93 6 Car -1 -1 -10 565.5228 175.8071 618.8688 229.3242 1.5917 1.6071 4.4337 -0.6714 1.6993 23.9527 -14.1776 5.8579
94 6 Car -1 -1 -10 564.9141 175.5892 618.0761 228.4324 1.5958 1.6249 4.4346 -0.7057 1.6967 24.2698 -14.1800 6.4302
95 6 Car -1 -1 -10 567.3066 175.1924 618.9709 226.5020 1.5726 1.6004 4.3826 -0.6624 1.6597 24.5385 -14.1806 5.3720
96 6 Car -1 -1 -10 567.0620 174.3298 618.4528 225.0332 1.5805 1.6128 4.2844 -0.6663 1.6360 24.7859 -14.1746 6.4197
97 6 Car -1 -1 -10 567.2004 171.3990 616.9596 221.0175 1.5775 1.5837 4.3798 -0.6974 1.5316 25.1549 -14.1747 5.3191
98 6 Car -1 -1 -10 567.3290 171.7602 618.1052 221.8332 1.6141 1.6402 4.4447 -0.7220 1.5792 25.5193 -14.1911 5.7205
99 6 Car -1 -1 -10 567.5066 175.1231 617.1522 224.9659 1.6074 1.6179 4.4161 -0.7286 1.6957 25.7160 -14.1864 6.2654
100 6 Car -1 -1 -10 568.4115 176.5301 617.9581 226.0625 1.6134 1.6379 4.5139 -0.6517 1.7584 26.1122 -14.1598 5.0415
101 6 Car -1 -1 -10 568.9302 176.9956 617.4599 225.6503 1.6054 1.6276 4.4643 -0.6492 1.7704 26.4341 -14.1555 4.9162
102 26 Car -1 -1 -10 247.9498 175.1213 298.8574 197.0947 1.4831 1.6133 3.9333 -23.8084 1.6504 51.1176 -10.9435 1.2955
102 6 Car -1 -1 -10 569.3786 177.8469 617.0849 225.9464 1.6043 1.6224 4.4057 -0.6623 1.8051 26.7440 -14.1588 5.4717
103 6 Car -1 -1 -10 569.4729 178.8552 617.2074 226.7121 1.6090 1.6436 4.6024 -0.6478 1.8544 27.1475 -14.1501 5.7890
104 6 Car -1 -1 -10 569.6847 178.8022 617.3307 226.1360 1.6131 1.6623 4.5026 -0.6723 1.8583 27.4275 -14.1607 5.5194
105 26 Car -1 -1 -10 220.2934 177.3996 272.8258 201.1678 1.4733 1.5724 3.9809 -23.8904 1.7857 47.5114 -11.0312 1.5066
105 6 Car -1 -1 -10 571.5237 177.3410 617.9858 222.9067 1.5807 1.6402 4.3447 -0.6234 1.7666 27.6462 -14.1562 5.1314
106 28 Car -1 -1 -10 258.7701 175.5311 307.0974 198.6606 1.5964 1.6489 4.3255 -23.7473 1.7996 52.4859 -11.0208 1.8373
106 6 Car -1 -1 -10 571.8132 175.9800 617.8504 222.0966 1.6260 1.6430 4.5092 -0.6054 1.7575 28.0060 -14.1461 5.3647
106 27 Car -1 -1 -10 293.7521 174.7045 334.9710 195.8058 1.6535 1.7330 4.2373 -24.1597 1.8108 59.0528 -11.0216 1.9012
107 28 Car -1 -1 -10 250.9252 177.1010 301.7848 199.9793 1.5322 1.6537 3.9721 -23.5818 1.8451 51.0821 -14.1013 1.3194
107 6 Car -1 -1 -10 572.8525 175.8528 618.5024 221.4217 1.6305 1.6529 4.5201 -0.5997 1.7583 28.3873 -14.1538 6.8171
107 27 Car -1 -1 -10 287.9204 175.2209 328.9690 195.8954 1.5819 1.6764 4.2854 -24.1554 1.7793 57.8841 -11.0424 1.0827
108 28 Car -1 -1 -10 242.2885 176.9897 295.4098 200.6212 1.5446 1.6569 4.1064 -23.5762 1.8432 49.9573 -14.1121 1.3666
108 6 Car -1 -1 -10 573.9487 176.3530 618.8433 220.9652 1.6135 1.6472 4.4202 -0.6167 1.7638 28.6808 -14.1710 6.5076
108 27 Car -1 -1 -10 281.8889 175.5186 324.5598 197.8972 1.6717 1.7424 4.3694 -24.0532 1.8896 56.6667 -11.0613 2.1836
109 28 Car -1 -1 -10 232.4275 176.9278 288.8797 200.8196 1.5213 1.6659 4.1626 -23.5674 1.8090 48.7763 -14.0952 1.7599
109 6 Car -1 -1 -10 574.1594 176.7565 617.4095 220.9626 1.6174 1.6056 4.2265 -0.6123 1.7856 28.9011 -14.1568 6.9897
110 26 Car -1 -1 -10 223.9087 176.5867 277.8280 200.4952 1.4798 1.6907 4.3438 -23.6339 1.7379 47.5863 -14.2176 3.7518
110 6 Car -1 -1 -10 574.5971 176.4888 617.9343 220.1507 1.6202 1.6310 4.5276 -0.5748 1.7802 29.4188 -14.1437 6.1755
110 27 Car -1 -1 -10 264.4296 174.8276 314.3272 200.1690 1.8145 1.7589 4.3141 -24.0271 1.9690 54.1748 -10.9746 2.5076
111 29 Car -1 -1 -10 152.8926 176.6135 222.4345 204.6046 1.4606 1.5311 3.9104 -23.4412 1.6804 40.1447 -10.9782 4.3617
111 26 Car -1 -1 -10 213.3620 176.2330 270.5212 202.7226 1.5987 1.7137 4.4259 -23.6102 1.8270 46.3972 -11.0746 2.5291
111 6 Car -1 -1 -10 575.5429 175.8331 618.8531 219.5078 1.6435 1.6498 4.5946 -0.5874 1.7764 29.7823 -14.1621 5.4246
111 27 Car -1 -1 -10 259.5552 175.5137 307.3356 198.4923 1.5994 1.6967 4.3797 -23.9242 1.8032 52.9610 -11.0413 2.9563
112 29 Car -1 -1 -10 135.4047 176.7731 210.6199 206.1825 1.4776 1.6420 4.1901 -23.5093 1.7010 38.9381 -11.0316 1.9694
112 26 Car -1 -1 -10 201.4603 176.1689 263.1887 204.8821 1.6862 1.7919 4.4138 -23.5714 1.9044 45.1528 -11.0611 3.1086
112 6 Car -1 -1 -10 576.0977 177.1970 617.9955 220.7820 1.6529 1.6149 4.3233 -0.5880 1.8468 29.9732 -14.1586 6.7494
112 27 Car -1 -1 -10 252.3909 176.9351 300.5904 200.3447 1.5831 1.6828 4.2990 -23.8769 1.8886 51.7517 -11.0535 1.2512
113 29 Car -1 -1 -10 124.0776 178.8168 197.6550 210.0663 1.5150 1.4776 3.7948 -23.3469 1.8418 37.6005 -10.9966 3.4975
113 26 Car -1 -1 -10 191.9875 179.4979 252.5846 206.3081 1.5078 1.6354 4.2582 -23.4983 1.9319 43.8365 -11.0637 4.0303
113 6 Car -1 -1 -10 576.5817 181.0244 619.2096 221.6016 1.5310 1.6604 4.3526 -0.5088 1.8989 30.2769 -14.1347 5.1395
113 27 Car -1 -1 -10 243.9075 178.1603 293.9276 203.0415 1.6334 1.6497 4.3637 -23.8433 2.0218 50.5380 -11.0515 1.8013
114 29 Car -1 -1 -10 103.7792 179.8155 183.7607 211.8629 1.4930 1.5725 3.6665 -23.3794 1.8613 36.2759 -10.9639 4.2221
114 26 Car -1 -1 -10 180.0157 181.9901 243.8715 209.4191 1.4854 1.6098 4.1218 -23.4170 2.0510 42.5502 -11.0305 2.7532
114 6 Car -1 -1 -10 579.1693 179.0207 620.8817 222.2040 1.6613 1.6436 4.5508 -0.4869 1.9437 30.7041 -14.1600 5.0518
114 27 Car -1 -1 -10 234.1463 180.9068 287.5585 204.8700 1.5121 1.6617 4.3467 -23.7598 2.0862 49.2052 -11.0288 3.3136
115 29 Car -1 -1 -10 82.2504 179.1017 170.3041 212.3379 1.4922 1.6916 3.7361 -23.3898 1.8120 34.9965 -10.9652 4.0649
115 26 Car -1 -1 -10 167.0345 181.8058 236.5277 209.6751 1.4592 1.6254 4.3612 -23.3498 2.0005 41.3951 -11.0250 2.8898
115 6 Car -1 -1 -10 578.0088 180.0662 619.8373 221.9981 1.6260 1.6661 4.3908 -0.4990 1.9576 30.9349 -14.1443 5.1309
115 27 Car -1 -1 -10 224.2456 180.5575 280.6458 205.1157 1.5101 1.6894 4.3825 -23.7170 2.0463 47.9708 -11.0257 3.6677
116 29 Car -1 -1 -10 65.8528 179.2182 155.9443 213.3119 1.4681 1.5256 3.7994 -23.2328 1.7826 33.6975 -10.9747 4.6458
116 26 Car -1 -1 -10 152.0963 180.3802 224.4542 208.9294 1.4517 1.6006 4.3367 -23.3283 1.8926 40.0378 -14.1710 3.5415
116 6 Car -1 -1 -10 580.0806 178.2910 620.8174 219.9163 1.6398 1.6391 4.3556 -0.4990 1.8919 31.2017 -14.1709 6.0234
116 27 Car -1 -1 -10 214.2938 176.9121 273.8965 203.9789 1.6421 1.7376 4.4868 -23.6369 1.9181 46.7312 -11.0362 2.7075
117 29 Car -1 -1 -10 47.4530 176.6816 139.1203 211.5328 1.4553 1.5121 3.7633 -23.1583 1.6379 32.4484 -11.0255 3.5155
117 26 Car -1 -1 -10 132.8145 175.2731 214.6572 206.4273 1.5607 1.8445 4.4791 -23.3531 1.6987 38.7748 -11.0393 4.8609
117 6 Car -1 -1 -10 579.9119 176.1034 620.6893 217.0699 1.6438 1.6583 4.5081 -0.5073 1.7967 31.5902 -14.1690 5.9170
117 27 Car -1 -1 -10 205.5459 176.0187 255.1198 202.1232 1.5398 1.6010 3.8921 -23.6976 1.7470 45.1058 -11.1597 1.2980
118 29 Car -1 -1 -10 22.6270 175.0130 125.2662 212.2145 1.4974 1.4505 4.0155 -23.1437 1.5974 31.2860 -10.9889 3.3412
118 26 Car -1 -1 -10 118.3434 175.2170 202.3190 206.1484 1.4972 1.7797 4.4192 -23.2881 1.6278 37.5161 -11.0437 4.8612
118 6 Car -1 -1 -10 580.7219 176.4572 620.3523 216.1519 1.6086 1.6290 4.4997 -0.4604 1.7796 31.9079 -14.1505 5.5436
118 27 Car -1 -1 -10 192.8057 175.8796 231.6133 202.6275 1.5225 1.5625 3.8342 -24.0193 1.7144 43.6057 -11.3667 1.5675
119 29 Car -1 -1 -10 0.0000 178.7106 101.7208 218.1111 1.4964 1.6427 3.6509 -23.1296 1.7533 29.7739 -10.9908 4.1967
119 26 Car -1 -1 -10 102.8152 179.1757 185.4596 211.7564 1.4907 1.5516 4.2563 -23.1692 1.8256 36.0156 -11.0466 3.8563
119 6 Car -1 -1 -10 581.0821 177.6221 620.6047 217.3926 1.6194 1.6390 4.5106 -0.4191 1.8473 32.1743 -14.1362 5.2093
120 29 Car -1 -1 -10 0.0000 180.1293 86.5883 223.5057 1.5597 1.5598 4.0670 -23.1175 1.8698 28.6719 -10.9815 4.2965
120 26 Car -1 -1 -10 84.4993 180.8401 173.1660 214.7188 1.4842 1.6120 4.0891 -23.0173 1.8909 34.6452 -11.0212 3.1866
120 6 Car -1 -1 -10 582.1780 178.6664 621.0219 218.7659 1.6358 1.6222 4.4885 -0.4764 1.9152 32.3637 -14.1751 4.6382
121 29 Car -1 -1 -10 0.0000 182.5745 64.5512 226.7813 1.5000 1.6241 3.9957 -23.0418 1.8961 27.3672 -11.0048 2.8378
121 26 Car -1 -1 -10 58.0679 182.2774 150.9157 218.3288 1.4976 1.7101 4.1883 -23.2199 1.9611 33.2836 -11.1062 2.7633
121 6 Car -1 -1 -10 578.3373 179.4368 621.8587 218.9855 1.6211 1.6832 4.7262 -0.5591 1.9428 32.7992 -14.2135 3.6201
121 27 Car -1 -1 -10 152.4867 183.0340 224.8326 212.1372 1.4716 1.6273 4.2506 -23.3615 2.0684 40.1270 -11.0204 4.6416
122 26 Car -1 -1 -10 35.0968 181.3668 137.3551 217.7308 1.4513 1.6290 4.2545 -23.1034 1.8546 31.9802 -11.0524 1.4282
122 6 Car -1 -1 -10 581.9286 177.7648 621.9773 217.7352 1.6642 1.6994 4.4423 -0.4402 1.9033 32.8328 -14.1634 4.4886
122 27 Car -1 -1 -10 132.9987 181.2594 212.5929 211.4178 1.4790 1.7866 4.2356 -23.3780 1.9553 38.7140 -11.0204 5.1687
123 26 Car -1 -1 -10 23.5750 181.9026 121.3016 219.9148 1.4518 1.6272 4.2583 -22.8835 1.8673 30.8610 -11.1740 1.1258
123 6 Car -1 -1 -10 582.1077 177.4756 620.5767 216.3999 1.6373 1.6468 4.3709 -0.4532 1.8636 33.0713 -14.1564 5.4061
123 27 Car -1 -1 -10 114.7396 180.5140 200.4698 212.1348 1.4961 1.8453 4.3175 -23.3483 1.9166 37.3844 -11.0288 5.2272
124 26 Car -1 -1 -10 0.0000 178.3430 107.0436 219.4905 1.5178 1.6573 4.5835 -22.9985 1.7607 29.5563 -11.0367 5.3913
124 6 Car -1 -1 -10 581.2632 177.2625 620.2421 216.5649 1.6613 1.6532 4.5066 -0.5261 1.8791 33.2977 -14.1819 5.5043
124 27 Car -1 -1 -10 96.3463 179.6482 186.6455 212.2389 1.4930 1.8130 4.1815 -23.2974 1.8523 36.0210 -11.0013 5.3700
125 26 Car -1 -1 -10 0.0000 179.0346 85.7474 223.8167 1.5715 1.7038 4.6329 -23.0600 1.8348 28.3317 -11.0539 4.5413
125 6 Car -1 -1 -10 581.7386 178.9460 619.7367 218.0525 1.6546 1.6445 4.3272 -0.4918 1.9553 33.3877 -14.1606 4.6951
125 27 Car -1 -1 -10 75.5644 181.3991 170.3810 214.7130 1.4497 1.7914 4.1972 -23.2580 1.8850 34.6033 -11.0200 4.5042
126 26 Car -1 -1 -10 0.0000 181.9695 59.4676 227.3970 1.4939 1.6464 4.4427 -23.0055 1.8624 26.8837 -11.0375 1.0435
126 6 Car -1 -1 -10 582.2577 179.1964 620.7453 218.2348 1.6572 1.6754 4.5371 -0.4856 1.9737 33.6679 -14.1706 5.4503
126 27 Car -1 -1 -10 54.8783 182.9502 153.8027 218.0765 1.4573 1.6841 4.1100 -23.1492 1.9507 33.1743 -11.0001 4.2978
127 6 Car -1 -1 -10 582.9403 177.7430 620.1235 215.3641 1.6172 1.6292 4.4757 -0.4502 1.8622 33.8506 -14.1546 5.1424
127 27 Car -1 -1 -10 29.3098 181.7847 134.3641 218.0789 1.4433 1.6691 4.0753 -23.1291 1.8619 31.7427 -11.0052 4.0234
128 6 Car -1 -1 -10 582.4607 176.3618 620.1975 213.9508 1.6300 1.6210 4.4313 -0.5041 1.8064 33.9570 -14.1838 5.2892
128 27 Car -1 -1 -10 0.7600 179.9874 119.3596 219.2023 1.4941 1.7161 4.3948 -23.1102 1.8179 30.5028 -11.0112 2.9088
129 6 Car -1 -1 -10 583.7717 177.6041 620.6244 213.5460 1.5595 1.6282 4.3069 -0.3911 1.7981 34.0300 -14.1400 4.1194
129 27 Car -1 -1 -10 0.0000 180.2335 95.8696 219.8043 1.4353 1.5772 4.2668 -23.0669 1.7555 29.1203 -11.0170 4.1388
130 6 Car -1 -1 -10 583.5882 175.8932 621.1454 212.7167 1.6136 1.6197 4.5491 -0.4600 1.7682 34.3061 -14.1839 4.2922
130 27 Car -1 -1 -10 0.0000 179.9519 76.6456 222.1255 1.4602 1.7464 4.2249 -23.0077 1.7555 27.8397 -11.0284 4.1498
131 6 Car -1 -1 -10 583.1915 176.7402 622.1424 213.3294 1.6040 1.6589 4.5119 -0.4482 1.8021 34.4136 -14.1912 4.3297
131 27 Car -1 -1 -10 0.0000 179.7587 54.0190 224.2697 1.4671 1.7126 4.2308 -22.9589 1.7426 26.5982 -11.0400 3.5292
132 6 Car -1 -1 -10 587.3613 177.2512 623.4722 213.0163 1.5746 1.6179 4.3240 -0.2975 1.7984 34.4811 -14.1615 3.7596
132 27 Car -1 -1 -10 0.0000 180.0074 28.3681 225.5023 1.4168 1.6717 4.2286 -22.9050 1.6893 25.2956 -11.0431 1.1117
133 6 Car -1 -1 -10 586.7234 177.1168 623.2754 213.4811 1.6097 1.6378 4.3176 -0.3327 1.8276 34.6341 -14.1707 4.4021
134 6 Car -1 -1 -10 588.6770 176.0220 624.8457 212.6088 1.6311 1.6327 4.2322 -0.2465 1.7931 34.6737 -14.1660 4.8455
134 32 Car -1 -1 -10 312.9751 179.1667 349.3844 197.1463 1.4463 1.5382 3.7412 -23.6522 1.9993 61.2672 -10.9600 1.2984
135 6 Car -1 -1 -10 588.2567 174.6662 623.7951 210.1904 1.6004 1.6126 4.5393 -0.2290 1.6944 35.0080 -14.1411 4.7393
135 33 Car -1 -1 -10 0.0000 175.6125 43.5815 203.9672 1.6769 1.6600 3.9963 -37.8440 1.8573 45.0758 -14.1168 1.5981
136 6 Car -1 -1 -10 590.2206 173.7426 625.1800 208.7268 1.5886 1.5935 4.1674 -0.1122 1.6346 34.9640 -14.1215 5.1293
136 32 Car -1 -1 -10 302.3513 176.3876 339.2948 195.1848 1.4609 1.6177 3.7311 -23.4935 1.7579 58.6778 -14.1711 1.4373
137 6 Car -1 -1 -10 590.3344 170.1819 626.4849 205.8352 1.6286 1.6332 4.2083 -0.1678 1.5069 35.0850 -14.1686 5.0439
137 32 Car -1 -1 -10 295.8752 172.6502 334.6470 193.1473 1.5748 1.6567 4.0918 -23.4697 1.5595 57.5298 -11.0620 1.3517
138 6 Car -1 -1 -10 589.8605 169.8970 626.1176 205.3597 1.6269 1.6054 4.0030 -0.1857 1.4916 35.1326 -14.1797 5.1267
138 32 Car -1 -1 -10 288.4131 172.1753 328.2087 192.9009 1.5501 1.5733 3.6896 -23.3136 1.4997 55.8161 -11.0071 1.3855
139 6 Car -1 -1 -10 587.9439 172.7333 625.6010 209.5049 1.6931 1.6722 4.1024 -0.2487 1.6879 35.3068 -14.1830 5.0931
139 32 Car -1 -1 -10 279.5418 176.4560 320.8001 197.0328 1.4823 1.6964 3.7221 -23.3962 1.7645 54.5480 -11.0517 3.4462
140 6 Car -1 -1 -10 589.7026 178.8073 624.2743 214.3012 1.6033 1.5972 4.4236 -0.1791 1.9152 35.5439 -14.1374 4.5733
140 32 Car -1 -1 -10 271.0098 180.7897 312.7750 201.4061 1.4293 1.6353 3.4074 -23.3754 2.0323 53.0686 -11.0189 2.8362
141 6 Car -1 -1 -10 589.2830 181.4196 624.5420 217.3644 1.6199 1.6347 3.9172 -0.1857 2.0639 35.4083 -14.1388 4.5007
141 32 Car -1 -1 -10 261.4121 181.3111 307.0387 203.9321 1.5148 1.6398 4.0380 -23.4032 2.1478 51.9134 -11.0480 1.5073
142 6 Car -1 -1 -10 587.8443 178.0428 623.9094 213.7142 1.6300 1.6353 4.2150 -0.2940 1.9027 35.7295 -14.1783 5.0292
142 32 Car -1 -1 -10 251.9966 179.0554 287.5250 202.5294 1.5329 1.6789 4.1521 -23.8002 1.9867 50.5248 -11.2934 1.5919
