0 3 Car -1 -1 -10 1131.4876 162.3671 1241.0000 221.7208 1.4747 1.7007 4.0590 16.2501 1.2145 19.0295 -12.6957 4.4954
0 0 Car -1 -1 -10 75.3227 181.2854 279.0993 248.1018 1.4672 1.6503 4.1865 -10.9786 1.7072 18.4345 -10.2181 8.1393
0 2 Car -1 -1 -10 428.3327 170.3491 574.9079 220.6047 1.5380 1.7198 4.4828 -3.6041 1.4617 23.7536 -9.8305 6.2645
0 1 Car -1 -1 -10 802.2982 161.6171 962.1628 250.5556 1.6420 1.6388 3.7311 5.7511 1.4349 15.1822 -13.3073 7.3479
1 3 Car -1 -1 -10 1174.8029 161.6545 1241.0000 219.8216 1.4078 1.6405 4.1958 17.0757 1.1371 18.5174 -12.6821 4.1238
1 0 Car -1 -1 -10 1.9190 182.8621 226.8345 256.1205 1.4622 1.5861 4.1250 -11.5844 1.7270 17.0108 -10.2478 6.9507
1 2 Car -1 -1 -10 399.4219 171.2308 554.9412 221.7377 1.4705 1.6927 4.5408 -4.2096 1.4236 22.7171 -9.8528 7.4538
1 1 Car -1 -1 -10 829.7708 160.9970 992.3625 250.7384 1.6171 1.6331 3.6911 6.2072 1.4038 14.8314 -13.2882 8.0213
2 0 Car -1 -1 -10 0.0000 181.6345 175.1829 260.7046 1.4433 1.6078 4.0632 -12.0550 1.6598 15.6927 -10.2875 6.2827
2 2 Car -1 -1 -10 364.4010 169.9644 529.2461 223.4951 1.4701 1.6881 4.5368 -4.8993 1.3911 21.5966 -9.8973 7.5352
2 1 Car -1 -1 -10 853.5565 159.7129 1023.7572 250.7295 1.6031 1.6498 3.6644 6.6149 1.3720 14.4994 -13.2464 7.4100
3 0 Car -1 -1 -10 0.0000 180.3248 97.0908 268.0079 1.4383 1.6288 3.8498 -12.6883 1.6065 14.1920 -10.3276 4.4757
3 2 Car -1 -1 -10 325.9030 166.7798 500.1286 224.9811 1.5068 1.6666 4.5112 -5.5995 1.3499 20.4873 -9.9230 6.7834
3 1 Car -1 -1 -10 881.0291 156.6926 1058.5958 250.7882 1.6195 1.6300 3.6858 7.0704 1.3417 14.1687 -13.2050 7.3261
4 2 Car -1 -1 -10 281.0788 165.8325 468.0432 227.8897 1.5030 1.6478 4.5092 -6.3023 1.3333 19.3533 -9.9747 8.0670
4 4 Car -1 -1 -10 882.9887 141.8867 1029.5664 204.5115 1.9583 1.7397 4.1046 11.3105 0.9903 23.7668 -9.5960 3.5631
4 1 Car -1 -1 -10 910.1511 153.7829 1097.9932 249.5129 1.6136 1.6536 3.7221 7.5817 1.2925 13.8876 -13.1618 7.3273
5 2 Car -1 -1 -10 228.3769 166.1160 429.3674 231.9431 1.4826 1.6234 4.4723 -7.0476 1.3312 18.1600 -10.0100 6.5645
5 4 Car -1 -1 -10 866.0229 144.6215 1018.7318 206.4938 1.8809 1.6820 4.1612 10.4970 1.0230 23.0180 -9.5459 4.3261
5 5 Car -1 -1 -10 1194.0334 152.7939 1241.0000 197.0899 1.4743 1.5703 3.7241 22.6151 0.8070 25.1027 -9.5958 1.2793
5 1 Car -1 -1 -10 936.9561 154.6681 1134.1518 250.6421 1.5888 1.6387 3.7381 8.0172 1.2881 13.6146 -13.1140 5.7984
6 2 Car -1 -1 -10 169.7282 166.6009 389.6751 238.2992 1.4924 1.6660 4.4736 -7.7373 1.3626 17.0047 -10.0531 7.4944
6 4 Car -1 -1 -10 850.1805 144.8069 998.5683 209.3336 1.9106 1.6670 3.9859 9.7183 1.0805 22.5219 -9.5957 1.3100
6 5 Car -1 -1 -10 1183.1217 153.1281 1241.0000 199.5903 1.5123 1.6824 4.0567 22.0581 0.8706 24.5929 -12.7034 1.6162
6 1 Car -1 -1 -10 965.7002 153.0955 1169.5538 253.4616 1.6334 1.6394 3.6607 8.4405 1.3122 13.3476 -13.0754 6.7463
7 2 Car -1 -1 -10 92.0972 166.4319 337.8655 244.9590 1.4937 1.6787 4.4919 -8.5647 1.3719 15.7849 -10.1032 7.4194
7 5 Car -1 -1 -10 1170.2941 154.6591 1241.0000 204.5028 1.5904 1.6372 3.5799 20.9985 1.0102 24.2033 -9.6409 2.6297
7 1 Car -1 -1 -10 995.0761 154.8025 1204.9808 257.1804 1.6320 1.6669 3.7108 8.8911 1.3446 13.1284 -13.0731 7.8010
8 2 Car -1 -1 -10 1.7276 167.8406 281.3491 255.8010 1.5134 1.6788 4.5294 -9.3247 1.4275 14.5414 -10.1495 5.6334
8 5 Car -1 -1 -10 1156.1960 155.6834 1241.0000 206.3711 1.5851 1.6127 3.8311 20.2736 1.0485 23.8369 -9.6873 3.3458
8 1 Car -1 -1 -10 1020.8269 155.1696 1237.8466 259.2561 1.6413 1.6549 3.6860 9.2840 1.3628 12.9477 -13.0367 7.3164
9 2 Car -1 -1 -10 0.0000 168.7938 214.6396 266.5665 1.5233 1.6396 4.2505 -9.9370 1.4604 13.3172 -10.2058 6.0958
9 1 Car -1 -1 -10 1046.7525 156.3445 1241.0000 260.3440 1.6256 1.6171 3.5750 9.6186 1.3679 12.7778 -13.0138 5.6696
10 2 Car -1 -1 -10 0.0000 171.8176 133.6246 280.6924 1.4769 1.6706 4.2223 -10.6471 1.4632 11.9399 -10.2985 5.2612
10 1 Car -1 -1 -10 1070.1059 154.3221 1241.0000 261.4474 1.6530 1.6909 3.8444 10.1094 1.3674 12.7466 -13.0299 5.5252
11 5 Car -1 -1 -10 1077.8784 158.1989 1219.8121 209.7733 1.5564 1.6303 3.8686 17.1742 1.1145 23.0885 -9.7041 1.4135
11 1 Car -1 -1 -10 1091.0454 155.4312 1241.0000 263.0085 1.6613 1.6819 3.8269 10.4714 1.3926 12.7379 -13.0227 5.4658
12 5 Car -1 -1 -10 1048.3187 164.6086 1185.3109 218.1415 1.5800 1.6938 3.6894 15.8831 1.3370 22.7009 -9.7608 4.8876
12 1 Car -1 -1 -10 1107.4574 159.9435 1241.0000 265.3084 1.6319 1.6458 3.9091 10.8106 1.4323 12.7158 -12.9829 3.9532
13 4 Car -1 -1 -10 615.3232 151.1516 808.7031 238.9325 2.0129 1.7278 4.5197 2.5039 1.5156 18.1105 -9.7646 1.0068
13 5 Car -1 -1 -10 1012.8679 168.8450 1156.7848 225.0357 1.6337 1.7221 4.0535 14.7641 1.5175 22.5128 -9.7959 5.9119
13 1 Car -1 -1 -10 1117.3654 167.5988 1241.0000 271.5348 1.6269 1.6521 3.9119 11.0152 1.5450 12.9650 -13.0747 4.4936
14 5 Car -1 -1 -10 974.9068 171.8831 1120.4552 227.3788 1.5866 1.7092 4.1492 13.4284 1.5592 22.2100 -9.8180 6.6994
14 1 Car -1 -1 -10 1122.5172 170.8549 1241.0000 273.7165 1.6238 1.7043 4.0643 11.2953 1.5926 13.1059 -13.0636 4.2977
15 5 Car -1 -1 -10 937.8213 173.1935 1081.1514 231.2342 1.6261 1.6930 4.0937 12.0601 1.6375 21.8498 -9.8521 6.0303
15 1 Car -1 -1 -10 1128.7389 172.6440 1241.0000 273.2430 1.6083 1.6969 4.2044 11.5742 1.6053 13.2664 -13.0535 4.2663
16 5 Car -1 -1 -10 895.5686 175.1557 1036.5171 234.4892 1.6142 1.6923 4.0064 10.5391 1.6882 21.4193 -9.8959 6.6773
16 6 Car -1 -1 -10 1095.4849 175.2999 1212.8572 222.0124 1.5858 1.6889 4.1228 19.8063 1.6809 26.3051 -9.8642 1.4811
16 1 Car -1 -1 -10 1135.2794 174.4207 1241.0000 273.7172 1.6105 1.6850 3.8275 11.6627 1.6436 13.4145 -13.0705 4.5372
17 5 Car -1 -1 -10 850.5493 177.0872 994.6780 238.0452 1.6049 1.6841 4.0908 9.0567 1.7383 20.9534 -9.9255 6.1122
17 6 Car -1 -1 -10 1058.6659 181.9105 1165.0949 227.6617 1.5023 1.7216 3.9759 18.1816 1.8534 26.1668 -9.9760 1.5939
17 1 Car -1 -1 -10 1133.6161 176.5181 1241.0000 275.9413 1.6377 1.6855 3.7867 11.7688 1.7163 13.7063 -13.1084 4.6894
18 5 Car -1 -1 -10 810.1297 177.8680 951.2859 240.1438 1.5826 1.6559 3.9593 7.6257 1.7366 20.3608 -9.9792 6.7387
18 6 Car -1 -1 -10 1022.1237 181.1057 1130.0619 225.2391 1.4483 1.6871 4.0763 16.8614 1.7679 26.1275 -9.9749 3.6133
18 1 Car -1 -1 -10 1128.0970 176.1316 1241.0000 275.0063 1.6714 1.6899 3.9921 11.9908 1.7434 14.0389 -13.0901 5.0743
19 5 Car -1 -1 -10 764.2353 178.3317 910.6169 243.3984 1.5894 1.6840 4.0374 6.2262 1.7537 19.7614 -10.0214 6.0128
19 6 Car -1 -1 -10 984.5880 182.6783 1092.0180 226.5670 1.4190 1.6809 4.0245 15.3682 1.7966 25.9150 -9.9908 5.1743
19 7 Car -1 -1 -10 1111.0565 180.3894 1195.5793 216.6592 1.4731 1.6382 4.0449 23.9328 1.8241 31.8047 -9.9843 1.1393
19 1 Car -1 -1 -10 1121.6299 176.4215 1241.0000 271.7187 1.6522 1.6993 3.9689 11.9896 1.7335 14.5072 -13.2013 5.9514
20 5 Car -1 -1 -10 719.1897 176.7514 868.4068 245.2524 1.6094 1.6425 4.0163 4.8514 1.7225 19.0150 -10.0617 7.4580
20 6 Car -1 -1 -10 947.2045 178.8208 1055.0011 225.9963 1.5279 1.6867 4.1701 13.9393 1.7566 25.7262 -10.0331 3.6049
20 7 Car -1 -1 -10 1077.4247 178.7073 1155.2821 214.4237 1.4569 1.6748 4.4774 22.5738 1.7349 32.1633 -10.1050 2.7061
20 1 Car -1 -1 -10 1113.5940 175.4504 1241.0000 266.5901 1.6337 1.7080 3.7271 11.9937 1.6940 14.8448 -13.2195 5.0276
21 5 Car -1 -1 -10 669.8662 178.2068 824.4135 248.9570 1.5707 1.6137 4.0004 3.4737 1.7199 18.1804 -10.1000 6.8825
21 6 Car -1 -1 -10 911.5308 179.5628 1014.4587 226.0887 1.4780 1.6268 4.1319 12.4244 1.7323 25.3904 -10.0931 3.4340
21 7 Car -1 -1 -10 1042.7020 178.7424 1118.2053 214.9023 1.4836 1.6671 4.2227 21.0231 1.7634 32.2447 -10.1215 5.1860
21 1 Car -1 -1 -10 1103.8695 175.9384 1241.0000 264.3403 1.6305 1.6948 3.8274 12.0875 1.7041 15.2826 -13.2319 5.7659
22 5 Car -1 -1 -10 616.8888 178.1900 780.8311 254.5769 1.5986 1.6532 3.9822 2.1571 1.7411 17.2921 -10.1358 7.6740
22 6 Car -1 -1 -10 872.7433 181.9904 978.3711 228.9011 1.4465 1.6530 4.3176 10.9783 1.7901 25.0712 -10.1341 4.9911
22 7 Car -1 -1 -10 1004.5086 179.8113 1083.5369 215.5306 1.4617 1.7004 4.6312 19.5731 1.7965 32.5234 -10.1385 5.8357
22 8 Car -1 -1 -10 1074.3925 179.9236 1129.7459 209.9598 1.4317 1.5115 3.9783 25.3611 1.8152 37.1946 -10.1728 1.4553
22 1 Car -1 -1 -10 1092.5395 176.0940 1231.2583 263.1922 1.6554 1.6828 3.8639 12.0681 1.7351 15.7597 -13.2869 5.4636
23 5 Car -1 -1 -10 561.2023 180.0541 736.6566 263.3578 1.6133 1.6443 4.0337 0.9270 1.7962 16.3024 -10.1876 7.0182
23 6 Car -1 -1 -10 834.0850 181.2809 938.8622 232.6552 1.5514 1.6910 4.1599 9.4032 1.8618 24.5003 -10.1825 5.3563
23 7 Car -1 -1 -10 972.1695 181.7559 1040.8221 218.9217 1.5124 1.6326 4.0210 17.7581 1.9361 32.3134 -10.2086 4.3377
23 8 Car -1 -1 -10 1036.5334 182.4531 1092.2550 213.9865 1.4943 1.7543 4.1306 23.6764 2.0230 37.5946 -10.2556 3.1354
23 1 Car -1 -1 -10 1076.0823 179.8803 1201.6135 262.6143 1.6187 1.6492 3.6691 11.9480 1.7958 16.2885 -13.3225 6.7895
24 9 Car -1 -1 -10 1189.4693 190.1452 1241.0000 229.1814 1.4697 1.6380 4.2807 26.1704 2.2707 31.2433 -13.4358 2.2719
24 5 Car -1 -1 -10 497.1400 179.7420 687.9706 271.5718 1.6442 1.6400 4.0588 -0.3007 1.8096 15.2536 -10.2313 7.2324
24 6 Car -1 -1 -10 794.3129 186.7069 897.7299 237.2850 1.4571 1.6497 4.0580 7.8459 1.9559 23.9277 -10.2259 6.5542
24 7 Car -1 -1 -10 932.8514 186.1485 1004.5693 221.9981 1.4245 1.7289 4.2675 16.1207 2.0616 32.4079 -10.2418 5.1420
24 8 Car -1 -1 -10 998.4200 185.9669 1053.4388 216.7794 1.4560 1.7139 3.9250 21.8177 2.1812 37.8512 -10.2606 3.0338
24 1 Car -1 -1 -10 1055.6681 182.9240 1178.5336 264.6499 1.6437 1.6969 3.6479 11.8517 1.9055 16.8511 -13.3366 6.4614
25 9 Car -1 -1 -10 1148.1312 190.7941 1195.4591 226.4971 1.4118 1.6020 3.8180 25.2461 2.2717 32.5579 -13.4970 1.8775
25 5 Car -1 -1 -10 425.9378 180.7826 634.1840 279.0120 1.5981 1.5967 4.0735 -1.4685 1.7766 14.1395 -10.2918 7.7134
25 6 Car -1 -1 -10 754.0211 186.6092 859.9940 240.6466 1.5061 1.6680 4.0937 6.3779 1.9897 23.2582 -10.2742 6.0142
25 7 Car -1 -1 -10 894.2917 185.5385 966.9234 223.7210 1.5134 1.7494 4.4674 14.3953 2.1224 32.3584 -10.2810 5.8637
25 8 Car -1 -1 -10 960.0923 187.2901 1013.0945 218.0797 1.4556 1.7025 3.9982 19.9130 2.2610 38.1491 -10.3082 4.1699
25 1 Car -1 -1 -10 1035.5290 183.9707 1146.2081 263.4295 1.6557 1.6694 3.8034 11.7103 1.9567 17.5462 -13.3931 5.4775
26 9 Car -1 -1 -10 1105.8207 186.8651 1153.4736 220.9029 1.4379 1.5959 3.7785 24.5279 2.1380 34.0650 -13.4511 2.6834
26 5 Car -1 -1 -10 339.9698 177.6254 573.5756 286.2960 1.6079 1.6041 3.9854 -2.6227 1.7073 12.9144 -10.3261 7.9651
26 6 Car -1 -1 -10 709.9028 184.2106 815.3954 239.3222 1.4930 1.6075 3.9931 4.7841 1.8794 22.4597 -10.3267 6.6484
26 7 Car -1 -1 -10 857.0966 183.7626 928.0546 219.8120 1.4248 1.6513 4.6477 12.6573 1.9481 32.2562 -10.3212 5.1575
26 8 Car -1 -1 -10 922.3307 184.3983 970.1655 214.4395 1.4432 1.5667 3.9893 17.8642 2.0900 38.3275 -10.3660 3.6226
26 1 Car -1 -1 -10 1010.5326 182.4919 1106.6519 257.7476 1.6419 1.6420 3.7948 11.3627 1.9127 18.2474 -13.4662 5.6444
27 9 Car -1 -1 -10 1061.3369 184.6554 1104.6325 217.8577 1.4835 1.6533 4.1780 23.5793 2.1079 35.9692 -13.5200 2.9691
27 5 Car -1 -1 -10 231.4303 177.6905 506.2300 301.5401 1.6049 1.6292 4.0021 -3.7156 1.6972 11.6126 -10.3742 8.8730
27 6 Car -1 -1 -10 662.7861 183.2522 774.9942 240.4036 1.4820 1.6350 4.1724 3.3205 1.8261 21.6744 -10.3800 6.6314
27 7 Car -1 -1 -10 816.6177 183.0695 886.6184 221.0951 1.4884 1.6829 4.6971 10.7265 1.9751 31.9408 -10.3863 4.2884
27 8 Car -1 -1 -10 882.2797 183.0589 927.5359 214.8596 1.5365 1.6201 4.1341 15.7237 2.1117 38.4529 -10.4538 3.7287
27 1 Car -1 -1 -10 980.7703 180.3335 1072.5202 253.5040 1.6783 1.6452 3.8731 10.9964 1.8969 19.0078 -13.4942 5.3977
28 12 Car -1 -1 -10 895.4616 182.3176 927.4752 204.4931 1.4728 1.5633 3.7731 21.5831 2.1772 51.6583 -10.4479 1.5527
28 9 Car -1 -1 -10 1019.7538 186.6981 1057.5149 216.6306 1.3846 1.6114 4.1562 22.3030 2.1486 37.6013 -13.5958 2.2245
28 5 Car -1 -1 -10 94.0318 176.6599 431.3031 323.1598 1.6190 1.6216 4.0686 -4.6824 1.6847 10.2340 -10.4278 7.5748
28 6 Car -1 -1 -10 615.0947 184.1242 730.4596 244.3079 1.4718 1.5682 4.2114 1.8618 1.8295 20.6714 -10.4423 7.2159
28 7 Car -1 -1 -10 776.1629 182.9827 844.2941 220.3357 1.4426 1.6653 4.3814 8.7417 1.9161 31.4058 -10.4320 6.8168
28 8 Car -1 -1 -10 841.5306 183.4937 888.5819 214.2122 1.4896 1.5721 3.7143 13.5597 2.0849 38.3539 -10.4313 4.4849
28 1 Car -1 -1 -10 951.0896 181.0761 1031.9821 250.5113 1.6584 1.6145 3.9361 10.4993 1.9084 19.8151 -13.5598 4.6914
29 9 Car -1 -1 -10 979.4120 185.8005 1012.9429 215.0864 1.4283 1.5303 3.8202 20.8512 2.1659 39.0405 -13.6457 1.3499
29 5 Car -1 -1 -10 0.0000 177.1677 339.8585 350.8236 1.5901 1.6326 3.9871 -5.5657 1.6561 8.8435 -10.4679 8.1357
29 6 Car -1 -1 -10 560.3054 183.2051 685.9047 249.4357 1.5307 1.6017 4.1809 0.4313 1.8437 19.5776 -10.4776 6.7470
29 7 Car -1 -1 -10 735.6299 183.4480 805.3989 221.9589 1.4571 1.6918 4.4047 6.9085 1.9456 30.9120 -10.4762 5.6564
29 8 Car -1 -1 -10 802.2698 184.4596 848.1056 213.4660 1.3860 1.6185 3.8591 11.4073 2.0348 38.2271 -10.5127 4.4193
29 1 Car -1 -1 -10 919.0979 181.4767 995.7574 248.5135 1.6618 1.6393 3.8452 9.8852 1.9318 20.4887 -13.6026 4.3099
30 5 Car -1 -1 -10 0.0000 177.1155 216.6069 374.0000 1.5597 1.6656 3.8340 -6.3824 1.6156 7.3153 -10.5233 5.0833
30 6 Car -1 -1 -10 503.0938 184.1304 637.4972 252.1872 1.4558 1.5734 4.1428 -0.9196 1.7777 18.3669 -10.5325 6.7085
30 7 Car -1 -1 -10 693.4401 183.3638 765.1960 222.9289 1.4544 1.7063 4.5850 5.0441 1.9308 30.2463 -10.5356 5.7322
30 8 Car -1 -1 -10 762.7725 183.0837 808.1532 213.2383 1.4361 1.5677 3.8700 9.2149 2.0028 37.8589 -10.5541 4.9138
30 1 Car -1 -1 -10 885.7506 181.1918 957.6720 245.8503 1.6747 1.6453 3.7602 9.2020 1.9444 21.2594 -13.6476 6.3891
31 6 Car -1 -1 -10 436.8636 181.1399 584.8505 257.6112 1.5232 1.5847 4.0070 -2.2292 1.7434 16.9885 -10.5787 7.5126
31 7 Car -1 -1 -10 653.1090 182.2874 726.5097 222.4279 1.4413 1.7082 4.7198 3.3248 1.8613 29.5888 -10.5935 6.7435
31 8 Car -1 -1 -10 722.5805 183.1306 768.9992 213.5934 1.4328 1.6220 3.8453 7.0547 1.9960 37.4288 -10.6053 4.9579
31 1 Car -1 -1 -10 854.8903 181.7040 920.4389 243.6375 1.6628 1.6049 3.9300 8.5228 1.9602 22.0950 -13.7000 5.4791
32 6 Car -1 -1 -10 359.6269 181.0203 532.9983 265.9911 1.5231 1.6087 4.2144 -3.3915 1.7258 15.6198 -10.6358 7.7717
32 7 Car -1 -1 -10 609.8872 182.2470 684.5898 223.5603 1.4336 1.6420 4.7043 1.5364 1.8395 28.6587 -10.6423 6.3412
32 8 Car -1 -1 -10 681.7837 183.4319 731.0123 214.2436 1.4222 1.6709 3.9128 4.9436 1.9945 36.8857 -10.6393 5.3876
32 1 Car -1 -1 -10 820.8943 181.9531 881.6012 240.6105 1.6265 1.6339 3.9117 7.6361 1.9409 22.7810 -13.7665 6.2889
33 13 Car -1 -1 -10 703.1696 179.4500 726.3720 202.3007 1.5558 1.6051 4.0054 7.5553 2.0545 52.4208 -10.8643 1.4853
33 6 Car -1 -1 -10 271.6621 180.2954 474.7029 274.7478 1.5080 1.6173 4.2437 -4.4424 1.6776 14.1408 -10.6921 7.0542
33 7 Car -1 -1 -10 564.7143 180.5209 644.2439 225.0855 1.5004 1.7056 4.6930 -0.1449 1.8210 27.6418 -10.6949 7.0601
33 8 Car -1 -1 -10 640.9242 181.4550 691.1613 213.6857 1.4667 1.6624 4.0851 2.8337 1.9248 36.2007 -10.6977 5.4537
33 1 Car -1 -1 -10 786.5589 180.2955 844.2432 236.8137 1.6359 1.6138 3.9170 6.7238 1.9010 23.5528 -13.8084 4.5231
34 14 Car -1 -1 -10 661.5905 180.1909 688.2720 202.2977 1.4898 1.5402 3.5863 4.6631 2.0363 51.7980 -10.8002 2.4463
34 6 Car -1 -1 -10 162.0202 181.3851 408.8561 290.1828 1.4944 1.6002 4.2396 -5.3667 1.6694 12.5147 -10.7395 7.3794
34 7 Car -1 -1 -10 517.1458 179.8773 599.7863 225.3274 1.4675 1.7107 4.3428 -1.8163 1.7467 26.3272 -10.7412 7.8689
34 8 Car -1 -1 -10 599.3083 181.1343 651.6789 214.0909 1.4641 1.6537 4.0190 0.7822 1.8942 35.2896 -10.7337 5.6505
34 1 Car -1 -1 -10 751.5341 180.7948 806.7241 233.5354 1.5705 1.6632 3.9234 5.6744 1.8607 24.2258 -13.8824 4.9540
35 6 Car -1 -1 -10 24.3113 181.8307 331.5610 310.6708 1.4957 1.5922 4.1963 -6.1702 1.6591 10.8920 -10.8064 7.5652
35 7 Car -1 -1 -10 470.4815 179.6189 560.2663 227.8603 1.4817 1.7118 4.6519 -3.2307 1.7422 25.2948 -10.7968 7.4343
35 8 Car -1 -1 -10 560.3582 180.9677 611.4524 214.4008 1.4420 1.6570 4.0302 -1.1181 1.8517 34.2743 -10.8280 4.9937
35 15 Car -1 -1 -10 622.9463 179.4020 648.7121 201.6108 1.4808 1.5821 3.8028 1.8382 1.9641 51.2418 -10.8934 1.6239
35 1 Car -1 -1 -10 718.6141 178.5623 770.9085 229.7002 1.5759 1.6306 4.2653 4.6231 1.7917 24.9820 -13.9488 5.1143
36 6 Car -1 -1 -10 0.0000 182.2366 246.6798 343.0093 1.4913 1.6263 4.3310 -6.8182 1.6408 9.2100 -10.8581 5.8268
36 7 Car -1 -1 -10 423.4042 180.0378 518.3792 231.9153 1.4981 1.6898 4.5222 -4.5041 1.7594 23.8466 -10.8504 7.4829
36 8 Car -1 -1 -10 521.0055 181.4007 576.8489 215.8207 1.4317 1.6731 3.9096 -2.7713 1.8485 33.0938 -10.8400 5.8562
36 15 Car -1 -1 -10 587.3724 179.6867 618.7420 201.7598 1.4443 1.5713 3.8188 -0.4764 1.9416 50.4645 -10.8348 1.1250
36 1 Car -1 -1 -10 690.0587 178.4620 740.8440 228.6585 1.5890 1.6320 4.0670 3.6705 1.8037 25.4444 -13.9915 5.2413
37 6 Car -1 -1 -10 0.0000 183.4014 145.8383 374.0000 1.5122 1.6823 4.2165 -7.2983 1.6556 7.5943 -10.8848 4.9578
37 7 Car -1 -1 -10 375.4753 180.7945 483.3022 235.5780 1.4766 1.7047 4.6242 -5.5263 1.7515 22.5429 -10.8683 6.8954
37 8 Car -1 -1 -10 487.8480 181.5815 544.4765 217.4459 1.4367 1.6164 3.9358 -4.1208 1.8481 31.9375 -10.8900 5.2956
37 15 Car -1 -1 -10 558.3597 180.3181 589.2238 202.6366 1.4345 1.5519 3.3853 -2.4717 1.9636 49.3350 -10.8733 2.0842
37 1 Car -1 -1 -10 662.4818 178.1651 712.6616 227.9388 1.6158 1.6576 4.0866 2.7654 1.8232 25.9996 -14.0211 5.8437
38 7 Car -1 -1 -10 328.7721 183.0652 447.2446 241.1145 1.4413 1.7270 4.5554 -6.3534 1.7732 21.0806 -10.9091 6.9137
38 8 Car -1 -1 -10 454.3263 181.8573 516.0929 219.8691 1.4588 1.6737 3.9405 -5.2660 1.8673 30.6778 -10.9187 5.5591
38 15 Car -1 -1 -10 532.0167 180.7054 564.1378 204.4616 1.4955 1.5743 3.6046 -4.1551 2.0440 48.5102 -10.9135 2.8396
38 1 Car -1 -1 -10 641.6750 178.2103 690.0091 227.5026 1.6304 1.6320 4.3832 2.0498 1.8451 26.6125 -14.0429 4.8450
39 7 Car -1 -1 -10 279.5524 184.2692 413.3958 248.2746 1.4570 1.7144 4.6288 -7.0080 1.8053 19.6275 -10.9342 6.8759
39 8 Car -1 -1 -10 425.6891 183.1339 490.3559 223.4525 1.4726 1.6744 4.0114 -6.1505 1.9211 29.4195 -10.9624 5.5891
39 15 Car -1 -1 -10 509.0422 180.9935 540.0573 205.3631 1.5082 1.6024 3.4311 -5.6232 2.0642 47.5286 -10.9843 1.1470
39 1 Car -1 -1 -10 621.3317 178.7081 669.3883 226.5319 1.6084 1.6316 4.3267 1.3511 1.8462 27.0360 -14.0487 4.9921
40 7 Car -1 -1 -10 230.2174 184.4503 378.9870 253.5498 1.4442 1.6849 4.5372 -7.5005 1.7732 18.1474 -10.9584 6.9840
40 8 Car -1 -1 -10 396.9317 183.3674 467.1142 225.1633 1.4536 1.6500 3.9951 -6.8857 1.8933 28.1286 -10.9665 7.4041
40 15 Car -1 -1 -10 489.9621 181.8124 522.9656 206.4966 1.4918 1.5702 2.9735 -6.6321 2.0850 46.2268 -10.9514 1.0077
40 1 Car -1 -1 -10 605.5400 178.4551 651.9368 225.7067 1.6210 1.6270 4.4145 0.6879 1.8523 27.5136 -14.1028 5.6346
41 7 Car -1 -1 -10 176.3790 184.6290 343.2232 261.9724 1.4720 1.6607 4.4501 -7.8714 1.7804 16.6412 -10.9871 7.8529
41 8 Car -1 -1 -10 369.9794 182.9525 444.3293 227.7492 1.4883 1.6527 3.8360 -7.4695 1.8902 26.7623 -10.9869 6.6479
41 16 Car -1 -1 -10 429.6613 182.0478 480.0254 215.5008 1.4889 1.5296 4.1459 -7.5658 1.9661 35.3380 -10.9829 3.5494
41 1 Car -1 -1 -10 591.7420 178.5135 637.4251 225.5684 1.6418 1.6272 4.2955 0.1386 1.8775 27.8461 -14.1280 5.5122
42 7 Car -1 -1 -10 118.9885 186.5415 307.7088 271.5045 1.4476 1.6268 4.2509 -8.0771 1.7749 15.1042 -10.9985 7.7019
42 8 Car -1 -1 -10 342.5808 185.0503 426.6855 231.4551 1.4399 1.7207 3.9491 -7.8644 1.9031 25.4021 -10.9928 5.8708
42 16 Car -1 -1 -10 407.8503 183.0786 464.5205 218.6835 1.5179 1.5643 4.1210 -8.1598 2.0302 34.0396 -10.9634 2.6490
42 15 Car -1 -1 -10 454.9012 183.4157 496.1635 208.5292 1.4035 1.5698 3.9366 -8.1835 2.0778 44.0262 -10.9349 1.8876
42 1 Car -1 -1 -10 582.6567 179.3747 627.8737 225.1628 1.6208 1.6394 4.1832 -0.2577 1.8955 28.2464 -14.1576 5.8833
43 7 Car -1 -1 -10 38.9215 190.5078 277.6111 287.8614 1.4419 1.7460 4.5193 -8.2990 1.8346 13.7689 -11.0005 7.8808
43 8 Car -1 -1 -10 321.2043 186.7405 408.0471 235.7178 1.4262 1.6584 3.8729 -8.1144 1.9275 24.0713 -11.0182 7.0498
43 16 Car -1 -1 -10 396.5825 184.9431 452.0482 221.3091 1.4750 1.5510 4.1792 -8.3941 2.0599 32.7756 -11.0229 4.4124
43 15 Car -1 -1 -10 444.9112 181.2861 480.6736 211.1386 1.6443 1.5664 3.8008 -8.7148 2.1674 42.7838 -11.0572 4.0390
43 1 Car -1 -1 -10 574.1869 179.7734 619.2187 225.7641 1.6481 1.6550 4.3093 -0.5157 1.9441 28.6652 -14.1294 5.2770
44 7 Car -1 -1 -10 0.0000 190.4357 237.9351 307.1553 1.5057 1.6087 4.5196 -8.2882 1.8611 12.2810 -11.0310 6.1373
44 8 Car -1 -1 -10 297.4204 188.1390 393.0520 240.7264 1.4298 1.6831 3.9305 -8.2678 1.9546 22.7631 -11.0270 6.2264
44 16 Car -1 -1 -10 383.1443 184.8496 443.1755 224.2621 1.5352 1.5886 4.1767 -8.5460 2.0943 31.4963 -11.0233 5.0839
44 15 Car -1 -1 -10 434.9544 185.3220 474.3216 214.1826 1.5261 1.6199 3.9595 -9.0043 2.2856 41.9119 -14.1871 2.6768
44 18 Car -1 -1 -10 463.4830 184.6467 496.5387 207.0153 1.4290 1.5404 3.5885 -8.9654 2.2734 49.8238 -10.9657 1.2219
44 1 Car -1 -1 -10 569.5364 180.0515 614.7489 225.4990 1.6447 1.6814 4.5284 -0.7247 1.9580 29.0987 -14.1448 5.0176
45 7 Car -1 -1 -10 0.0000 193.5706 197.0359 328.3292 1.4438 1.7257 4.5564 -8.3408 1.8174 10.7134 -11.0018 5.8061
45 8 Car -1 -1 -10 272.5454 189.1072 378.0201 245.2524 1.4198 1.6562 3.9009 -8.3291 1.9455 21.3510 -11.0174 7.3168
45 16 Car -1 -1 -10 367.9305 184.1180 433.7328 226.5964 1.5923 1.6619 4.0733 -8.7004 2.0961 30.1903 -11.0195 4.8021
45 15 Car -1 -1 -10 427.4771 183.8653 467.3623 212.5858 1.4786 1.6253 3.4288 -9.0559 2.1200 40.2466 -11.0502 2.4356
45 18 Car -1 -1 -10 456.3899 184.5156 484.0612 208.0139 1.4609 1.5806 3.7308 -9.5249 2.2833 48.8532 -11.2569 1.7691
45 1 Car -1 -1 -10 568.8830 179.6200 612.3543 225.5577 1.6948 1.6429 4.0614 -0.8760 1.9893 29.2960 -14.1872 5.8318
46 19 Car -1 -1 -10 1174.1268 176.7218 1241.0000 270.9466 1.4263 1.5858 3.8696 11.7580 1.5085 13.1777 -13.6869 1.8301
46 7 Car -1 -1 -10 0.0000 194.2471 145.4321 355.9808 1.4736 1.6647 4.4105 -8.3192 1.8177 9.3743 -11.0094 4.8336
46 8 Car -1 -1 -10 244.9622 189.1715 362.7753 251.2308 1.4643 1.6554 3.8129 -8.3517 1.9588 19.9371 -11.0004 7.3696
46 16 Car -1 -1 -10 356.5337 186.4071 426.7469 228.1968 1.4780 1.6636 4.0389 -8.6819 2.0590 28.8732 -11.0162 4.9304
46 15 Car -1 -1 -10 419.1431 184.5860 462.8743 216.7700 1.6026 1.6240 3.5766 -9.1293 2.2675 39.0570 -11.0241 3.0348
46 1 Car -1 -1 -10 567.8048 180.3246 610.6137 224.9036 1.6620 1.6394 4.0692 -0.9398 1.9910 29.6656 -14.1872 5.1486
47 7 Car -1 -1 -10 0.0000 195.9328 87.3385 374.0000 1.4318 1.6454 4.3979 -8.3862 1.7610 8.0312 -14.0733 3.3054
47 8 Car -1 -1 -10 213.4584 190.3909 346.7309 257.5056 1.4430 1.6990 3.8812 -8.3224 1.9403 18.4880 -11.0134 7.0833
47 16 Car -1 -1 -10 342.7696 186.3626 418.2318 231.4359 1.5117 1.6635 4.0229 -8.6657 2.0638 27.4398 -11.0156 4.9674
47 15 Car -1 -1 -10 412.6417 182.4779 458.2876 217.4252 1.6913 1.6207 3.6173 -9.1134 2.2198 37.7602 -11.0276 3.8154
47 1 Car -1 -1 -10 566.9186 179.9772 609.0846 223.7720 1.6463 1.6312 4.5613 -1.0274 1.9678 30.2020 -14.1964 5.5008
48 8 Car -1 -1 -10 176.0398 191.0210 328.6989 264.6240 1.4441 1.7026 3.9638 -8.3305 1.9260 17.1301 -11.0083 8.1722
48 16 Car -1 -1 -10 330.2469 187.0867 409.3619 234.1464 1.4970 1.7024 3.9523 -8.6484 2.0534 26.1760 -11.0377 4.6628
48 15 Car -1 -1 -10 407.3234 182.0839 452.5964 218.3397 1.6939 1.6121 3.5496 -9.0785 2.1840 36.4593 -11.0600 4.2972
48 1 Car -1 -1 -10 567.3007 180.3329 609.3116 223.1723 1.6325 1.6488 4.4656 -0.9967 1.9731 30.5540 -14.1836 5.3100
49 8 Car -1 -1 -10 129.4019 190.9543 306.0638 274.3196 1.4839 1.7044 3.9062 -8.3178 1.9258 15.6440 -10.9938 8.8732
49 16 Car -1 -1 -10 314.1091 187.0561 401.1739 235.8868 1.4577 1.6462 4.0660 -8.5886 1.9862 24.7794 -11.0170 5.0138
49 15 Car -1 -1 -10 400.0971 182.1689 451.6999 218.8327 1.6415 1.6404 3.9557 -8.9804 2.1238 35.3245 -11.0293 4.3629
49 1 Car -1 -1 -10 567.3310 179.8062 609.0249 221.6416 1.6173 1.6552 4.4136 -0.9680 1.9365 30.8599 -14.1642 5.7181
50 8 Car -1 -1 -10 73.2588 192.4028 280.7740 286.3083 1.4798 1.6827 4.0260 -8.2968 1.9201 14.2208 -10.9974 7.7808
50 16 Car -1 -1 -10 297.4747 186.6354 391.3010 240.9813 1.5265 1.6314 4.1016 -8.5213 2.0132 23.3877 -11.0230 5.0140
50 15 Car -1 -1 -10 391.7885 183.3230 445.5291 221.9749 1.6533 1.6356 3.8479 -8.9495 2.1735 33.8720 -11.0333 4.6824
50 18 Car -1 -1 -10 440.2387 185.3662 478.7326 212.1015 1.5066 1.5758 4.1108 -9.2934 2.3172 44.6560 -11.0083 3.2485
50 1 Car -1 -1 -10 567.2163 180.4031 608.0452 221.5718 1.6147 1.6445 4.1276 -0.9691 1.9625 31.1317 -14.1498 5.1569
51 8 Car -1 -1 -10 4.5839 195.6435 248.6847 300.6064 1.4402 1.6843 3.9735 -8.2633 1.9066 12.7581 -11.0049 7.5609
51 16 Car -1 -1 -10 270.5612 188.5384 378.5157 246.9310 1.5148 1.7445 4.0455 -8.5404 2.0346 21.8525 -11.0170 5.4409
51 15 Car -1 -1 -10 382.1820 184.4795 442.6560 224.6445 1.6455 1.7101 3.7965 -8.8775 2.2012 32.5619 -11.0010 7.0004
51 18 Car -1 -1 -10 437.5563 186.5197 473.8697 213.4287 1.4715 1.6096 3.8338 -9.2687 2.3315 43.4188 -11.0633 2.2354
51 1 Car -1 -1 -10 567.9093 181.1933 609.1613 222.1553 1.6178 1.6566 4.1860 -1.0362 2.0071 31.5080 -14.2010 4.9812
52 8 Car -1 -1 -10 0.0000 196.5938 207.1316 317.2914 1.4501 1.6839 3.7509 -8.2339 1.8839 11.2888 -11.0038 6.9263
52 16 Car -1 -1 -10 247.4795 189.4974 365.2173 252.8809 1.5175 1.6850 4.0825 -8.4703 2.0362 20.4108 -11.0160 5.2245
52 15 Car -1 -1 -10 374.2910 183.3169 435.1411 226.4756 1.6929 1.6493 3.7396 -8.8122 2.1718 31.1073 -11.0220 5.6610
52 1 Car -1 -1 -10 569.1484 181.1049 609.7196 222.4247 1.6481 1.6689 4.2833 -0.9847 2.0373 31.8240 -14.1829 5.5830
53 8 Car -1 -1 -10 0.0000 199.0661 155.8391 343.4845 1.4390 1.6149 3.8022 -8.2061 1.8644 9.7885 -11.0053 4.9888
53 16 Car -1 -1 -10 219.9879 189.7958 345.0930 256.3857 1.4607 1.5682 3.9325 -8.4194 1.9497 18.8218 -11.0221 5.8465
53 15 Car -1 -1 -10 364.1106 183.0047 427.5871 227.2912 1.6490 1.6720 3.7832 -8.7676 2.0942 29.6839 -11.0494 3.9959
53 18 Car -1 -1 -10 428.0473 186.1232 465.1539 215.2447 1.4938 1.7083 4.2195 -9.3143 2.2929 41.2246 -11.1308 1.4544
53 1 Car -1 -1 -10 569.4942 180.4729 608.8239 220.8786 1.6451 1.6430 3.9385 -0.9724 2.0057 32.1198 -14.1680 4.1984
54 8 Car -1 -1 -10 0.0000 203.5331 84.0236 374.0000 1.3931 1.5790 3.6943 -8.2132 1.8233 8.2588 -10.9947 3.9377
54 16 Car -1 -1 -10 182.4640 187.8754 327.5834 264.0024 1.5313 1.6321 4.0093 -8.3793 1.9351 17.3445 -11.0302 6.8111
54 15 Car -1 -1 -10 350.4211 182.8774 421.6831 228.1972 1.6032 1.6761 3.6827 -8.7016 2.0209 28.1899 -11.0058 6.1981
54 18 Car -1 -1 -10 425.2866 183.9791 471.2117 213.8243 1.5073 1.7517 4.2785 -8.9846 2.1614 40.2265 -11.0331 2.1890
54 1 Car -1 -1 -10 570.1221 179.5494 610.1664 218.6320 1.6044 1.6850 4.4291 -0.9985 1.9287 32.6491 -14.1928 5.6746
55 16 Car -1 -1 -10 131.7916 187.8468 306.4192 273.8409 1.5516 1.6579 4.1013 -8.3614 1.9232 15.7996 -11.0119 7.1495
55 15 Car -1 -1 -10 338.0894 181.8700 413.1192 231.7791 1.6749 1.6344 3.6817 -8.6327 2.0325 26.7338 -11.0107 4.2369
55 18 Car -1 -1 -10 421.0561 183.4905 459.5774 216.0248 1.5983 1.7294 4.0856 -9.1517 2.2054 39.0038 -11.1518 1.9440
55 1 Car -1 -1 -10 569.7077 180.1149 609.2904 218.7032 1.5987 1.6468 4.3622 -1.0345 1.9532 32.9594 -14.2021 4.7228
56 16 Car -1 -1 -10 76.0092 189.1597 274.5621 286.1412 1.5432 1.6164 3.9266 -8.2945 1.9079 14.1331 -11.0254 7.3797
56 15 Car -1 -1 -10 320.6930 184.5292 403.6995 236.9155 1.6326 1.6762 3.6900 -8.5824 2.0703 25.1684 -11.0101 4.9992
56 18 Car -1 -1 -10 418.7765 186.7739 459.9165 217.6180 1.4412 1.5868 4.0977 -8.9043 2.2107 37.7454 -11.0998 2.2554
56 1 Car -1 -1 -10 570.4067 180.9581 609.8930 220.3421 1.6531 1.6328 4.0896 -0.8972 2.0494 33.1899 -14.1189 4.1427
57 16 Car -1 -1 -10 0.0000 192.0250 241.2883 303.3414 1.5197 1.6423 4.0248 -8.2750 1.9090 12.5935 -11.0338 7.3271
57 15 Car -1 -1 -10 303.7042 186.3185 390.2343 240.7443 1.5839 1.6731 3.4974 -8.5626 2.0589 23.6539 -11.0326 6.9016
57 18 Car -1 -1 -10 411.6347 188.9353 459.9696 221.1163 1.4480 1.6743 3.8470 -8.7564 2.3030 36.3829 -11.0422 2.0638
57 1 Car -1 -1 -10 571.9759 184.0305 610.5787 222.0131 1.5859 1.6816 4.3837 -0.8960 2.1414 33.6294 -14.1554 4.4878
58 16 Car -1 -1 -10 0.0000 191.1597 199.2734 324.2829 1.5560 1.6084 3.9970 -8.2292 1.8864 10.9951 -11.0116 6.5007
58 15 Car -1 -1 -10 281.7087 187.5421 379.1858 246.2834 1.5785 1.6794 3.6378 -8.5056 2.0674 22.1525 -11.0264 7.9025
58 18 Car -1 -1 -10 402.4375 189.0733 453.4714 223.1217 1.4513 1.6855 4.4028 -8.8308 2.2929 35.1626 -11.0707 3.1279
58 1 Car -1 -1 -10 571.9164 185.1135 611.2733 223.1144 1.5987 1.6375 4.2486 -0.9610 2.2128 33.9391 -14.2128 5.0222
59 16 Car -1 -1 -10 0.0000 190.8998 145.8057 352.8737 1.5505 1.5883 4.1075 -8.2138 1.8384 9.4293 -11.0100 5.1592
59 15 Car -1 -1 -10 257.8543 185.6837 366.3052 249.5587 1.6022 1.6419 3.6474 -8.4438 2.0027 20.6669 -11.0086 7.5690
59 18 Car -1 -1 -10 396.8562 188.1857 450.8716 223.2755 1.4467 1.6804 4.3709 -8.7104 2.2157 33.9350 -11.0613 2.2004
59 1 Car -1 -1 -10 574.2765 184.3992 612.0563 221.2987 1.5723 1.6819 4.3796 -0.8080 2.1569 34.3137 -14.1456 4.2861
60 16 Car -1 -1 -10 0.0000 191.6240 80.7097 374.0000 1.5502 1.6712 4.2178 -8.1311 1.8093 7.8139 -11.0213 2.8089
60 15 Car -1 -1 -10 227.7301 184.9872 348.5727 254.4815 1.5959 1.6546 3.5964 -8.3811 1.9467 19.0196 -11.0200 7.8599
60 18 Car -1 -1 -10 389.2022 186.6271 448.0165 222.8389 1.4533 1.6571 3.8662 -8.5494 2.1088 32.3757 -11.0075 4.4288
60 1 Car -1 -1 -10 575.0560 182.0396 611.3796 219.2693 1.6222 1.6368 4.3007 -0.8335 2.0915 34.6689 -14.1546 4.7058
61 15 Car -1 -1 -10 194.1378 182.4505 331.1435 258.2049 1.6050 1.6260 3.4805 -8.2974 1.8610 17.4726 -10.9886 8.1089
61 18 Car -1 -1 -10 379.5956 184.7517 443.7402 222.1736 1.4380 1.6279 4.0261 -8.4808 1.9833 31.0264 -10.9882 4.0556
61 1 Car -1 -1 -10 577.1864 181.4253 613.4808 218.2156 1.6296 1.6560 4.1019 -0.7261 2.0699 34.9740 -14.1456 4.5041
62 15 Car -1 -1 -10 151.7805 181.2769 308.4815 267.6755 1.6389 1.6062 3.6888 -8.2283 1.8469 15.9165 -11.0262 7.3428
62 18 Car -1 -1 -10 369.2553 184.1929 438.5238 223.8274 1.4521 1.6528 4.0289 -8.4059 1.9497 29.6147 -10.9837 4.8235
62 1 Car -1 -1 -10 578.7490 178.6824 614.2297 214.9649 1.6377 1.6362 4.3892 -0.6648 1.9423 35.4664 -14.1382 4.4445
63 15 Car -1 -1 -10 95.9943 181.4896 281.3440 277.2627 1.6219 1.6269 3.5704 -8.1920 1.8153 14.3332 -11.0058 8.2509
63 18 Car -1 -1 -10 361.7771 182.7241 434.1547 224.8185 1.4696 1.6425 4.1327 -8.2354 1.8845 28.2303 -11.0017 4.2049
63 1 Car -1 -1 -10 580.2991 178.3162 615.7000 213.6833 1.6206 1.6542 4.0735 -0.6507 1.9072 35.7520 -14.1623 4.7681
64 15 Car -1 -1 -10 23.3899 183.7147 247.8778 292.7270 1.5903 1.6012 3.6504 -8.1347 1.8099 12.7260 -11.0103 7.7766
64 18 Car -1 -1 -10 346.7698 184.4289 427.0981 228.7110 1.4496 1.6874 3.9671 -8.1764 1.9097 26.6586 -10.9790 4.7454
64 1 Car -1 -1 -10 581.0254 178.0155 615.9976 213.4247 1.6435 1.6524 4.0476 -0.6124 1.9168 36.1167 -14.1524 4.5441
65 15 Car -1 -1 -10 0.0000 185.7391 206.4703 313.9701 1.6053 1.5753 3.5407 -8.0691 1.8366 11.1578 -10.9973 7.1860
65 18 Car -1 -1 -10 333.6427 186.7324 419.8298 234.9124 1.4690 1.7274 4.1183 -8.0870 1.9950 25.2569 -11.0065 4.7616
65 1 Car -1 -1 -10 584.4398 180.3089 619.2304 214.4720 1.5866 1.6601 4.1185 -0.4664 1.9854 36.4866 -14.1558 4.7096
66 15 Car -1 -1 -10 0.0000 190.5258 154.6096 345.9441 1.5719 1.5512 3.6923 -8.0124 1.8526 9.5810 -11.0173 4.9159
66 18 Car -1 -1 -10 315.8896 188.8203 413.3775 240.9557 1.4680 1.7420 4.2965 -7.9890 2.0423 23.7830 -10.9920 5.2919
66 1 Car -1 -1 -10 585.5849 181.6767 620.1909 215.8698 1.5989 1.6300 4.0535 -0.4484 2.0752 36.8605 -14.1807 4.4491
67 15 Car -1 -1 -10 0.0000 190.1824 80.3723 374.0000 1.6071 1.7066 3.8360 -8.0236 1.8421 7.8259 -11.0242 3.6982
67 18 Car -1 -1 -10 296.9554 187.9913 402.0992 242.3472 1.4278 1.6974 4.2854 -7.9374 1.9408 22.2888 -10.9938 5.2293
67 1 Car -1 -1 -10 585.0014 179.5229 621.9371 213.7790 1.6327 1.6533 4.0839 -0.4253 1.9972 37.2992 -14.2092 5.2380
68 18 Car -1 -1 -10 269.4752 185.1701 390.9071 243.5203 1.4274 1.7045 4.3065 -7.9160 1.8192 20.7492 -10.9620 5.3761
68 1 Car -1 -1 -10 587.5939 175.9362 622.4941 208.4962 1.5874 1.6115 4.3374 -0.3477 1.7587 37.8040 -14.1940 4.6550
69 18 Car -1 -1 -10 244.9856 184.7531 374.4014 246.1967 1.3834 1.6133 4.2436 -7.8546 1.7358 19.2074 -10.9762 6.6492
69 1 Car -1 -1 -10 589.2654 172.5049 622.9096 204.3668 1.5932 1.6235 4.0284 -0.2894 1.5761 38.1241 -14.1806 5.2416
70 18 Car -1 -1 -10 206.2957 187.1958 357.0646 254.9865 1.3646 1.6458 4.3305 -7.8459 1.7587 17.6254 -10.9759 7.5402
70 1 Car -1 -1 -10 588.6418 172.0712 623.5850 205.0038 1.6643 1.6548 3.6139 -0.2853 1.6251 38.3154 -14.1983 5.2479
71 21 Car -1 -1 -10 409.5861 183.3843 468.2933 225.0075 1.4134 1.5281 3.5140 -6.4182 1.8368 27.1942 -14.1828 1.1456
71 18 Car -1 -1 -10 157.5852 192.3134 335.9774 271.3960 1.3950 1.6750 4.3428 -7.8400 1.8861 15.9992 -10.9672 6.7146
71 1 Car -1 -1 -10 591.8291 177.7068 624.0818 209.7807 1.6111 1.6469 3.9277 -0.1519 1.8857 38.8044 -14.1424 4.0690
72 18 Car -1 -1 -10 100.2482 198.5017 306.2150 286.0891 1.3333 1.6811 4.2260 -7.8396 1.9191 14.3454 -10.9849 5.9800
72 1 Car -1 -1 -10 589.4104 181.6568 621.8210 213.6239 1.6082 1.6756 3.6314 -0.2697 2.1080 39.1163 -14.1405 4.3580
73 18 Car -1 -1 -10 17.3381 199.7301 276.1886 302.9941 1.3472 1.6693 4.3446 -7.8623 1.9050 12.7600 -10.9571 7.4616
73 1 Car -1 -1 -10 590.1111 182.4703 622.3552 214.1486 1.6052 1.6855 3.7151 -0.2672 2.1579 39.5684 -14.1554 4.2874
74 18 Car -1 -1 -10 0.0000 202.8307 232.5601 323.3373 1.3081 1.6773 4.2879 -7.8487 1.8585 11.0717 -10.9696 6.2384
74 1 Car -1 -1 -10 588.4285 179.7335 622.0120 211.4774 1.6277 1.6367 4.1650 -0.3479 2.0302 40.0462 -14.1984 4.8568
75 18 Car -1 -1 -10 0.0000 203.8593 172.1195 355.4971 1.3207 1.6048 4.3013 -7.8813 1.8161 9.3440 -10.9658 4.8539
75 1 Car -1 -1 -10 588.1924 178.6950 620.6250 209.8288 1.6220 1.6648 3.6454 -0.3865 1.9624 40.1441 -14.1830 4.5175
76 18 Car -1 -1 -10 0.0000 200.9411 98.6683 374.0000 1.4271 1.7051 4.2242 -8.1202 1.8164 7.7681 -10.8358 1.0393
76 1 Car -1 -1 -10 587.4060 179.2943 618.3670 209.8422 1.6061 1.6619 3.6882 -0.4003 1.9851 40.5662 -14.1275 4.0355
77 1 Car -1 -1 -10 584.5388 180.2177 617.3560 210.7278 1.6139 1.6446 3.6894 -0.5895 2.0519 40.9806 -14.2094 4.9827
78 1 Car -1 -1 -10 584.8225 179.3554 615.7028 208.6499 1.5703 1.6169 3.5522 -0.6290 1.9592 41.3000 -14.1929 3.8255
79 1 Car -1 -1 -10 581.4483 179.0326 614.1875 208.6390 1.6033 1.6419 3.6542 -0.7790 1.9774 41.7518 -14.2237 3.7354
80 1 Car -1 -1 -10 581.1811 178.8147 613.7350 208.9196 1.6473 1.6654 3.5807 -0.8041 2.0105 42.0657 -14.2199 4.9729
81 1 Car -1 -1 -10 581.4901 175.6562 612.1032 205.9668 1.6924 1.7251 3.6115 -0.8450 1.8648 42.4604 -14.1741 5.2069
82 1 Car -1 -1 -10 580.7049 172.4074 610.0364 200.4507 1.5923 1.6333 3.5424 -0.9362 1.5673 42.7758 -14.1868 4.5374
83 1 Car -1 -1 -10 579.0336 169.4419 607.6457 198.3682 1.6553 1.6383 3.7579 -1.0582 1.4604 43.1952 -14.1745 5.3172
84 1 Car -1 -1 -10 576.1145 169.2366 605.9123 197.5699 1.6343 1.6755 3.6502 -1.2143 1.4260 43.4876 -14.1960 5.0929
85 1 Car -1 -1 -10 576.2630 171.3040 604.9822 198.5660 1.5858 1.6710 3.7948 -1.2183 1.4960 43.8900 -14.1671 4.7868
86 1 Car -1 -1 -10 574.9978 172.8240 603.7523 200.7029 1.6361 1.6883 3.6024 -1.3169 1.6347 44.1751 -14.1773 5.4654
87 1 Car -1 -1 -10 575.0194 174.7864 604.1746 203.0031 1.6560 1.6639 3.6664 -1.2524 1.7803 44.4355 -14.1288 5.1354
88 1 Car -1 -1 -10 573.1781 177.6636 604.7317 205.5280 1.6324 1.6920 3.5766 -1.3756 1.9437 44.7785 -14.2414 5.1035
89 1 Car -1 -1 -10 576.1946 179.4934 604.4400 207.0488 1.6204 1.6952 3.5320 -1.2690 2.0521 45.0819 -14.1680 4.0125
90 1 Car -1 -1 -10 574.8206 179.3209 603.5893 206.7372 1.6206 1.6807 3.5710 -1.3019 2.0429 45.2841 -14.1303 4.3035
91 1 Car -1 -1 -10 574.0728 178.6816 603.4993 206.4223 1.6546 1.7203 3.5900 -1.3362 2.0378 45.5950 -14.1270 4.2776
92 1 Car -1 -1 -10 574.3715 179.1377 601.9458 206.3976 1.6356 1.6862 3.5940 -1.3894 2.0517 45.9292 -14.1487 5.1247
93 1 Car -1 -1 -10 573.8286 181.0649 602.7803 208.2957 1.6258 1.6829 3.6521 -1.4531 2.1722 46.0968 -14.2126 4.4913
94 1 Car -1 -1 -10 576.1053 183.6655 605.2252 209.9852 1.5684 1.6925 3.6508 -1.2373 2.2910 46.3537 -14.1141 3.7885
95 1 Car -1 -1 -10 577.7598 184.0136 605.4696 210.9660 1.6111 1.6932 3.5574 -1.2485 2.3581 46.4532 -14.1876 4.5145
96 1 Car -1 -1 -10 576.3431 181.9818 604.8057 209.2383 1.6474 1.7288 3.6341 -1.3240 2.2624 46.7199 -14.1950 4.2212
97 1 Car -1 -1 -10 576.7155 180.2952 604.5470 207.1588 1.6403 1.6702 3.5720 -1.3238 2.1434 46.9089 -14.2026 4.9531
98 1 Car -1 -1 -10 577.8921 180.1545 605.5833 206.5919 1.6204 1.6538 3.5421 -1.2549 2.1153 47.0517 -14.2051 4.1894
99 1 Car -1 -1 -10 578.0396 179.8832 606.9661 206.6963 1.6497 1.6801 3.6188 -1.2115 2.1286 47.2458 -14.2207 4.7920
100 1 Car -1 -1 -10 579.5522 178.4118 607.4603 204.6581 1.6312 1.6658 3.5832 -1.0807 2.0108 47.4201 -14.1120 3.8689
101 1 Car -1 -1 -10 580.8000 177.4466 607.1278 203.3065 1.6148 1.6665 3.7254 -1.0543 1.9299 47.5807 -14.1401 4.5064
102 1 Car -1 -1 -10 582.8428 177.2050 608.9511 203.4539 1.6435 1.6570 3.6232 -0.9663 1.9420 47.6099 -14.1590 4.6231
103 1 Car -1 -1 -10 582.1194 176.5085 609.7924 203.4296 1.6913 1.6774 3.5979 -0.9922 1.9425 47.6758 -14.1984 5.1584
104 1 Car -1 -1 -10 583.6734 176.3226 610.4326 203.4000 1.7090 1.7073 3.6624 -0.9098 1.9484 47.8675 -14.1658 5.5784
105 1 Car -1 -1 -10 585.1144 176.0541 611.9231 202.1423 1.6477 1.7110 3.6072 -0.8233 1.8684 47.8485 -14.1701 3.1481
106 1 Car -1 -1 -10 584.4795 175.6509 611.7298 201.3354 1.6289 1.6778 3.5860 -0.7878 1.8222 47.9620 -14.1155 4.7083
107 1 Car -1 -1 -10 584.7754 174.6762 611.4940 201.4543 1.7076 1.7132 3.6704 -0.8087 1.8341 48.1022 -14.1461 5.2732
108 1 Car -1 -1 -10 585.3480 173.1262 613.0613 199.1257 1.6659 1.6783 3.6271 -0.7160 1.6851 48.1079 -14.1043 5.6658
109 1 Car -1 -1 -10 585.5183 172.7425 611.9400 197.7482 1.6053 1.6963 3.5762 -0.7689 1.5985 48.1127 -14.1449 3.9861
110 1 Car -1 -1 -10 585.8319 172.9255 611.8061 197.7207 1.5892 1.6657 3.5970 -0.7899 1.5945 48.0705 -14.1603 4.0028
111 1 Car -1 -1 -10 586.5794 172.9121 613.6950 198.9763 1.6761 1.6619 3.7063 -0.6560 1.6805 48.2814 -14.1087 4.4944
112 1 Car -1 -1 -10 586.1195 175.1635 612.5038 200.7009 1.6306 1.6942 3.6058 -0.7773 1.7912 48.2298 -14.1707 3.1629
113 27 Car -1 -1 -10 482.3462 179.2256 504.4151 197.4635 1.5326 1.6613 3.6661 -10.3127 2.1136 63.8537 -11.0811 1.2319
113 1 Car -1 -1 -10 582.2874 175.8562 612.1941 201.3902 1.6294 1.6955 3.6422 -0.9217 1.8390 48.3866 -14.2412 4.4508
114 28 Car -1 -1 -10 449.1116 180.3646 469.3132 198.3520 1.5949 1.8109 4.2784 -14.2657 2.3285 68.1588 -11.2036 1.0487
114 1 Car -1 -1 -10 584.9103 176.0064 611.6343 202.0127 1.6624 1.6740 3.5830 -0.8493 1.8822 48.3941 -14.1861 5.3392
115 29 Car -1 -1 -10 471.3701 182.9221 499.4510 202.4456 1.4623 1.6626 3.6730 -9.9683 2.2949 57.7929 -11.0089 1.2739
115 1 Car -1 -1 -10 585.0351 177.9510 611.0283 204.1191 1.6612 1.6768 3.7375 -0.8342 2.0169 48.4175 -14.1537 4.7756
116 1 Car -1 -1 -10 585.0416 179.5598 611.5890 206.1735 1.6841 1.7037 3.6349 -0.8475 2.1518 48.4348 -14.1744 4.6177
117 1 Car -1 -1 -10 584.8179 179.6933 610.7819 205.5645 1.6377 1.6787 3.5775 -0.8676 2.1144 48.4400 -14.1639 4.1465
118 31 Car -1 -1 -10 454.7447 181.6057 485.9564 205.8562 1.5443 1.6531 3.8249 -9.5356 2.1669 49.3318 -11.0672 1.2397
118 30 Car -1 -1 -10 425.0516 182.1518 460.5261 203.4145 1.5723 1.7678 4.4398 -13.3026 2.3427 57.5277 -10.9870 1.4346
118 1 Car -1 -1 -10 583.3769 177.5724 610.3904 203.5359 1.6529 1.6790 3.6211 -0.9442 1.9823 48.4602 -14.1924 4.8860
119 32 Car -1 -1 -10 445.0165 181.1522 476.1334 208.3590 1.6151 1.7125 4.1636 -9.5828 2.1736 46.3453 -11.1396 1.7355
119 30 Car -1 -1 -10 417.9960 181.8107 458.4081 203.8254 1.5526 1.7284 4.4306 -13.0649 2.2641 55.0105 -10.9187 2.4148
119 1 Car -1 -1 -10 583.8809 177.3136 612.6992 203.1650 1.6457 1.6580 3.5919 -0.8506 1.9570 48.4401 -14.2313 4.4196
120 33 Car -1 -1 -10 432.0294 181.3226 474.2837 212.1740 1.7207 1.8119 4.1141 -9.4245 2.2560 43.4822 -11.0372 3.5473
120 30 Car -1 -1 -10 412.1370 180.9252 443.8066 206.7828 1.7393 1.7206 4.0010 -13.0825 2.3439 51.9249 -11.1160 2.8475
120 1 Car -1 -1 -10 583.2404 178.2228 612.5726 205.4890 1.7349 1.7833 3.5834 -0.8780 2.1098 48.4847 -14.2064 3.2582
121 34 Car -1 -1 -10 422.0050 184.5400 465.2337 214.0348 1.5009 1.6574 4.0879 -9.2992 2.1900 40.4426 -11.0419 1.9858
121 30 Car -1 -1 -10 398.4460 181.8849 445.3789 207.3419 1.6122 1.7690 4.1393 -12.8355 2.2574 49.3680 -10.8918 1.9986
121 1 Car -1 -1 -10 584.9208 179.9660 611.0557 205.2264 1.5972 1.6898 3.6449 -0.8173 2.0934 48.4752 -14.1423 3.8017
122 30 Car -1 -1 -10 388.4300 177.4219 434.3259 208.7299 1.9102 1.6189 3.7854 -12.7896 2.2177 46.5530 -10.9013 3.3925
122 35 Car -1 -1 -10 405.4717 183.7362 458.6946 216.3832 1.5372 1.6374 4.0508 -9.1842 2.1325 37.3920 -10.9610 2.3550
122 1 Car -1 -1 -10 585.2916 178.0638 611.9406 204.0085 1.6517 1.7138 3.6624 -0.8293 2.0160 48.5410 -14.1740 4.1164
123 30 Car -1 -1 -10 376.8573 177.5180 422.6374 208.3130 1.7640 1.6753 3.8831 -12.7541 2.0605 43.8648 -11.0018 1.6313
123 35 Car -1 -1 -10 390.5028 179.6807 447.3365 216.7574 1.6259 1.7618 4.2235 -9.1110 1.9737 34.5741 -11.0360 4.8980
123 1 Car -1 -1 -10 584.7131 175.6799 611.7167 202.2647 1.7048 1.7123 3.5800 -0.8549 1.9022 48.4818 -14.1816 5.2934
124 35 Car -1 -1 -10 369.7756 179.1541 436.9989 218.7893 1.5830 1.7604 4.3026 -9.0071 1.8787 31.6620 -11.0060 5.6837
124 1 Car -1 -1 -10 580.5050 174.4047 611.8883 200.4674 1.6716 1.6981 3.7108 -0.9949 1.7803 48.4581 -14.2692 4.0701
125 35 Car -1 -1 -10 345.2172 182.4313 421.8825 226.0146 1.5523 1.7860 4.2032 -8.9502 1.9622 28.7382 -11.0089 5.6381
125 1 Car -1 -1 -10 585.6587 175.9507 613.1174 202.1686 1.6786 1.6834 3.5280 -0.7092 1.8944 48.4059 -14.1058 5.1381
126 37 Car -1 -1 -10 469.1379 177.8506 498.8594 199.0043 1.6168 1.7133 3.8210 -10.1074 2.0318 57.9616 -14.1345 1.7145
126 35 Car -1 -1 -10 314.4599 182.2396 403.1887 234.2166 1.6467 1.7910 4.1338 -8.8609 2.0084 25.6926 -11.0147 6.1516
126 1 Car -1 -1 -10 585.9031 175.6867 612.7164 202.4183 1.7160 1.7336 3.6082 -0.7155 1.9139 48.5070 -14.1322 5.1097
127 38 Car -1 -1 -10 460.7476 177.2018 489.7990 199.5667 1.6134 1.7586 3.7910 -10.3135 1.9572 54.9233 -11.2924 1.2584
127 35 Car -1 -1 -10 273.0142 180.4931 381.6514 240.8646 1.6752 1.7643 4.3253 -8.7915 1.9393 22.7382 -11.0044 5.8354
127 1 Car -1 -1 -10 586.5792 175.5766 613.2325 201.3319 1.6509 1.6970 3.6331 -0.7415 1.8412 48.4868 -14.1766 4.5776
128 35 Car -1 -1 -10 219.5195 182.6496 351.7477 253.6400 1.6700 1.7461 4.2451 -8.7064 1.9667 19.6926 -11.0078 6.9971
128 39 Car -1 -1 -10 458.3776 176.7716 488.5192 201.6575 1.7034 1.7851 3.9054 -9.8371 1.9974 52.0520 -11.0899 1.5535
128 1 Car -1 -1 -10 583.5551 175.7158 615.1929 201.7346 1.6636 1.7041 3.5408 -0.7792 1.8634 48.4122 -14.2734 4.4634
129 35 Car -1 -1 -10 145.4965 180.8712 314.0926 266.8869 1.6932 1.7038 4.2722 -8.6246 1.9035 16.7462 -11.0070 6.5194
129 1 Car -1 -1 -10 588.2941 175.4033 614.6936 201.1485 1.6507 1.7061 3.6756 -0.5771 1.8288 48.4640 -14.1350 5.1949
130 35 Car -1 -1 -10 24.8825 181.5697 256.8085 289.6984 1.6774 1.7286 4.2403 -8.6029 1.8689 13.6785 -11.0225 7.0874
130 39 Car -1 -1 -10 442.4796 172.2217 488.9710 201.1555 1.7825 1.7694 4.0760 -9.2832 1.7439 46.5761 -10.8779 2.0949
130 1 Car -1 -1 -10 588.6735 174.7849 617.4225 200.9090 1.6754 1.6749 3.6658 -0.4615 1.8104 48.4302 -14.0755 5.0017
131 35 Car -1 -1 -10 0.0000 182.4291 179.1627 323.6378 1.6438 1.6703 4.1548 -8.5185 1.8152 10.7840 -11.0266 6.1382
131 39 Car -1 -1 -10 432.5073 170.1115 486.5627 204.2406 1.9719 1.8906 4.2511 -9.1193 1.8138 43.9235 -10.8541 1.3760
131 1 Car -1 -1 -10 587.3680 175.2066 615.4662 200.3833 1.6094 1.6777 3.6969 -0.6406 1.7737 48.3773 -14.2050 3.1332
132 35 Car -1 -1 -10 0.0000 188.2705 57.3415 374.0000 1.5762 1.6490 4.2978 -8.3487 1.7917 7.8398 -11.1061 1.9087
132 1 Car -1 -1 -10 584.7447 173.7582 616.4359 199.6531 1.6613 1.6944 3.7695 -0.7002 1.7248 48.4049 -14.2675 3.6150
133 1 Car -1 -1 -10 588.2965 174.0492 616.2337 199.3264 1.6190 1.6541 3.7510 -0.5835 1.7026 48.3218 -14.2059 4.3252
134 1 Car -1 -1 -10 587.5760 173.2974 616.1875 199.2110 1.6617 1.6924 3.7493 -0.6093 1.6929 48.2612 -14.2077 4.5900
135 1 Car -1 -1 -10 592.0676 177.9445 617.8388 201.7483 1.4997 1.6550 4.0185 -0.3852 1.8554 48.3420 -14.1520 2.5234
136 1 Car -1 -1 -10 591.5011 179.0069 620.4855 205.5816 1.6760 1.7150 3.6597 -0.2626 2.1038 48.2470 -14.0802 3.5644
137 43 Car -1 -1 -10 470.1025 185.6889 496.3938 205.6299 1.4691 1.6363 3.8078 -10.1097 2.5289 57.6085 -11.0524 1.4496
137 1 Car -1 -1 -10 590.6316 179.5965 616.3734 205.9934 1.6613 1.6529 3.5656 -0.4649 2.1280 48.1122 -14.1463 4.8907
138 43 Car -1 -1 -10 463.7608 186.2301 491.4764 207.6636 1.4859 1.6633 4.2340 -10.0602 2.5447 54.9144 -11.0771 1.9572
138 1 Car -1 -1 -10 591.6398 179.9634 617.7415 206.1780 1.6441 1.6683 3.5787 -0.4160 2.1357 48.0428 -14.1635 4.5879
139 43 Car -1 -1 -10 457.4580 185.0100 491.0538 207.3768 1.4748 1.7162 4.4236 -9.8038 2.3929 52.2366 -11.0230 1.2881
139 1 Car -1 -1 -10 590.8916 181.1623 620.0605 206.5372 1.5760 1.6648 3.7090 -0.2951 2.1507 47.9683 -14.0675 3.6019
140 43 Car -1 -1 -10 449.0044 184.2808 484.9964 207.9094 1.4686 1.7971 4.6157 -9.7767 2.2898 49.4746 -11.0512 2.4213
140 1 Car -1 -1 -10 589.9864 179.6579 619.4032 206.0238 1.6493 1.7042 3.6586 -0.4193 2.1201 47.9971 -14.2142 4.8267
141 43 Car -1 -1 -10 442.0498 184.0027 479.3114 208.9075 1.4629 1.6626 4.4710 -9.6334 2.2196 46.6791 -11.0373 2.0775
141 1 Car -1 -1 -10 585.5593 179.8128 617.6279 205.7843 1.6190 1.6577 3.5776 -0.6251 2.0994 47.8806 -14.2844 4.2775
142 39 Car -1 -1 -10 430.9978 184.1703 469.0026 212.1510 1.5426 1.7693 4.2942 -9.6883 2.2649 43.8029 -11.0976 2.3542
142 1 Car -1 -1 -10 589.1054 179.9601 616.1227 206.4233 1.6521 1.6718 3.5720 -0.4871 2.1412 47.8179 -14.1133 4.7579
143 39 Car -1 -1 -10 419.3543 183.8251 465.3407 212.1065 1.4564 1.7201 4.3988 -9.5151 2.1156 41.1035 -11.0252 3.4905
143 1 Car -1 -1 -10 589.4031 177.4627 616.6693 204.6838 1.7090 1.7138 3.7326 -0.5270 2.0270 47.8330 -14.1715 3.7722
144 39 Car -1 -1 -10 406.1469 182.6457 452.4054 211.6148 1.3836 1.6459 4.2220 -9.5061 1.9301 38.0807 -11.0621 4.1984
144 45 Car -1 -1 -10 471.5114 177.3879 493.8288 197.7010 1.5453 1.6834 3.8096 -10.2560 1.9218 57.8262 -11.1903 1.4803
144 1 Car -1 -1 -10 586.2751 175.2215 615.0638 201.1404 1.6335 1.6561 3.6296 -0.6822 1.7965 47.6899 -14.2186 4.9813
145 39 Car -1 -1 -10 388.0841 179.6817 443.8052 212.1921 1.4518 1.6999 4.1862 -9.4304 1.8055 35.2226 -11.0229 5.8903
145 45 Car -1 -1 -10 465.8480 176.6104 492.2577 197.4829 1.5195 1.6720 4.0211 -10.0347 1.8189 55.3564 -11.0930 1.9502
145 1 Car -1 -1 -10 588.4579 173.2295 614.7488 199.3574 1.6560 1.6658 3.6396 -0.6177 1.6821 47.6257 -14.1674 5.0673
146 39 Car -1 -1 -10 369.2366 180.2132 430.8316 215.8456 1.4490 1.7043 4.2791 -9.3806 1.8022 32.4149 -11.0422 5.5758
146 45 Car -1 -1 -10 460.1201 175.8302 486.7430 197.9317 1.5307 1.6717 3.9694 -9.9462 1.7566 52.6021 -11.1219 2.0275
146 1 Car -1 -1 -10 587.7089 173.3932 614.4802 199.4623 1.6493 1.6556 3.6789 -0.5842 1.6866 47.5774 -14.1189 4.8898
147 39 Car -1 -1 -10 347.8830 182.1398 416.2236 221.1365 1.4283 1.6646 4.2340 -9.2944 1.8375 29.6087 -11.0471 5.9214
147 45 Car -1 -1 -10 454.5418 178.7447 484.7234 201.8954 1.5019 1.6595 4.1275 -9.7170 1.9281 50.0247 -11.0894 2.3142
147 1 Car -1 -1 -10 583.9096 174.7374 614.8165 201.1370 1.6578 1.7251 3.6980 -0.7688 1.7872 47.5077 -14.2369 4.8805
148 39 Car -1 -1 -10 318.3911 185.4924 400.4739 228.3835 1.3881 1.6878 4.2660 -9.2215 1.8954 26.7800 -11.0277 5.9470
148 43 Car -1 -1 -10 442.5685 179.0888 479.6669 203.5715 1.4936 1.7482 4.2536 -9.7328 1.9213 47.2858 -11.0441 3.1466
148 1 Car -1 -1 -10 588.0924 175.4487 614.6977 201.2403 1.6189 1.6845 3.6962 -0.6173 1.7969 47.5290 -14.1593 3.9105
149 39 Car -1 -1 -10 280.9044 188.1442 379.9377 238.0961 1.4060 1.6734 4.4939 -9.1779 1.9625 23.9693 -11.0268 7.2638
149 43 Car -1 -1 -10 433.0970 182.1834 475.7732 207.9354 1.4664 1.6605 3.9085 -9.5719 2.0679 44.5055 -10.9580 3.8209
149 47 Car -1 -1 -10 476.4086 179.3064 504.9905 196.4621 1.5062 1.6456 3.9909 -11.0538 2.1239 66.9652 -10.8985 1.4912
149 1 Car -1 -1 -10 587.5826 175.7153 614.0895 201.6277 1.6224 1.6563 3.5671 -0.5999 1.8177 47.3624 -14.1257 5.1645
150 39 Car -1 -1 -10 236.3434 191.5898 353.6849 249.8584 1.4183 1.6830 4.3083 -9.1011 2.0244 21.1439 -11.0292 6.6473
150 43 Car -1 -1 -10 425.9244 183.5187 469.8703 211.9225 1.5072 1.6841 4.2261 -9.4083 2.1600 42.0110 -11.0142 3.3489
150 1 Car -1 -1 -10 589.4671 176.5716 615.7639 203.2829 1.6678 1.6600 3.5398 -0.5063 1.9211 47.3161 -14.1418 5.4519
151 39 Car -1 -1 -10 175.1015 194.0895 320.0837 261.5394 1.3826 1.7009 4.1772 -8.9995 1.9823 18.2419 -11.0340 6.6761
151 43 Car -1 -1 -10 413.1463 183.6342 459.4359 213.9662 1.4907 1.7007 4.1961 -9.3855 2.1075 39.1176 -11.0471 4.2556
151 1 Car -1 -1 -10 587.3938 175.9860 615.1125 201.8273 1.6099 1.6456 3.6956 -0.6389 1.8238 47.3002 -14.1956 3.9229
152 39 Car -1 -1 -10 85.2464 193.0868 276.1481 274.8087 1.3924 1.6672 4.2619 -8.9962 1.8882 15.5116 -11.0243 7.2206
152 43 Car -1 -1 -10 397.9205 179.6695 450.5886 211.6889 1.4873 1.7148 4.0716 -9.3458 1.8514 36.4473 -11.0228 5.2251
152 47 Car -1 -1 -10 465.6743 177.0652 492.4838 196.5305 1.5139 1.7075 4.1393 -10.7181 1.8719 59.1538 -11.0616 1.1251
152 1 Car -1 -1 -10 587.1156 172.1314 617.3830 197.7784 1.6134 1.6522 3.6179 -0.5023 1.5683 47.2591 -14.0539 3.6551
153 39 Car -1 -1 -10 0.0000 193.4039 213.2534 295.6456 1.3742 1.6060 4.2376 -8.9393 1.7978 12.7086 -11.0358 7.1518
153 43 Car -1 -1 -10 381.3214 177.7952 437.0553 212.6865 1.5027 1.6606 4.0945 -9.3526 1.7485 33.7508 -11.0470 5.5040
153 47 Car -1 -1 -10 458.4117 173.3826 490.4829 194.6658 1.6042 1.7034 4.1135 -10.6043 1.6475 56.5507 -10.9850 2.3529
153 1 Car -1 -1 -10 585.7959 169.2307 613.5969 196.1154 1.6892 1.6941 3.5553 -0.7378 1.4619 47.1490 -14.1856 4.5478
154 39 Car -1 -1 -10 0.0000 197.0589 125.6954 340.6864 1.3560 1.6530 4.4502 -8.8760 1.7630 9.8471 -11.0575 4.7209
154 43 Car -1 -1 -10 360.2618 180.0929 426.1637 216.9330 1.4366 1.7279 4.0438 -9.2581 1.7684 30.9862 -11.0264 5.9093
154 47 Car -1 -1 -10 452.7562 175.7508 483.7241 196.7083 1.4935 1.6206 4.0124 -10.5935 1.7188 54.0011 -11.0194 1.4038
154 1 Car -1 -1 -10 585.5740 171.1354 615.2159 197.0767 1.6251 1.6919 3.7436 -0.6208 1.5178 47.1125 -14.0838 2.5800
155 43 Car -1 -1 -10 336.8796 181.7415 411.8876 224.2974 1.4931 1.7053 4.1159 -9.1652 1.8673 28.2653 -11.0256 6.6619
155 47 Car -1 -1 -10 448.1764 176.7994 479.3055 200.4886 1.5989 1.6253 4.0265 -10.4117 1.8918 51.4398 -11.0539 2.3338
155 49 Car -1 -1 -10 551.1826 174.4975 577.3089 192.2286 1.5902 1.6922 3.9698 -4.2449 1.7483 67.1719 -14.0054 2.2081
155 1 Car -1 -1 -10 584.8932 172.5117 613.7930 199.1019 1.6670 1.6748 3.6680 -0.7625 1.6459 47.1223 -14.2101 4.7684
156 43 Car -1 -1 -10 309.2819 184.4145 394.9131 231.4705 1.4622 1.6916 4.1111 -9.0458 1.9050 25.5271 -11.0317 6.6573
156 45 Car -1 -1 -10 440.8604 177.1755 474.3494 203.5586 1.6898 1.7379 3.9540 -10.3156 1.9954 48.9204 -11.0769 3.1467
156 49 Car -1 -1 -10 548.7028 173.9335 570.7244 191.6663 1.5583 1.6718 3.6075 -4.6136 1.6596 65.5510 -14.2981 1.3162
156 1 Car -1 -1 -10 587.0585 172.7366 613.7612 199.4692 1.6749 1.6734 3.6136 -0.6625 1.6679 47.0245 -14.1535 4.7243
157 43 Car -1 -1 -10 272.1697 189.0119 371.8686 241.7222 1.4262 1.6811 3.8947 -8.9709 1.9791 22.6999 -11.0250 7.6561
157 45 Car -1 -1 -10 433.5274 178.0759 470.7204 207.5191 1.7759 1.6942 4.1148 -10.1222 2.1270 46.3617 -11.0486 2.5791
157 1 Car -1 -1 -10 579.5675 174.8358 614.8186 201.6924 1.6656 1.7374 3.6998 -0.9064 1.8005 47.0096 -14.3119 3.9031
158 43 Car -1 -1 -10 223.8784 193.4235 347.1601 256.1395 1.4411 1.6582 4.2595 -8.9262 2.0775 20.1504 -11.0313 7.7148
158 45 Car -1 -1 -10 426.0831 181.5888 464.9475 211.6560 1.6852 1.7289 3.9502 -9.9307 2.2387 43.6546 -11.0710 3.4799
158 49 Car -1 -1 -10 551.1135 177.7962 572.4857 196.8254 1.5753 1.7381 4.0361 -4.2525 2.0209 62.9077 -11.0919 1.3136
158 1 Car -1 -1 -10 589.5551 176.5361 617.2452 203.3354 1.6577 1.6677 3.6026 -0.4266 1.9070 46.9549 -14.1081 4.8244
159 43 Car -1 -1 -10 159.2163 193.7932 311.7086 266.5455 1.4218 1.6719 4.1249 -8.8603 1.9879 17.3979 -11.0355 7.6943
159 45 Car -1 -1 -10 417.0133 181.4043 459.1537 212.2639 1.6248 1.6825 3.9978 -9.7846 2.1373 41.1687 -11.0576 3.2378
159 49 Car -1 -1 -10 550.0783 178.8005 578.6979 197.4109 1.4979 1.6505 3.8331 -3.8677 2.0208 61.3820 -13.9848 1.6485
159 1 Car -1 -1 -10 589.5142 176.6529 616.1800 203.6811 1.6716 1.6694 3.6902 -0.5238 1.9293 47.0105 -14.1611 3.6780
160 43 Car -1 -1 -10 61.8678 196.8202 266.1695 284.8320 1.3905 1.7083 4.1948 -8.8306 1.9497 14.6900 -11.0384 6.6884
160 51 Car -1 -1 -10 467.3698 176.9411 493.0094 197.4072 1.6933 1.6856 3.7735 -11.2111 2.0579 62.3817 -11.0369 1.6620
160 45 Car -1 -1 -10 401.9005 180.4136 452.9612 214.7311 1.6863 1.7811 4.3695 -9.7369 2.1148 38.6455 -11.0331 4.3102
160 49 Car -1 -1 -10 549.4120 177.7566 572.0437 197.5893 1.5727 1.7332 3.6787 -4.0913 1.9934 59.9979 -14.1651 1.9904
160 1 Car -1 -1 -10 586.9074 176.0270 616.3047 203.2916 1.6849 1.6897 3.6473 -0.6127 1.8998 46.9046 -14.2098 5.2077
161 43 Car -1 -1 -10 0.0000 196.6684 205.0783 308.5853 1.4017 1.6424 4.1471 -8.7364 1.8682 12.0236 -11.0253 6.2084
161 45 Car -1 -1 -10 391.0175 179.3128 443.3640 213.9843 1.5897 1.7352 4.1941 -9.5879 1.9318 36.0273 -11.0583 4.4405
161 49 Car -1 -1 -10 549.6176 177.2435 571.7181 196.8536 1.5136 1.7324 4.0040 -4.0596 1.8835 58.6779 -14.2171 1.4527
161 1 Car -1 -1 -10 587.9457 175.2319 616.0272 201.6934 1.6411 1.7111 3.6245 -0.5869 1.8022 46.9248 -14.1797 4.4825
162 43 Car -1 -1 -10 0.0000 201.5089 113.9432 355.3077 1.3884 1.5973 4.1206 -8.6597 1.8442 9.3772 -11.0323 3.8949
162 45 Car -1 -1 -10 374.9791 178.7864 431.6734 216.6167 1.6015 1.6921 4.0526 -9.4886 1.8925 33.2706 -11.0601 4.5645
162 52 Car -1 -1 -10 456.8655 174.2585 490.5215 198.0477 1.8254 1.7823 4.1480 -10.8803 1.9422 57.7140 -10.9614 2.0214
162 49 Car -1 -1 -10 549.1795 176.5243 571.9855 196.7946 1.5313 1.6924 4.0624 -3.9849 1.8342 57.3703 -14.2339 2.1137
162 1 Car -1 -1 -10 589.3879 175.3523 616.3425 201.5691 1.6241 1.6826 3.5756 -0.4829 1.7928 46.8270 -14.1401 3.8737
163 45 Car -1 -1 -10 353.7245 179.3353 421.5750 222.3401 1.6694 1.7983 4.2203 -9.4353 1.9659 30.8109 -11.0486 3.5834
163 52 Car -1 -1 -10 453.2290 174.8449 485.2778 200.8978 1.9066 1.8632 4.2870 -10.7711 2.0657 55.3317 -11.0553 1.4437
163 49 Car -1 -1 -10 549.0260 179.0204 573.5329 200.6667 1.5850 1.7091 3.6976 -3.7591 2.0778 55.7551 -14.1546 1.6612
163 1 Car -1 -1 -10 591.4035 176.7382 617.8207 203.4962 1.6516 1.6504 3.6069 -0.3981 1.9141 46.8772 -14.1535 4.6961
164 45 Car -1 -1 -10 329.6374 182.2086 405.1225 227.6242 1.5872 1.7683 3.9407 -9.3705 1.9773 28.0500 -11.0413 5.8971
164 52 Car -1 -1 -10 447.8746 175.8430 481.3931 202.0514 1.8308 1.6797 3.9247 -10.6229 2.0581 52.8146 -10.9996 1.7022
164 49 Car -1 -1 -10 546.6833 180.6627 577.7525 201.7261 1.4824 1.6939 4.1345 -3.5936 2.0958 54.5038 -14.0398 1.5570
164 1 Car -1 -1 -10 588.7839 176.8852 616.3735 203.7460 1.6568 1.6994 3.6288 -0.5477 1.9295 46.8994 -14.1729 4.3476
165 45 Car -1 -1 -10 301.8711 181.0156 387.6649 233.5162 1.6631 1.7428 3.9536 -9.2979 1.9747 25.4969 -11.0433 5.7992
165 49 Car -1 -1 -10 547.1340 178.5471 574.7023 201.7795 1.6173 1.6974 3.6601 -3.5971 2.0503 52.9814 -14.1144 2.4512
165 1 Car -1 -1 -10 589.4254 176.8591 617.5032 203.5705 1.6476 1.6827 3.6210 -0.4905 1.9186 46.9062 -14.1854 4.6261
166 45 Car -1 -1 -10 264.7946 181.4213 368.5683 239.8970 1.6390 1.7252 4.0655 -9.1990 1.9354 22.8764 -11.0205 5.8936
166 49 Car -1 -1 -10 545.8281 177.0657 570.7191 201.3252 1.6470 1.6960 4.2138 -3.7102 1.9627 51.8748 -14.1869 2.5353
166 1 Car -1 -1 -10 586.6456 177.1073 616.5472 203.4897 1.6223 1.6614 3.6194 -0.6127 1.9099 46.8481 -14.2271 4.5666
167 45 Car -1 -1 -10 216.9397 182.1836 340.9225 248.5856 1.6288 1.7650 3.9151 -9.1620 1.9164 20.2323 -11.0216 7.2253
167 49 Car -1 -1 -10 542.9718 181.1206 577.0937 202.8977 1.4034 1.6737 4.4857 -3.4799 2.0096 50.5644 -14.0412 1.4342
167 1 Car -1 -1 -10 587.9514 177.0106 616.0765 203.7113 1.6431 1.6869 3.7006 -0.5853 1.9244 46.8764 -14.1859 4.8721
168 45 Car -1 -1 -10 155.2604 180.4925 307.3649 258.6887 1.6545 1.6938 3.9457 -9.0974 1.8626 17.6362 -11.0098 7.1512
168 49 Car -1 -1 -10 543.4101 177.9528 571.1149 201.6192 1.5131 1.6419 3.8874 -3.5685 1.8730 48.9234 -14.1491 2.8828
168 1 Car -1 -1 -10 587.7048 174.9836 614.8815 201.8504 1.6634 1.6943 3.6661 -0.6143 1.8074 46.8140 -14.1587 4.3582
169 45 Car -1 -1 -10 68.1043 178.8794 261.8701 270.6236 1.6251 1.6745 3.9424 -9.0545 1.7676 15.0291 -11.0182 6.6782
169 49 Car -1 -1 -10 541.6813 173.6554 573.2383 198.3222 1.5541 1.7055 4.3807 -3.4642 1.6100 47.8039 -14.1209 1.9803
169 1 Car -1 -1 -10 588.3871 172.0261 615.1468 197.7451 1.6017 1.6674 3.6439 -0.5920 1.5505 46.7753 -14.1630 3.2491
170 51 Car -1 -1 -10 472.2282 175.5423 499.0902 192.8414 1.4895 1.6150 3.7619 -11.1243 1.7378 64.6316 -14.0949 1.0569
170 45 Car -1 -1 -10 0.0000 180.8235 201.0845 296.3194 1.6325 1.6841 3.8958 -9.0083 1.7920 12.4366 -11.0213 7.0273
170 49 Car -1 -1 -10 540.5479 173.2779 572.7853 198.6445 1.5534 1.6305 3.5811 -3.3983 1.5819 46.0718 -14.0887 3.2214
170 1 Car -1 -1 -10 585.0638 171.1370 612.8486 197.2482 1.6250 1.6926 3.7119 -0.7825 1.5185 46.7929 -14.1815 4.4422
171 45 Car -1 -1 -10 0.0000 184.0549 113.1915 335.1659 1.5720 1.6222 3.9384 -8.9025 1.7558 9.8075 -11.0447 4.9237
171 49 Car -1 -1 -10 538.2755 172.8026 567.6516 199.5977 1.5952 1.6785 4.2276 -3.5539 1.5925 45.1000 -14.1792 2.9232
171 1 Car -1 -1 -10 586.0097 172.4999 612.7307 199.2776 1.6682 1.6653 3.6310 -0.7374 1.6465 46.7823 -14.1608 4.6279
172 55 Car -1 -1 -10 604.5765 177.7581 643.1605 198.3578 1.4738 1.5503 3.4837 0.9860 1.8571 54.4334 -14.5670 1.6862
172 49 Car -1 -1 -10 536.0723 175.2777 566.5808 203.4846 1.6102 1.6658 4.5648 -3.5540 1.7658 43.8979 -14.1770 3.6863
172 1 Car -1 -1 -10 583.7907 174.1120 612.0780 200.9956 1.6676 1.7068 3.5906 -0.8476 1.7527 46.7634 -14.1888 4.2989
173 56 Car -1 -1 -10 456.6680 181.6083 488.9676 202.6200 1.5523 1.7294 4.2283 -10.8516 2.2723 57.1905 -10.9880 1.8626
173 49 Car -1 -1 -10 532.9269 177.2052 567.3832 206.7538 1.6226 1.7345 3.8982 -3.4839 1.8890 42.1546 -14.1484 3.6006
173 1 Car -1 -1 -10 586.1162 175.8926 613.4831 203.2351 1.6874 1.7003 3.6880 -0.7275 1.8928 46.8137 -14.1712 4.5223
174 52 Car -1 -1 -10 449.1388 182.3288 482.6597 204.0532 1.5285 1.6060 3.7988 -10.8460 2.2685 54.3879 -10.9475 1.2919
174 49 Car -1 -1 -10 531.7465 177.2335 563.5410 207.6785 1.6092 1.7061 4.2038 -3.6110 1.8713 40.9411 -14.2416 3.8593
174 1 Car -1 -1 -10 580.9563 176.6473 611.3879 202.8229 1.6080 1.6462 3.6826 -0.9649 1.8645 46.7990 -14.2466 4.7362
175 52 Car -1 -1 -10 442.1742 181.0940 475.5113 203.5434 1.5124 1.6995 3.7942 -10.8643 2.1278 51.9345 -11.0222 2.5062
175 49 Car -1 -1 -10 528.3135 175.3139 561.8393 206.5078 1.6034 1.6554 4.4393 -3.5554 1.7468 39.6977 -14.1850 4.4915
175 1 Car -1 -1 -10 582.5530 174.5213 609.5991 201.1205 1.6490 1.6857 3.7134 -0.9293 1.7619 46.8326 -14.1529 4.2803
176 47 Car -1 -1 -10 435.4150 180.7286 469.7187 203.5526 1.4574 1.6779 3.9085 -10.7700 2.0191 49.4389 -11.0449 2.2273
176 49 Car -1 -1 -10 525.3711 174.5861 560.3117 206.4044 1.5814 1.7119 4.1917 -3.5437 1.6787 38.2356 -14.1977 4.3233
176 1 Car -1 -1 -10 579.8063 173.2267 608.8637 199.7393 1.6483 1.6924 3.6462 -1.0825 1.6738 46.7894 -14.2115 4.5124
177 47 Car -1 -1 -10 426.7367 180.6607 461.2903 204.8747 1.4654 1.6016 4.0649 -10.8157 1.9979 47.0947 -11.0692 2.4451
177 49 Car -1 -1 -10 522.4672 174.2104 558.8012 207.6291 1.5973 1.6919 4.9232 -3.5501 1.6723 37.1957 -14.1971 3.5077
177 1 Car -1 -1 -10 580.0260 173.4608 608.6573 200.0152 1.6482 1.7149 3.6010 -1.0798 1.6894 46.7153 -14.1971 4.2868
178 47 Car -1 -1 -10 413.4562 182.5722 457.4450 208.8952 1.4936 1.6944 4.2928 -10.7745 2.1246 44.6720 -10.9973 1.6361
178 49 Car -1 -1 -10 519.2441 176.8121 559.6939 210.7686 1.5428 1.6613 4.1953 -3.4384 1.7489 35.3876 -14.1581 4.1044
178 1 Car -1 -1 -10 578.3680 173.5380 606.6030 200.5578 1.6779 1.6644 3.6678 -1.2017 1.7244 46.7867 -14.2066 5.0588
179 47 Car -1 -1 -10 403.7994 182.4643 448.4468 211.2116 1.5374 1.6651 4.0428 -10.6731 2.1243 41.9925 -11.0214 3.3383
179 49 Car -1 -1 -10 515.7368 175.5626 555.6639 212.1983 1.6026 1.6366 4.6793 -3.5042 1.7406 34.2878 -14.1850 4.4177
179 1 Car -1 -1 -10 577.9244 175.2622 606.6841 202.0798 1.6578 1.7350 3.6900 -1.2156 1.8208 46.8345 -14.1970 4.3376
180 47 Car -1 -1 -10 387.9831 184.3632 440.3178 215.4575 1.5378 1.7456 4.3757 -10.6819 2.2036 39.5135 -11.0120 4.8213
180 49 Car -1 -1 -10 511.9600 177.3150 555.8268 215.7473 1.6028 1.6170 4.1760 -3.4231 1.8182 32.6778 -14.1541 4.9271
180 1 Car -1 -1 -10 579.7279 176.8818 606.9034 203.6306 1.6430 1.6764 3.6241 -1.1451 1.9145 46.7214 -14.1827 5.1967
181 47 Car -1 -1 -10 375.6671 190.1104 432.0634 223.2059 1.4930 1.7240 4.3725 -10.5356 2.4321 37.0462 -11.0147 4.2952
181 49 Car -1 -1 -10 506.1357 181.5705 555.2400 223.0443 1.6256 1.6555 4.0952 -3.4003 2.0276 31.1927 -14.1321 5.1442
181 1 Car -1 -1 -10 578.4012 180.2889 605.1388 207.2756 1.6389 1.6619 3.6436 -1.2201 2.1393 46.6791 -14.1672 3.8703
182 47 Car -1 -1 -10 359.2446 191.6625 417.8541 227.4040 1.4879 1.6632 4.1736 -10.5061 2.4398 34.3823 -11.0355 4.1380
182 49 Car -1 -1 -10 503.5205 184.4185 552.6768 227.4622 1.5931 1.6775 3.9390 -3.3524 2.1024 29.7614 -14.1622 4.3523
182 1 Car -1 -1 -10 578.6927 183.0323 606.3745 209.8296 1.6162 1.7123 3.6586 -1.1276 2.3017 46.7360 -14.1387 3.5138
183 47 Car -1 -1 -10 337.3796 192.4797 406.5465 230.3975 1.4377 1.7602 4.3212 -10.4314 2.3630 31.8126 -11.0307 3.5548
183 52 Car -1 -1 -10 400.8756 188.6898 436.3310 211.7492 1.4995 1.6208 3.8593 -13.6567 2.6743 51.5551 -11.0269 1.6678
183 49 Car -1 -1 -10 497.7892 184.3692 549.9843 231.0070 1.6347 1.6873 4.4203 -3.3786 2.1277 28.6293 -14.1703 4.8839
183 1 Car -1 -1 -10 580.3370 183.9697 607.3395 210.5680 1.5979 1.6784 3.5207 -1.0842 2.3439 46.6158 -14.1641 4.6003
184 47 Car -1 -1 -10 315.4902 190.7876 391.7464 232.4097 1.4548 1.6908 4.3937 -10.3588 2.2404 29.3634 -11.0334 4.3723
184 52 Car -1 -1 -10 390.3218 187.7794 429.2388 212.0572 1.4965 1.7070 3.9039 -13.5473 2.5496 48.9031 -11.0386 2.8310
184 49 Car -1 -1 -10 493.4953 181.3443 549.8180 230.0400 1.6377 1.7165 4.2241 -3.2836 1.9826 27.1430 -14.1649 5.6319
184 1 Car -1 -1 -10 578.8884 181.1660 605.3762 207.6977 1.6088 1.6483 3.6412 -1.1697 2.1686 46.7288 -14.1511 3.6509
185 60 Car -1 -1 -10 423.4201 180.6455 478.2058 217.8720 1.5032 1.5758 4.0136 -7.1987 1.8744 32.1866 -11.4247 1.2690
185 47 Car -1 -1 -10 286.0336 189.1719 373.6217 236.3208 1.5054 1.6642 4.2956 -10.2814 2.1587 26.7019 -11.0194 6.9385
185 52 Car -1 -1 -10 381.8723 184.7429 421.1264 210.6615 1.5330 1.6523 3.6801 -13.3573 2.3272 46.2898 -11.0550 4.5394
185 49 Car -1 -1 -10 488.4772 179.0654 547.8667 230.3644 1.6451 1.6644 4.1414 -3.2328 1.8849 25.7265 -14.1552 5.1975
185 1 Car -1 -1 -10 578.9987 178.3359 609.4241 205.2902 1.6449 1.7185 3.6304 -1.0146 2.0137 46.6382 -14.0890 2.9138
186 47 Car -1 -1 -10 253.6204 188.4546 353.4770 239.4178 1.4593 1.6789 4.2004 -10.1305 2.0266 24.0900 -11.0311 5.9593
186 52 Car -1 -1 -10 369.0810 183.6471 412.2676 211.9374 1.5715 1.7249 3.9306 -13.2448 2.2554 43.6609 -11.0817 2.7866
186 49 Car -1 -1 -10 481.8621 177.2961 544.9154 231.3715 1.6453 1.6726 4.1915 -3.2218 1.8090 24.4139 -14.1616 5.9406
186 1 Car -1 -1 -10 580.3951 176.5642 608.4190 202.8244 1.6113 1.6607 3.5635 -1.0724 1.8608 46.6183 -14.2006 4.3707
187 63 Car -1 -1 -10 453.0456 182.3188 480.9542 203.6319 1.5428 1.6479 4.0982 -11.1236 2.3080 56.2003 -11.0691 1.0870
187 47 Car -1 -1 -10 208.1536 189.9506 326.4658 247.8952 1.4550 1.7269 4.1350 -10.0706 2.0140 21.4664 -11.0449 7.2514
187 52 Car -1 -1 -10 353.8774 185.1152 401.8472 215.0053 1.5456 1.6905 3.8640 -13.1327 2.2749 40.9130 -11.0575 4.9120
187 49 Car -1 -1 -10 475.3569 177.6597 545.6421 234.5960 1.6241 1.6393 4.3639 -3.1300 1.7931 23.1328 -14.1335 5.4809
187 1 Car -1 -1 -10 581.8736 175.9174 608.5865 202.5250 1.6385 1.6608 3.6512 -0.9779 1.8449 46.6905 -14.1521 5.1546
188 47 Car -1 -1 -10 149.2255 193.7081 297.0226 261.2640 1.4443 1.7029 4.2801 -9.9774 2.0545 18.9295 -11.0297 7.9567
188 52 Car -1 -1 -10 338.7653 188.3368 388.1878 219.4286 1.4791 1.7225 3.6997 -13.0174 2.3404 38.1843 -11.1082 1.8105
188 49 Car -1 -1 -10 469.2522 178.2961 543.0185 239.7183 1.6317 1.6543 4.1458 -3.0521 1.8108 21.6148 -14.1470 5.1222
188 1 Car -1 -1 -10 580.8170 177.6250 609.4681 204.2067 1.6280 1.6862 3.6707 -1.0293 1.9500 46.7530 -14.2040 4.4049
189 47 Car -1 -1 -10 70.5608 196.2270 257.9576 278.6507 1.4762 1.7015 4.3197 -9.8680 2.0772 16.3504 -11.0315 7.3853
189 64 Car -1 -1 -10 175.0610 187.8872 216.7155 206.2807 1.5269 1.6621 4.0044 -37.4344 2.9303 65.2902 -14.1967 1.0715
189 52 Car -1 -1 -10 317.9101 188.4956 379.5010 222.7501 1.5196 1.7437 3.7511 -12.8594 2.3333 35.6249 -11.0142 5.2070
189 49 Car -1 -1 -10 460.7528 178.2239 539.5582 244.0184 1.6286 1.6524 4.0650 -3.0169 1.7948 20.2360 -14.1524 6.0087
189 1 Car -1 -1 -10 581.6501 177.7191 610.8514 204.4629 1.6353 1.6842 3.7189 -0.9581 1.9637 46.7317 -14.2120 4.5549
190 47 Car -1 -1 -10 0.0000 196.2928 203.9507 295.2930 1.4495 1.5974 4.3551 -9.7734 1.9707 13.8197 -11.0404 6.8068
190 52 Car -1 -1 -10 296.3231 186.7179 363.8699 224.9468 1.5693 1.7134 3.8426 -12.7438 2.2409 32.9813 -11.0308 5.3651
190 67 Car -1 -1 -10 244.3829 186.8854 303.4888 219.7838 1.4948 1.6370 3.9941 -17.0275 2.2488 36.6593 -14.2789 1.2274
190 49 Car -1 -1 -10 451.1870 177.4019 537.3304 248.8930 1.6342 1.6485 4.3515 -2.9594 1.7679 18.9609 -14.1566 5.6105
190 1 Car -1 -1 -10 586.1235 176.8386 612.6446 203.1811 1.6175 1.6494 3.6250 -0.7330 1.8858 46.6860 -14.1596 3.9301
191 47 Car -1 -1 -10 0.0000 198.2680 131.7520 322.6388 1.4143 1.6475 4.2630 -9.6666 1.8880 11.2632 -11.0496 5.0326
191 52 Car -1 -1 -10 265.7537 185.9802 346.2073 227.5309 1.5604 1.7700 3.9073 -12.6990 2.1477 30.2978 -11.0067 5.3672
191 49 Car -1 -1 -10 437.8961 176.1788 533.3484 253.4044 1.6275 1.6489 4.4171 -2.9395 1.7193 17.6182 -14.1556 5.0440
191 69 Car -1 -1 -10 420.9481 180.9584 460.2353 207.7104 1.5632 1.6922 4.3860 -10.7135 2.1026 45.7513 -11.0517 1.1784
191 1 Car -1 -1 -10 584.4084 175.0578 613.9485 201.2255 1.6157 1.6736 3.5005 -0.6961 1.7640 46.6429 -14.0830 4.3227
192 52 Car -1 -1 -10 231.8288 184.8316 322.0179 230.6147 1.5640 1.7336 3.7964 -12.6445 2.0535 27.5541 -11.0086 5.2034
192 49 Car -1 -1 -10 423.4543 175.9741 530.2386 258.4044 1.5787 1.5845 4.3853 -2.8733 1.6585 16.1754 -14.1364 4.7104
192 1 Car -1 -1 -10 584.6556 173.0735 611.2324 199.2911 1.6271 1.6510 3.6208 -0.8212 1.6422 46.6356 -14.1593 4.5024
193 73 Car -1 -1 -10 397.9590 177.8842 440.7249 208.6242 1.5989 1.6871 4.2733 -10.6625 1.8968 40.4643 -11.1002 2.0022
193 52 Car -1 -1 -10 191.6401 184.9193 294.4284 236.4345 1.5729 1.6737 3.8411 -12.5611 2.0218 24.8794 -11.0220 4.9051
193 49 Car -1 -1 -10 403.7407 173.6729 524.1328 266.9872 1.6338 1.6070 4.2843 -2.8707 1.6534 14.8101 -14.1372 5.5529
193 1 Car -1 -1 -10 583.3345 172.2742 613.9617 198.8785 1.6499 1.6658 3.6458 -0.8019 1.6143 46.6432 -14.2403 4.2165
194 52 Car -1 -1 -10 138.0953 190.4152 261.9260 249.6785 1.5663 1.6549 3.9096 -12.4971 2.1552 22.2071 -11.0163 5.8632
194 49 Car -1 -1 -10 380.3974 175.9168 516.1256 282.9802 1.6564 1.6187 4.3206 -2.8642 1.7231 13.4554 -14.1505 6.6605
194 1 Car -1 -1 -10 583.9092 173.7610 613.6275 200.1355 1.6314 1.7155 3.7633 -0.7957 1.6929 46.6990 -14.2081 3.5110
195 52 Car -1 -1 -10 67.1984 194.9549 221.9690 264.0482 1.5657 1.7225 3.8527 -12.4309 2.2231 19.5159 -11.0023 6.6165
195 74 Car -1 -1 -10 466.1211 181.8085 491.6963 201.4789 1.4706 1.5862 3.7223 -10.4535 2.2093 57.5844 -11.0581 1.1907
195 49 Car -1 -1 -10 347.6733 178.2504 509.4353 299.9527 1.6373 1.6351 4.2899 -2.8407 1.7438 12.0420 -14.1400 6.2710
195 1 Car -1 -1 -10 589.7484 176.1087 616.7842 203.7738 1.7028 1.6802 3.6482 -0.4546 1.9219 46.6637 -14.1392 4.9975
196 52 Car -1 -1 -10 0.0000 198.5208 167.3648 280.7215 1.5646 1.6129 3.7970 -12.3353 2.2309 16.8178 -10.9977 6.2432
196 74 Car -1 -1 -10 460.9563 184.5304 488.9231 204.8993 1.4389 1.5386 3.6075 -10.2642 2.3569 54.8801 -11.0208 1.7640
196 49 Car -1 -1 -10 310.8803 179.6503 501.1593 321.0948 1.6339 1.6241 4.2727 -2.7904 1.7550 10.6768 -14.1406 5.8971
196 1 Car -1 -1 -10 589.8299 177.2329 616.9741 204.0528 1.6428 1.6582 3.7004 -0.4925 1.9379 46.6853 -14.1724 5.1165
197 52 Car -1 -1 -10 0.0000 197.2224 98.4635 295.1821 1.5146 1.6066 4.0016 -12.2874 2.0623 14.1816 -11.0232 4.8663
197 74 Car -1 -1 -10 450.8399 180.7212 487.9308 202.3471 1.4553 1.7226 4.2534 -10.1626 2.0492 52.2777 -10.9598 1.5975
197 49 Car -1 -1 -10 255.6908 176.1072 490.7395 343.1932 1.6445 1.6356 4.2682 -2.7649 1.6965 9.3165 -14.1366 6.7343
197 1 Car -1 -1 -10 587.7921 174.3518 618.9860 200.9182 1.6384 1.7283 3.6342 -0.4958 1.7394 46.5951 -14.2261 4.4620
198 74 Car -1 -1 -10 446.1725 176.6099 479.0587 200.2163 1.5391 1.6058 3.4607 -10.0692 1.8054 49.3415 -11.0151 4.0004
198 49 Car -1 -1 -10 173.5482 173.7402 474.6339 374.0000 1.6381 1.6562 4.2481 -2.7474 1.6508 7.9143 -14.1464 6.6789
198 1 Car -1 -1 -10 591.1538 171.5143 622.4098 197.0611 1.5800 1.6826 3.6790 -0.2009 1.4975 46.5292 -14.0484 4.2329
199 49 Car -1 -1 -10 43.4135 173.4374 455.3185 374.0000 1.5889 1.6414 4.1504 -2.7174 1.5962 6.5070 -14.1363 7.0802
199 75 Car -1 -1 -10 266.8703 183.5714 358.7080 233.3640 1.5076 1.5948 3.6495 -10.0059 1.8985 24.4607 -10.9896 2.2644
199 69 Car -1 -1 -10 438.0342 179.0077 475.2913 203.3753 1.4810 1.5644 3.9872 -9.9376 1.8980 46.8542 -10.9928 4.2151
199 1 Car -1 -1 -10 592.8404 171.5359 619.5934 196.8091 1.5638 1.6554 3.7414 -0.2693 1.4826 46.5149 -14.1386 3.7221
200 49 Car -1 -1 -10 0.0000 176.5814 422.7673 374.0000 1.6014 1.5989 3.9261 -2.6778 1.6378 5.0047 -14.1292 6.0360
200 75 Car -1 -1 -10 215.2615 191.0025 333.1072 241.8416 1.3126 1.4765 3.3819 -10.0375 1.9050 21.7265 -10.7828 2.1753
200 69 Car -1 -1 -10 429.1393 183.2084 471.2032 208.5576 1.4183 1.6571 4.0445 -9.7321 2.0799 44.0491 -10.9908 3.4167
200 1 Car -1 -1 -10 594.4800 173.8084 623.6110 200.7521 1.6640 1.7236 3.5041 -0.1275 1.7282 46.4739 -14.1820 4.6535
201 49 Car -1 -1 -10 0.0000 185.2990 377.3684 374.0000 1.5214 1.5857 3.5510 -2.6634 1.6186 3.8340 -14.1341 4.7073
201 75 Car -1 -1 -10 155.8516 196.1382 304.0736 259.7728 1.3536 1.6292 4.1637 -9.8373 2.0345 18.9846 -10.9708 5.0045
201 69 Car -1 -1 -10 416.5844 184.5410 462.3190 213.4840 1.5099 1.6718 4.0370 -9.7308 2.2118 41.2896 -10.9973 4.0928
201 1 Car -1 -1 -10 597.7165 175.6016 627.4811 202.8889 1.6709 1.6762 3.6110 0.1716 1.8551 46.4149 -14.0658 5.9218
202 49 Car -1 -1 -10 0.0000 192.8672 318.9469 374.0000 1.5029 1.6302 3.8482 -2.6187 1.6261 2.4855 -14.1579 3.2698
202 75 Car -1 -1 -10 73.8859 195.3517 259.3306 275.4853 1.4536 1.6742 3.9993 -9.7675 2.0227 16.2264 -10.9814 5.8122
202 69 Car -1 -1 -10 403.7696 184.4806 454.4801 214.0597 1.4366 1.6765 3.8802 -9.6287 2.0894 38.5325 -10.9777 4.5521
202 1 Car -1 -1 -10 599.8232 174.8842 627.5378 201.7919 1.6528 1.6980 3.5335 0.2385 1.7887 46.3788 -14.1077 5.0944
203 75 Car -1 -1 -10 0.0000 199.0166 204.6340 296.8371 1.4117 1.6200 4.1913 -9.6902 1.9826 13.6327 -11.0004 5.4893
203 69 Car -1 -1 -10 390.2005 184.5419 444.8252 215.8291 1.4042 1.6135 3.9697 -9.5321 2.0179 35.8662 -10.9827 5.4012
203 1 Car -1 -1 -10 600.2781 174.9280 628.3083 201.2109 1.6133 1.6952 3.5955 0.2789 1.7523 46.4028 -14.1005 4.3560
204 75 Car -1 -1 -10 0.0000 204.1750 103.0530 332.7387 1.4282 1.6027 3.6231 -9.7142 1.9747 10.7429 -10.9643 2.1850
204 69 Car -1 -1 -10 371.2544 187.9574 431.4671 220.9564 1.3487 1.6341 3.7658 -9.5375 2.0819 33.1139 -10.9825 4.7358
204 1 Car -1 -1 -10 601.1490 176.5017 629.4732 203.9327 1.6722 1.6706 3.6727 0.3449 1.9164 46.3560 -14.0882 4.5423
205 69 Car -1 -1 -10 349.4461 191.7723 416.5756 229.9435 1.4055 1.5985 3.7105 -9.4842 2.2490 30.2858 -10.9785 5.1429
205 79 Car -1 -1 -10 495.0806 184.8092 515.3085 201.8977 1.5659 1.6635 4.0336 -10.3117 2.7782 71.0749 -11.0614 1.0654
205 1 Car -1 -1 -10 602.5246 180.1655 629.2781 206.9313 1.6112 1.6428 3.7264 0.3130 2.1000 46.3266 -14.1486 4.2277
206 69 Car -1 -1 -10 318.3949 194.3890 398.7018 238.1926 1.4420 1.6938 3.8463 -9.5503 2.3234 27.5838 -10.9837 5.5321
206 79 Car -1 -1 -10 487.2321 187.7607 516.1583 206.1401 1.5886 1.7499 4.4049 -10.2288 3.0470 68.3054 -10.9139 1.5970
206 1 Car -1 -1 -10 602.9925 183.3799 630.9911 210.1422 1.5961 1.7269 3.6375 0.4432 2.2990 46.3162 -14.1124 4.2527
207 81 Car -1 -1 -10 337.0996 189.8912 392.9857 222.2793 1.4231 1.5882 3.5444 -11.9759 2.3007 35.3640 -14.1537 1.6460
207 69 Car -1 -1 -10 285.3588 194.5730 376.1660 242.8472 1.4138 1.6080 3.8842 -9.5315 2.2201 24.8259 -10.9907 6.4782
207 79 Car -1 -1 -10 482.6623 186.8181 509.7652 204.9589 1.4994 1.6527 4.2152 -10.2404 2.8001 65.0534 -10.9627 2.2506
207 1 Car -1 -1 -10 603.0285 181.1937 630.6979 208.9197 1.6646 1.7039 3.6479 0.3752 2.2207 46.2487 -14.1453 5.0214
208 82 Car -1 -1 -10 298.4870 185.3064 372.0653 224.4539 1.5607 1.6747 3.7387 -12.0898 2.1444 31.8882 -10.9439 2.9999
208 69 Car -1 -1 -10 239.5713 191.5048 350.4412 246.0943 1.4247 1.6547 3.9213 -9.5655 2.0485 22.1455 -10.9833 5.9352
208 79 Car -1 -1 -10 475.5291 182.9005 505.6024 202.3806 1.5575 1.6870 4.1534 -10.2419 2.4506 61.9939 -10.9399 1.2777
208 1 Car -1 -1 -10 602.2818 178.7851 629.4016 205.1121 1.5918 1.6701 3.5562 0.3390 1.9867 46.2109 -14.1304 4.1152
209 84 Car -1 -1 -10 260.8443 185.6133 347.9658 231.3159 1.6301 1.6804 3.9537 -12.1518 2.1765 28.8656 -10.9536 4.5915
209 69 Car -1 -1 -10 181.9496 193.8411 313.6713 256.4417 1.4037 1.6358 3.7460 -9.5722 2.0204 19.3108 -10.9915 6.2479
209 79 Car -1 -1 -10 467.7842 182.3652 495.2365 202.7757 1.5542 1.7230 3.9645 -10.4656 2.3570 58.8490 -11.0460 2.0701
209 1 Car -1 -1 -10 602.3676 177.7721 630.9290 204.5609 1.6191 1.6768 3.7050 0.3577 1.9470 46.1739 -14.1685 3.9666
210 85 Car -1 -1 -10 218.5119 187.4875 318.7691 238.0730 1.6018 1.6634 3.9241 -12.2020 2.1694 25.9802 -10.9655 5.6876
210 69 Car -1 -1 -10 101.6170 195.5428 268.0976 270.5749 1.4134 1.6111 3.7354 -9.6149 1.9946 16.5955 -10.9884 6.7361
210 79 Car -1 -1 -10 455.9415 181.6538 491.4921 202.9964 1.5387 1.8032 4.0426 -10.5140 2.2446 55.7834 -10.9449 2.3091
210 1 Car -1 -1 -10 602.5568 176.6378 631.4093 204.7919 1.7108 1.7311 3.5970 0.3794 1.9627 46.1471 -14.1589 5.4384
211 86 Car -1 -1 -10 163.7856 184.9541 283.1108 245.9224 1.7090 1.6213 3.9923 -12.2210 2.1293 23.0295 -10.9790 6.2143
211 69 Car -1 -1 -10 0.0000 197.6640 208.5844 290.1587 1.4016 1.6056 3.7812 -9.6026 1.9429 13.8375 -10.9970 6.7137
211 79 Car -1 -1 -10 446.7147 182.1444 484.6916 204.2049 1.4985 1.6921 3.9575 -10.5320 2.2047 52.7731 -10.9111 3.4258
211 1 Car -1 -1 -10 600.9614 177.1033 631.4405 204.8005 1.6774 1.6991 3.5523 0.3280 1.9599 46.0803 -14.1989 5.3579
212 87 Car -1 -1 -10 88.7397 187.9366 239.7452 255.5593 1.6168 1.6789 3.9668 -12.2955 2.0805 20.1540 -10.9637 7.3914
212 69 Car -1 -1 -10 0.0000 201.4547 129.6370 326.5765 1.3696 1.6014 4.2529 -9.5809 1.8909 11.0053 -11.0055 3.0540
212 79 Car -1 -1 -10 435.6104 181.5436 474.9881 204.4398 1.4609 1.6730 4.1408 -10.6381 2.0856 49.7356 -10.9537 3.7335
212 1 Car -1 -1 -10 603.3184 176.5832 630.6089 204.0364 1.6634 1.6526 3.6037 0.3786 1.9110 46.0216 -14.1515 4.7195
213 88 Car -1 -1 -10 0.0000 187.8799 180.2633 269.6925 1.6461 1.6042 3.9582 -12.3392 2.0473 17.2472 -10.9709 7.1385
213 79 Car -1 -1 -10 420.3037 182.4523 466.2226 207.6549 1.5038 1.7947 4.1675 -10.7848 2.1553 46.8110 -10.9345 4.0733
213 1 Car -1 -1 -10 598.9048 177.1099 627.5086 204.1015 1.6290 1.6611 3.6844 0.1369 1.9118 46.0081 -14.1768 4.1333
214 89 Car -1 -1 -10 0.0000 188.2313 106.2229 286.5636 1.5834 1.6547 4.1241 -12.3628 1.9338 14.3439 -10.9757 4.9031
214 79 Car -1 -1 -10 405.9421 180.4637 455.3430 207.4755 1.5128 1.7693 4.3947 -10.8702 1.9996 43.8919 -10.9581 5.2732
214 1 Car -1 -1 -10 594.8569 174.0292 627.3272 200.8033 1.6312 1.6713 3.5658 0.0001 1.7095 45.9861 -14.2501 4.7491
215 79 Car -1 -1 -10 390.2567 181.6669 441.4067 210.8176 1.5055 1.6896 4.3557 -10.9292 2.0305 40.7667 -10.9876 5.4291
215 1 Car -1 -1 -10 598.5802 175.5193 627.0840 202.4637 1.6305 1.7399 3.6085 0.1127 1.8069 45.8368 -14.1524 4.2204
216 79 Car -1 -1 -10 370.2189 184.7959 428.4679 216.5545 1.4956 1.7679 4.2727 -10.9681 2.1560 37.7332 -10.9866 5.7121
216 1 Car -1 -1 -10 598.2495 176.1477 628.0253 204.0856 1.6881 1.6870 3.6639 0.1310 1.9066 45.9105 -14.1897 4.9749
217 79 Car -1 -1 -10 346.8020 187.1640 412.9491 221.2246 1.4558 1.7522 4.1448 -11.0125 2.1860 34.6987 -10.9646 5.5943
217 1 Car -1 -1 -10 599.5569 177.7762 628.1729 205.0623 1.6394 1.6686 3.5628 0.2481 1.9648 45.8247 -14.0890 4.4269
218 79 Car -1 -1 -10 319.4544 187.5347 395.8366 225.2967 1.4628 1.7807 4.2918 -11.0506 2.1543 31.7992 -10.9715 5.8702
218 1 Car -1 -1 -10 599.0022 177.5903 627.5759 205.3163 1.6680 1.6933 3.6220 0.1419 1.9815 45.8669 -14.1663 5.3153
219 79 Car -1 -1 -10 285.6010 187.8853 371.9588 229.0980 1.4300 1.7714 4.1916 -11.0928 2.0715 28.6705 -10.9872 5.7764
219 1 Car -1 -1 -10 600.2256 176.6501 627.7635 203.8069 1.6358 1.6509 3.6328 0.1874 1.8868 45.8050 -14.1580 4.8849
220 79 Car -1 -1 -10 242.7596 185.9227 346.6379 233.9845 1.4899 1.7093 4.3409 -11.1446 1.9965 25.7529 -10.9661 7.5845
220 1 Car -1 -1 -10 598.5471 173.2828 627.4270 200.4242 1.6535 1.6666 3.6100 0.1226 1.6822 45.8514 -14.1797 5.1635
221 79 Car -1 -1 -10 189.1378 187.9615 314.1137 242.0896 1.4507 1.7176 4.3173 -11.1510 1.9726 22.7286 -10.9728 6.5918
221 1 Car -1 -1 -10 599.0527 172.2185 626.4568 199.3296 1.6491 1.6677 3.7255 0.1702 1.6108 45.7651 -14.1179 4.8812
222 79 Car -1 -1 -10 116.8175 191.3402 271.6909 255.9060 1.4664 1.7265 4.2919 -11.2173 2.0289 19.7795 -10.9805 7.2105
222 1 Car -1 -1 -10 598.2419 173.0636 627.2227 200.8762 1.6900 1.7058 3.7168 0.1046 1.7042 45.7534 -14.1686 5.1000
223 79 Car -1 -1 -10 17.7070 196.5051 217.9547 277.0277 1.4926 1.6955 4.2514 -11.2004 2.1131 16.7735 -10.9749 7.3428
223 1 Car -1 -1 -10 601.3475 175.8958 628.2958 203.0646 1.6395 1.6414 3.5720 0.2516 1.8402 45.7294 -14.1423 4.2204
224 92 Car -1 -1 -10 504.0474 183.8704 531.1058 201.3000 1.4640 1.5782 3.6968 -8.3093 2.4857 64.9650 -10.8808 1.2864
224 79 Car -1 -1 -10 0.0000 202.4355 143.4733 302.9436 1.4709 1.6767 4.1903 -11.2382 2.1271 13.8937 -10.9891 5.5071
224 1 Car -1 -1 -10 598.9412 179.0871 628.0952 207.0018 1.6650 1.6670 3.5965 0.1553 2.0759 45.6870 -14.1821 5.3506
225 93 Car -1 -1 -10 453.4821 186.6525 488.2286 206.0928 1.4884 1.6530 3.9534 -11.5995 2.6808 60.2570 -10.8540 1.2640
225 1 Car -1 -1 -10 598.4682 179.5757 627.1096 207.5528 1.6630 1.6822 3.6795 0.1085 2.1060 45.6477 -14.1683 4.4799
226 1 Car -1 -1 -10 593.4609 179.6102 627.6062 207.3366 1.6438 1.6539 3.6935 -0.0387 2.0900 45.6670 -14.2782 4.0508
227 93 Car -1 -1 -10 436.5916 186.0145 465.9136 208.1157 1.5460 1.6728 3.6953 -12.0112 2.5779 54.6462 -11.0724 1.7034
227 1 Car -1 -1 -10 598.2736 179.4989 627.5550 207.6087 1.6716 1.6939 3.6421 0.1161 2.1093 45.6336 -14.1764 4.5423
228 1 Car -1 -1 -10 597.0118 181.0548 626.6078 209.0363 1.6564 1.6853 3.5809 0.0466 2.1960 45.6121 -14.1866 4.9475
229 95 Car -1 -1 -10 416.5748 188.0828 461.3278 211.9399 1.4853 1.7462 4.2203 -11.7946 2.5848 49.8906 -10.9001 1.5424
229 1 Car -1 -1 -10 595.4618 181.3800 626.9068 209.2417 1.6431 1.7078 3.6153 0.0049 2.2039 45.5590 -14.2133 4.5730
230 96 Car -1 -1 -10 404.4055 185.5546 450.9522 211.6472 1.5498 1.6810 4.0205 -11.8367 2.4135 46.9628 -10.8987 1.5463
230 1 Car -1 -1 -10 597.5378 179.3459 625.7055 206.8647 1.6354 1.6467 3.5913 0.0359 2.0621 45.5600 -14.1714 5.2772
231 97 Car -1 -1 -10 452.5392 182.1581 493.8843 208.1852 1.4736 1.6065 3.7918 -8.3559 2.0687 44.1786 -10.9345 2.2394
231 98 Car -1 -1 -10 503.1931 179.8946 522.1768 197.2319 1.5455 1.6165 3.7673 -9.1444 2.2270 67.8517 -11.0881 1.1601
231 96 Car -1 -1 -10 395.8409 184.1209 439.8990 209.7945 1.4467 1.6693 3.8961 -11.7740 2.1695 44.3143 -10.9951 2.1486
231 1 Car -1 -1 -10 597.4104 177.4159 625.8311 204.9578 1.6466 1.7240 3.6668 0.0379 1.9469 45.5922 -14.1522 4.6173
232 99 Car -1 -1 -10 443.7800 183.0235 482.2434 211.2167 1.4775 1.5643 3.9334 -8.3857 2.0875 41.2526 -11.0403 2.0240
232 96 Car -1 -1 -10 380.3770 185.2380 429.0470 213.5230 1.4930 1.6689 3.8830 -11.8471 2.2434 41.7450 -10.9824 3.3140
232 1 Car -1 -1 -10 597.9999 176.8750 626.1477 204.9954 1.6830 1.6898 3.5789 0.1332 1.9471 45.5115 -14.1096 4.4458
233 100 Car -1 -1 -10 426.0492 182.9901 471.9972 212.7693 1.4432 1.6024 3.7117 -8.4751 2.0047 38.0857 -10.9964 3.9598
233 101 Car -1 -1 -10 494.4169 178.5455 517.0157 197.0538 1.5062 1.6365 3.7742 -8.9306 2.0097 61.8452 -11.0628 1.5935
233 96 Car -1 -1 -10 363.5451 184.9088 415.8301 214.3570 1.4515 1.6629 3.8556 -11.8967 2.1369 39.0708 -10.9975 3.6142
233 1 Car -1 -1 -10 601.3747 177.6568 628.4367 203.9661 1.5680 1.6389 3.7602 0.2792 1.8843 45.5755 -14.1290 2.3816
234 102 Car -1 -1 -10 408.5997 180.7446 463.0149 214.1655 1.4964 1.6178 3.6966 -8.4379 1.9009 35.0725 -10.9534 3.2918
234 101 Car -1 -1 -10 488.2498 177.5446 510.9673 197.4798 1.5504 1.6660 3.7990 -9.0228 1.9473 59.0197 -11.1013 1.6786
234 96 Car -1 -1 -10 344.1424 183.9021 404.1022 215.0888 1.4304 1.6933 3.7866 -11.8496 2.0170 36.3668 -10.9663 2.7088
234 1 Car -1 -1 -10 597.1789 174.4850 627.3589 201.5711 1.6259 1.6688 3.6665 0.1478 1.7332 45.4217 -14.0694 4.1119
235 103 Car -1 -1 -10 388.7515 184.0419 444.9192 218.4908 1.3805 1.4766 3.6340 -8.5170 1.9042 31.9234 -10.9838 3.6949
235 93 Car -1 -1 -10 483.4568 176.8381 506.1622 198.1786 1.5717 1.6794 3.7850 -8.9744 1.8918 55.8956 -11.1674 2.5550
235 96 Car -1 -1 -10 322.2738 184.0735 389.2016 219.6485 1.5017 1.6789 4.0339 -11.8428 2.0585 33.7574 -10.9858 4.5344
235 1 Car -1 -1 -10 596.4593 174.8016 624.3448 202.3611 1.6545 1.6663 3.5975 0.0275 1.7823 45.3907 -14.1114 4.9843
236 104 Car -1 -1 -10 362.5803 182.8392 431.7379 226.5475 1.5780 1.5778 3.8804 -8.4726 2.0052 28.8899 -10.9811 4.8750
236 96 Car -1 -1 -10 297.6653 187.3926 371.5600 225.9796 1.4838 1.6868 3.8618 -11.8297 2.1508 31.1430 -10.9858 3.4874
236 105 Car -1 -1 -10 475.5599 181.2924 501.9592 203.2100 1.4993 1.7048 3.6432 -8.8529 2.1386 52.7263 -11.1064 1.5092
236 1 Car -1 -1 -10 599.6611 176.3306 627.4002 204.2413 1.6704 1.6776 3.6064 0.1735 1.8984 45.4362 -14.1410 4.6003
237 106 Car -1 -1 -10 331.6790 189.2632 411.2091 232.2445 1.3471 1.5289 3.7297 -8.5201 1.9804 25.9408 -14.1058 3.9414
237 96 Car -1 -1 -10 265.3601 187.9468 349.3004 231.8366 1.5215 1.6655 4.0680 -11.8656 2.1602 28.4665 -11.0125 3.9049
237 105 Car -1 -1 -10 466.6038 181.2640 499.1199 204.5667 1.5067 1.5997 3.8876 -8.7975 2.1127 50.0081 -11.0035 5.0393
237 1 Car -1 -1 -10 596.8900 177.8522 625.3750 205.3446 1.6361 1.6631 3.5476 0.0047 1.9634 45.3931 -14.1717 5.6032
238 107 Car -1 -1 -10 291.2713 187.6703 383.0919 240.8003 1.4682 1.5261 3.5030 -8.5117 1.9705 22.6800 -10.9825 6.3308
238 96 Car -1 -1 -10 224.8569 190.2293 324.3440 239.4995 1.5246 1.6599 4.0126 -11.8811 2.1938 25.7583 -10.9865 4.0537
238 105 Car -1 -1 -10 458.5027 183.0030 493.0360 207.4780 1.4739 1.5999 3.7492 -8.7114 2.1605 46.8990 -11.0101 3.1603
238 1 Car -1 -1 -10 596.8893 176.8803 625.8826 204.9761 1.6749 1.7000 3.5397 0.0199 1.9382 45.3219 -14.1692 5.5199
239 108 Car -1 -1 -10 236.9161 188.9550 349.9137 250.1807 1.4383 1.5358 3.5492 -8.5360 1.9171 19.6601 -10.9996 5.6468
239 96 Car -1 -1 -10 175.9514 192.3905 289.3586 245.9306 1.4544 1.6118 3.9306 -11.9295 2.1316 23.0177 -11.0106 4.1132
239 105 Car -1 -1 -10 446.6640 183.0796 486.4401 208.2205 1.4141 1.6620 3.8220 -8.7386 2.0659 44.0510 -10.9930 4.5442
239 1 Car -1 -1 -10 593.6110 176.5250 627.1003 204.6767 1.6724 1.6914 3.6311 -0.0495 1.9127 45.2577 -14.2522 4.4141
240 109 Car -1 -1 -10 156.9693 190.3046 303.9666 266.1689 1.4717 1.5213 3.4373 -8.5669 1.9135 16.5200 -10.9807 7.1590
240 96 Car -1 -1 -10 110.1787 192.9801 248.6903 256.1893 1.4951 1.5532 3.9555 -11.9764 2.1172 20.3063 -10.9997 4.0023
240 105 Car -1 -1 -10 434.4821 182.3053 479.1801 210.8670 1.4976 1.6039 3.8868 -8.7015 2.0622 41.1034 -10.9614 4.1513
240 1 Car -1 -1 -10 599.5764 176.1750 627.2990 204.0281 1.6597 1.6687 3.5474 0.1572 1.8763 45.1981 -14.1465 3.9804
241 110 Car -1 -1 -10 39.4188 193.2182 245.5282 288.0634 1.4453 1.5405 3.5996 -8.5877 1.8795 13.5675 -10.9934 6.9548
241 96 Car -1 -1 -10 25.7306 193.7824 199.1459 265.5865 1.4548 1.5550 3.8931 -12.0271 2.0254 17.7055 -10.9889 2.8413
241 105 Car -1 -1 -10 421.6911 182.1549 467.4582 212.1212 1.4527 1.5565 3.7936 -8.7015 1.9681 38.0537 -10.9985 5.1204
241 1 Car -1 -1 -10 598.2439 175.6484 626.4319 203.7900 1.6740 1.6915 3.6195 0.1341 1.8561 45.1022 -14.1220 5.0574
242 111 Car -1 -1 -10 0.0000 196.5533 153.5922 324.1416 1.4194 1.5540 3.5834 -8.5942 1.8230 10.4821 -10.9961 6.1526
242 105 Car -1 -1 -10 405.4360 182.3450 456.6064 215.5073 1.4756 1.5823 3.8705 -8.6921 1.9641 35.1621 -11.0088 5.9694
242 1 Car -1 -1 -10 597.9164 174.7537 625.7683 202.1844 1.6301 1.6406 3.6310 0.1170 1.7537 44.9691 -14.1076 4.6509
243 96 Car -1 -1 -10 0.0000 203.8270 53.1739 319.7146 1.4503 1.6208 4.1226 -11.8825 2.0633 12.2009 -10.9869 2.2166
243 105 Car -1 -1 -10 384.7872 183.2693 444.7020 220.6680 1.5105 1.6632 3.9615 -8.6835 2.0051 32.2433 -11.0112 6.2759
243 1 Car -1 -1 -10 598.7081 176.8235 625.9534 203.8331 1.5984 1.6321 3.5533 0.1079 1.8561 44.9970 -14.1362 3.6418
244 105 Car -1 -1 -10 359.8305 186.9767 428.2534 226.8156 1.4347 1.6503 3.6329 -8.6658 2.0403 29.0967 -10.9879 6.7703
244 1 Car -1 -1 -10 598.8045 176.9533 626.6203 204.7983 1.6434 1.6389 3.6034 0.1708 1.9095 44.9457 -14.1066 4.8542
245 105 Car -1 -1 -10 330.8881 186.9501 408.4196 232.5111 1.4606 1.5864 3.7557 -8.6632 2.0092 26.1769 -11.0024 6.4024
245 1 Car -1 -1 -10 597.6383 176.6506 625.8613 204.7036 1.6549 1.6841 3.6089 0.0685 1.9008 44.8564 -14.1385 5.6009
246 105 Car -1 -1 -10 289.3972 186.9137 385.2480 238.3154 1.4378 1.6092 3.7949 -8.6615 1.9260 23.1277 -10.9856 6.3772
246 1 Car -1 -1 -10 597.3427 175.0737 628.9532 202.8713 1.6364 1.6725 3.7500 0.2020 1.7803 44.7203 -14.0543 5.1788
247 105 Car -1 -1 -10 239.2290 189.6171 354.4133 250.6193 1.4539 1.5993 3.8455 -8.6577 1.9683 20.1899 -11.0090 6.7268
247 1 Car -1 -1 -10 598.8985 175.5539 627.3458 203.4001 1.6374 1.6420 3.5813 0.1255 1.8114 44.5891 -14.1649 5.1641
248 105 Car -1 -1 -10 169.2650 194.0423 316.1150 265.4739 1.4081 1.5898 3.8174 -8.6467 1.9718 17.2682 -11.0008 6.0833
248 1 Car -1 -1 -10 598.4256 177.3738 627.1843 204.2243 1.5673 1.6299 3.6201 0.1052 1.8584 44.5720 -14.1736 4.3758
249 105 Car -1 -1 -10 64.1761 196.7351 262.9654 287.5454 1.4286 1.6294 3.8182 -8.6257 1.9655 14.2842 -11.0143 7.1457
249 1 Car -1 -1 -10 596.5839 177.7462 627.8774 204.7632 1.5690 1.6146 3.8977 0.1460 1.8857 44.6412 -14.0494 2.6294
250 105 Car -1 -1 -10 0.0000 197.5677 189.2860 319.8137 1.4537 1.6518 4.0028 -8.6768 1.9135 11.4007 -11.0066 6.0005
250 1 Car -1 -1 -10 598.6361 176.4303 627.1318 204.5688 1.6401 1.6465 3.6499 0.1801 1.8696 44.3759 -14.1033 5.1500
251 105 Car -1 -1 -10 0.0000 206.6711 67.3942 374.0000 1.4191 1.6089 4.0316 -8.6131 1.9077 8.3691 -11.0344 3.6669
251 1 Car -1 -1 -10 597.9207 177.7502 627.6833 206.7101 1.6752 1.7474 3.6487 0.1211 1.9878 44.1823 -14.1424 4.9406
252 1 Car -1 -1 -10 598.1325 178.9433 627.2588 207.7443 1.6548 1.6589 3.6285 0.0956 2.0426 44.0687 -14.1662 5.4557
253 1 Car -1 -1 -10 596.4811 179.5476 627.0561 207.8911 1.6127 1.6554 4.0721 0.0330 2.0415 44.1065 -14.1872 2.2425
254 1 Car -1 -1 -10 598.9458 179.3125 627.5371 208.2386 1.6503 1.6636 3.5467 0.1872 2.0583 43.7499 -14.1185 4.8110
255 1 Car -1 -1 -10 599.6568 178.9233 628.3571 207.9051 1.6470 1.6624 3.6479 0.2326 2.0297 43.6115 -14.1179 4.0806
256 1 Car -1 -1 -10 594.1155 178.6971 628.6368 208.2486 1.6739 1.7035 3.7288 0.0076 2.0429 43.5774 -14.2397 5.3069
257 1 Car -1 -1 -10 598.6389 176.9118 628.5892 206.5403 1.6839 1.6985 3.5768 0.2201 1.9381 43.3184 -14.1035 5.6179
258 1 Car -1 -1 -10 597.6498 174.4343 629.0815 203.1498 1.6351 1.6835 3.7119 0.1285 1.7342 43.1859 -14.1859 5.7370
259 1 Car -1 -1 -10 598.5474 172.1083 627.7047 200.8774 1.6458 1.6686 3.6844 0.1234 1.6035 43.1261 -14.1486 5.1091
260 1 Car -1 -1 -10 597.3676 171.4886 627.5525 201.1079 1.6846 1.7173 3.5979 0.0751 1.6073 42.8480 -14.1542 4.0602
261 1 Car -1 -1 -10 598.7834 174.9143 628.2169 203.7751 1.6256 1.6690 3.7089 0.1803 1.7534 42.7661 -14.1281 4.9359
262 1 Car -1 -1 -10 596.4555 177.3690 627.1963 206.9987 1.6478 1.6913 3.5798 0.1111 1.9255 42.4987 -14.1004 5.6095
263 114 Car -1 -1 -10 410.1464 182.4425 452.6397 205.2907 1.7461 1.6588 4.2411 -14.6430 2.5642 59.2806 -13.9126 1.7168
263 1 Car -1 -1 -10 597.4865 177.2622 627.5961 207.6489 1.6839 1.6918 3.8217 0.1035 1.9553 42.4494 -14.1394 4.6626
264 1 Car -1 -1 -10 596.9043 175.7769 626.5265 204.4688 1.5957 1.6634 3.6751 0.0417 1.7751 42.3482 -14.1479 4.6853
265 1 Car -1 -1 -10 596.6993 174.6396 628.1684 203.9176 1.6203 1.6785 3.7441 0.1477 1.7295 42.0702 -14.0910 4.7696
266 1 Car -1 -1 -10 595.4582 173.1220 626.5410 202.6409 1.6388 1.6588 3.8361 0.0646 1.6555 42.0415 -14.0951 5.1901
267 1 Car -1 -1 -10 595.3664 171.7489 624.8759 201.1466 1.6296 1.6361 3.7640 -0.0140 1.5687 41.8826 -14.1293 4.3545
268 1 Car -1 -1 -10 594.7012 170.8986 625.0553 201.2918 1.6780 1.6768 3.4586 -0.0741 1.5704 41.5777 -14.1558 5.2394
269 1 Car -1 -1 -10 593.4304 174.5768 624.1940 204.2570 1.6237 1.6361 3.7763 -0.1425 1.7280 41.6106 -14.1751 4.3590
270 1 Car -1 -1 -10 592.9616 178.5933 623.9213 208.7981 1.6281 1.6574 3.5338 -0.1612 1.9718 41.3666 -14.1723 3.3030
271 1 Car -1 -1 -10 593.0440 180.9558 623.7951 211.3806 1.6144 1.6763 3.9268 -0.1226 2.1005 41.2930 -14.1375 4.1623
272 1 Car -1 -1 -10 592.3667 180.2046 623.2559 211.2803 1.6492 1.6808 4.0057 -0.1276 2.0904 41.2566 -14.1234 3.8487
273 1 Car -1 -1 -10 591.9708 179.9646 622.2685 210.9020 1.6386 1.6436 3.9819 -0.2096 2.0640 41.1300 -14.1460 5.2425
274 1 Car -1 -1 -10 590.3205 179.7755 620.5901 210.1482 1.6086 1.6389 3.7073 -0.2729 2.0193 40.9158 -14.1322 5.1519
275 1 Car -1 -1 -10 590.6447 178.5849 620.9812 208.3963 1.5800 1.6384 3.7657 -0.2680 1.9198 40.8489 -14.1403 1.8690
276 1 Car -1 -1 -10 586.9046 177.4451 619.2127 208.7250 1.6580 1.6633 3.7266 -0.4673 1.9295 40.7057 -14.1894 4.1867
277 1 Car -1 -1 -10 586.9545 175.5306 618.2966 207.0058 1.6758 1.6826 3.6707 -0.4494 1.8335 40.5700 -14.1467 5.2228
278 1 Car -1 -1 -10 586.2652 175.3352 618.0037 206.6099 1.6645 1.6751 3.6286 -0.4373 1.8105 40.5196 -14.1177 5.5563
279 1 Car -1 -1 -10 586.4950 175.0822 618.2667 204.7573 1.5768 1.6195 3.6027 -0.4232 1.7077 40.4400 -14.1019 3.6179
280 1 Car -1 -1 -10 586.5059 174.0491 617.8677 205.2013 1.6594 1.6770 3.7610 -0.4653 1.7299 40.4619 -14.1432 4.9368
281 1 Car -1 -1 -10 586.3068 174.1540 617.5317 204.0706 1.5863 1.6265 3.8765 -0.5288 1.6630 40.3983 -14.1794 4.2718
282 1 Car -1 -1 -10 587.0237 173.3384 617.5205 203.9480 1.6265 1.6242 3.7744 -0.5003 1.6552 40.3072 -14.1652 5.2957
283 1 Car -1 -1 -10 586.1618 172.0873 616.8693 203.4573 1.6677 1.6335 3.9332 -0.5394 1.6273 40.3435 -14.1637 5.1415
284 1 Car -1 -1 -10 585.3464 171.4608 619.3904 203.1344 1.6791 1.6841 4.0715 -0.4146 1.6056 40.3188 -14.0929 5.4558
285 1 Car -1 -1 -10 586.4682 171.4379 618.0473 202.5860 1.6510 1.6739 4.2567 -0.4522 1.5763 40.3727 -14.1397 5.4409
286 118 Car -1 -1 -10 379.4724 177.9350 406.5526 201.8468 1.6481 1.6885 3.3280 -15.8014 2.0303 52.3688 -14.4880 1.8296
286 1 Car -1 -1 -10 583.8299 172.6980 618.5335 203.2571 1.6180 1.6592 3.8635 -0.5712 1.6101 40.1946 -14.2209 4.9810
287 1 Car -1 -1 -10 587.7278 173.1187 618.3803 203.6003 1.6137 1.6246 3.8352 -0.4309 1.6295 40.1577 -14.1510 5.3316
288 1 Car -1 -1 -10 587.8883 173.7607 619.7277 204.4229 1.6216 1.6528 3.6378 -0.4190 1.6747 40.1168 -14.1777 5.1790
289 1 Car -1 -1 -10 586.4482 174.0873 619.8077 205.1187 1.6409 1.6417 3.5933 -0.3771 1.7130 40.1337 -14.0857 4.9921
290 1 Car -1 -1 -10 588.1093 172.1795 619.2068 203.0988 1.6390 1.6480 4.0548 -0.3459 1.6036 40.2837 -14.1235 4.9823
291 1 Car -1 -1 -10 585.5475 171.2856 618.1159 202.2286 1.6446 1.6664 3.6554 -0.5308 1.5616 40.2149 -14.1890 4.8145
292 1 Car -1 -1 -10 588.6622 171.2976 619.1830 200.9155 1.5749 1.6237 3.7090 -0.3974 1.4925 40.2351 -14.1577 2.6076
293 1 Car -1 -1 -10 588.0143 170.5532 619.7218 202.2064 1.6847 1.6886 3.4988 -0.4031 1.5626 40.1687 -14.1604 4.4900
294 123 Car -1 -1 -10 750.3125 166.8269 793.3164 197.9091 1.6980 1.6159 3.1142 9.1172 1.3691 41.0080 -14.1847 1.0695
294 1 Car -1 -1 -10 589.3103 171.7154 620.2190 202.5626 1.6406 1.6451 4.0480 -0.3686 1.5804 40.4172 -14.1639 4.9442
295 1 Car -1 -1 -10 587.7929 172.5594 621.6100 202.9818 1.6171 1.6686 3.9608 -0.3768 1.6018 40.3803 -14.2012 5.3371
296 1 Car -1 -1 -10 589.7711 173.4863 622.4775 203.4015 1.5915 1.6444 3.8461 -0.2096 1.6290 40.4240 -14.0925 4.4705
297 1 Car -1 -1 -10 591.9305 175.8242 621.2414 203.5593 1.4656 1.5657 3.8581 -0.2168 1.6405 40.4685 -14.1362 3.6700
298 1 Car -1 -1 -10 591.1336 174.5932 622.6307 204.5362 1.5947 1.6516 3.6755 -0.2496 1.6972 40.5076 -14.1729 4.9293
299 1 Car -1 -1 -10 592.2418 174.3526 623.2872 204.6609 1.6226 1.6595 3.7697 -0.2012 1.7115 40.7212 -14.1644 4.5936
300 1 Car -1 -1 -10 593.6810 175.5807 623.9213 204.9150 1.5664 1.6292 3.6607 -0.0942 1.7275 40.7001 -14.1336 4.0997
301 1 Car -1 -1 -10 592.7807 175.2367 623.0225 204.8433 1.5860 1.6335 3.7589 -0.1794 1.7275 40.8464 -14.1533 3.2883
302 1 Car -1 -1 -10 592.8377 174.9487 624.8250 205.5160 1.6425 1.6846 3.7447 -0.0603 1.7672 40.9285 -14.1032 4.3524
303 1 Car -1 -1 -10 590.7621 176.8900 624.0298 206.2888 1.5719 1.6431 3.7518 -0.2247 1.8126 41.0353 -14.2076 4.3211
304 1 Car -1 -1 -10 593.5004 176.1049 625.5168 207.2620 1.6764 1.7414 3.7700 -0.1007 1.8706 41.1187 -14.1576 5.2934
305 1 Car -1 -1 -10 593.7651 176.8373 624.7211 207.7790 1.6646 1.6869 3.8505 -0.0672 1.9033 41.2409 -14.1320 4.9576
306 1 Car -1 -1 -10 594.0552 177.1637 624.3915 207.9502 1.6588 1.6572 3.6768 -0.1101 1.9166 41.2456 -14.1547 5.2250
307 1 Car -1 -1 -10 593.3324 176.9553 625.0781 207.4943 1.6466 1.6622 3.7180 -0.1202 1.8925 41.3022 -14.1798 4.6591
308 1 Car -1 -1 -10 594.8211 177.2702 625.4004 208.1352 1.6684 1.6763 3.7431 -0.0076 1.9338 41.4196 -14.1253 5.0222
309 1 Car -1 -1 -10 591.9811 179.8515 625.8050 209.8898 1.6111 1.7157 3.6721 -0.1398 2.0319 41.4633 -14.2012 3.8633
310 1 Car -1 -1 -10 594.1615 179.9610 626.3917 210.5333 1.6416 1.7090 3.8827 0.0241 2.0715 41.6326 -14.0970 4.7959
311 1 Car -1 -1 -10 593.4691 179.6374 625.0245 209.9061 1.6325 1.6962 3.5940 -0.0392 2.0407 41.5545 -14.1036 4.9387
312 1 Car -1 -1 -10 592.8328 179.2191 623.9948 210.6317 1.7002 1.6980 3.6454 -0.0871 2.0842 41.6420 -14.1110 4.5262
