0 0 Car -1 -1 -10 287.7170 184.2304 529.5978 291.4034 1.4408 1.4847 3.5476 -3.2397 1.6558 11.8418 -10.1963 7.5929
1 0 Car -1 -1 -10 218.3876 186.2053 484.4635 301.5839 1.4202 1.4789 3.5909 -3.8884 1.6603 11.1274 -10.2580 7.9213
2 0 Car -1 -1 -10 140.8644 187.5269 436.6685 314.4479 1.4167 1.4763 3.5992 -4.4689 1.6654 10.3457 -10.3160 7.4837
3 0 Car -1 -1 -10 47.8152 188.9854 379.7449 327.6679 1.3937 1.4560 3.5748 -5.0704 1.6496 9.5556 -10.3626 7.9886
4 0 Car -1 -1 -10 0.0000 189.5650 319.7898 347.6589 1.4182 1.5083 3.5023 -5.5865 1.6646 8.7437 -10.4124 7.4034
5 0 Car -1 -1 -10 0.0000 192.2374 254.3434 374.0000 1.3830 1.5451 3.7353 -6.1340 1.6476 7.8344 -10.4557 5.0271
6 0 Car -1 -1 -10 0.0000 194.3877 162.0862 374.0000 1.3913 1.5640 3.4448 -6.6130 1.6566 6.9886 -10.4935 4.2990
6 1 Car -1 -1 -10 1155.3192 179.7436 1241.0000 221.8060 1.4926 1.6086 3.7314 23.5184 1.7778 28.0124 -8.7258 3.5417
7 0 Car -1 -1 -10 0.0000 194.7100 62.4541 374.0000 1.4083 1.5699 3.3469 -7.0564 1.6514 6.1654 -10.5016 1.2360
7 1 Car -1 -1 -10 1112.2475 179.1931 1241.0000 219.2816 1.4532 1.7140 4.2240 22.6802 1.7245 28.8146 -8.7190 3.5705
8 1 Car -1 -1 -10 1083.4698 178.2141 1214.8042 219.6252 1.5460 1.7257 4.1848 21.9225 1.7804 29.4800 -8.7110 4.9972
9 1 Car -1 -1 -10 1051.1480 178.0512 1181.1640 219.0017 1.5693 1.7116 4.2876 21.1031 1.8024 30.2412 -8.6939 5.1452
10 1 Car -1 -1 -10 1018.8050 177.3365 1142.0583 217.8410 1.6064 1.7366 4.2164 20.2012 1.8132 31.1506 -8.6693 4.5687
11 1 Car -1 -1 -10 990.4787 177.2070 1112.8799 216.1388 1.5816 1.7300 4.3518 19.4205 1.7873 31.9094 -8.6662 5.1047
12 1 Car -1 -1 -10 965.3215 177.2646 1083.2530 213.7467 1.5212 1.7125 4.3289 18.7069 1.7354 32.7956 -14.8669 3.4041
13 1 Car -1 -1 -10 943.1752 176.4197 1053.1190 214.1366 1.6242 1.7437 4.1654 17.9627 1.8011 33.5962 -14.8776 6.1398
14 1 Car -1 -1 -10 918.3366 175.7800 1027.9196 211.9717 1.5993 1.7539 4.3329 17.2224 1.7484 34.4585 -14.8425 5.0127
15 1 Car -1 -1 -10 893.6601 177.7355 996.3566 210.0967 1.4624 1.6346 4.2768 16.3253 1.7169 35.4077 -11.7058 2.4604
16 1 Car -1 -1 -10 876.3482 175.5718 977.4806 210.5692 1.6333 1.7729 4.3157 15.8067 1.7786 36.2476 -14.8244 4.4693
17 1 Car -1 -1 -10 859.7157 176.2797 955.3933 207.8367 1.5031 1.6589 4.3015 15.1686 1.6900 37.0673 -14.7776 2.8513
18 1 Car -1 -1 -10 839.7224 175.6175 930.8320 208.1911 1.6003 1.7257 4.2513 14.4064 1.7550 38.0600 -14.7497 4.8668
19 1 Car -1 -1 -10 823.1497 173.9357 912.1509 205.6045 1.6081 1.7062 4.3396 13.8317 1.6704 39.0529 -14.7560 3.7125
20 1 Car -1 -1 -10 807.6630 175.3520 895.2686 205.0506 1.5295 1.6734 4.5364 13.2341 1.6762 39.9108 -14.7144 2.8432
21 1 Car -1 -1 -10 795.7835 175.8701 876.4842 204.3888 1.5033 1.6919 4.3594 12.6806 1.6840 40.8303 -14.6620 4.4581
22 1 Car -1 -1 -10 783.2421 174.8837 859.9413 202.7388 1.5147 1.6745 4.3019 12.1614 1.6392 41.8471 -14.6601 5.0457
23 1 Car -1 -1 -10 769.3898 174.9085 844.9248 203.0931 1.5709 1.7259 4.4436 11.6147 1.7002 42.9198 -14.6406 5.9430
24 1 Car -1 -1 -10 758.6283 175.7289 828.8090 202.0929 1.5032 1.7254 4.2855 11.0821 1.6878 43.9381 -14.6161 5.9873
25 1 Car -1 -1 -10 746.3755 174.3794 814.8279 201.0878 1.5726 1.7476 4.3939 10.5588 1.6733 45.1060 -14.6030 4.1563
26 1 Car -1 -1 -10 735.9490 174.2811 801.1880 200.8144 1.5993 1.7327 4.4450 10.0309 1.6956 46.1249 -14.5717 4.5571
27 1 Car -1 -1 -10 727.7224 173.7238 791.1324 200.0439 1.6261 1.7484 4.4161 9.6527 1.6861 47.1018 -14.5778 3.9528
28 1 Car -1 -1 -10 720.8090 175.3504 778.6707 198.9820 1.4839 1.7049 4.4379 9.2310 1.6592 48.1841 -14.5023 4.8646
29 1 Car -1 -1 -10 714.4557 174.2028 768.8824 198.0604 1.5451 1.7034 4.3301 8.9043 1.6420 49.3154 -14.4863 5.2339
30 1 Car -1 -1 -10 704.7913 173.3511 760.1873 197.7598 1.6237 1.7652 4.6154 8.4842 1.6606 50.5661 -14.4891 5.3073
31 1 Car -1 -1 -10 699.5812 174.4614 750.1979 197.1462 1.5395 1.7482 4.5750 8.1452 1.6606 51.7539 -14.4350 4.9215
32 1 Car -1 -1 -10 695.2308 174.5235 742.3194 196.8405 1.5489 1.7304 4.6070 7.8806 1.6773 52.8890 -14.3940 4.2858
33 1 Car -1 -1 -10 691.6298 174.4235 734.0433 196.0735 1.5397 1.7097 4.1831 7.5972 1.6621 53.8690 -14.3736 3.5209
34 1 Car -1 -1 -10 688.3316 174.5426 726.0671 195.0014 1.4884 1.6968 4.2003 7.3414 1.6228 55.0646 -14.3003 2.0903
35 1 Car -1 -1 -10 682.1771 173.5646 720.9332 195.5479 1.6415 1.7198 4.2502 7.0642 1.6995 56.2746 -11.1971 3.0846
36 2 Car -1 -1 -10 1141.3445 188.9698 1241.0000 374.0000 1.4441 1.5814 3.9508 4.0284 1.5432 2.4059 -14.1869 1.7846
37 1 Car -1 -1 -10 671.7441 173.4775 708.9785 193.8380 1.5953 1.7172 4.2007 6.4897 1.6485 58.9092 -14.3661 2.1770
37 2 Car -1 -1 -10 1060.4609 181.3045 1241.0000 374.0000 1.5259 1.5920 3.5535 3.9329 1.5860 3.3124 -14.1488 3.0815
38 1 Car -1 -1 -10 672.6173 172.9405 706.6416 192.5287 1.5653 1.6644 4.1610 6.5401 1.5731 59.8733 -14.3228 1.2483
38 2 Car -1 -1 -10 999.8352 188.3312 1241.0000 374.0000 1.4620 1.6420 3.5159 3.9592 1.5879 4.0621 -14.1751 4.5904
39 1 Car -1 -1 -10 672.6387 172.9431 701.3514 192.2502 1.5824 1.7281 4.2611 6.4818 1.5906 61.3356 -14.2010 2.5241
39 2 Car -1 -1 -10 951.6962 190.2560 1241.0000 374.0000 1.4460 1.5160 3.4486 3.8904 1.6067 4.8921 -14.1774 5.1623
40 1 Car -1 -1 -10 668.1062 173.1508 697.1080 191.9392 1.5722 1.6842 3.3783 6.2098 1.5989 62.2316 -14.2937 2.1200
40 2 Car -1 -1 -10 918.6813 189.7052 1241.0000 374.0000 1.4028 1.4814 3.2069 3.8762 1.5758 5.7648 -14.1668 6.4275
41 1 Car -1 -1 -10 665.1157 174.1187 693.4325 191.0503 1.4392 1.6387 4.0405 6.0627 1.5550 63.7508 -14.2635 1.7724
41 2 Car -1 -1 -10 883.8771 187.9606 1241.0000 374.0000 1.4227 1.4716 3.2481 3.8151 1.5951 6.5802 -14.1514 7.3666
42 1 Car -1 -1 -10 663.7659 173.9519 688.3944 190.4019 1.4307 1.6491 4.2763 5.9169 1.5336 65.2144 -14.1820 1.3329
42 2 Car -1 -1 -10 856.4649 187.0503 1187.9992 372.5098 1.4228 1.5074 3.2677 3.8192 1.6018 7.4308 -14.1537 8.1564
42 3 Car -1 -1 -10 1171.0739 182.0053 1241.0000 374.0000 1.4324 1.6051 3.8511 7.6406 1.5477 7.0769 -14.0580 2.0105
43 1 Car -1 -1 -10 659.0920 173.6398 686.1461 190.0310 1.4566 1.6506 4.0385 5.7104 1.5316 66.4278 -14.2670 1.1936
43 2 Car -1 -1 -10 833.1893 186.3424 1113.2755 348.6695 1.4232 1.5044 3.2311 3.7796 1.6080 8.2293 -14.1629 8.1361
43 3 Car -1 -1 -10 1131.7740 188.7510 1241.0000 357.0495 1.3661 1.5519 3.4909 7.6948 1.5812 7.9669 -14.0943 3.3776
44 1 Car -1 -1 -10 657.2471 173.8945 683.0873 189.9680 1.4570 1.6551 3.9515 5.5961 1.5580 67.7287 -14.2562 1.7580
44 2 Car -1 -1 -10 814.3177 184.8746 1055.5924 329.7798 1.4384 1.4940 3.2219 3.7653 1.6171 9.0666 -14.1715 7.8198
44 3 Car -1 -1 -10 1090.3378 185.2665 1241.0000 334.9053 1.3740 1.6169 3.5464 7.7409 1.5547 8.6993 -14.1473 3.3479
45 2 Car -1 -1 -10 797.8574 183.3645 1011.2103 315.1122 1.4585 1.5295 3.2847 3.7518 1.6274 9.9086 -14.1594 7.5273
45 3 Car -1 -1 -10 1050.1113 185.4256 1241.0000 315.3853 1.3668 1.5798 3.4321 7.7185 1.5659 9.6632 -14.1695 4.8954
46 2 Car -1 -1 -10 785.0260 183.4612 972.1855 300.7938 1.4314 1.5243 3.2354 3.7334 1.6135 10.7274 -14.1571 7.8021
46 3 Car -1 -1 -10 1026.1310 185.3832 1241.0000 304.3454 1.3843 1.5260 3.3070 7.6953 1.5945 10.4133 -14.1572 6.6499
47 2 Car -1 -1 -10 771.6218 182.8462 937.7015 290.3884 1.4372 1.5187 3.2994 3.6950 1.6213 11.6067 -14.1490 8.0378
47 3 Car -1 -1 -10 999.1936 185.9196 1241.0000 293.3515 1.3653 1.5066 3.2883 7.6718 1.5991 11.2297 -14.1576 8.2972
48 2 Car -1 -1 -10 759.5789 182.9817 908.4221 280.5383 1.4204 1.4948 3.2831 3.6634 1.6196 12.5053 -14.1602 7.4062
48 3 Car -1 -1 -10 974.5660 184.2442 1192.0393 282.8633 1.3812 1.4971 3.2369 7.6480 1.5984 12.1061 -14.1494 7.5682
49 2 Car -1 -1 -10 749.3174 181.5476 883.7106 272.2696 1.4394 1.4951 3.2771 3.6385 1.6214 13.4177 -14.1601 8.1059
49 3 Car -1 -1 -10 948.7559 182.9075 1146.9274 273.9357 1.3888 1.5088 3.3013 7.6439 1.5943 13.0477 -14.1673 8.3462
50 2 Car -1 -1 -10 740.6598 182.1602 864.2515 264.9610 1.4096 1.4940 3.4081 3.6421 1.6177 14.3856 -14.1571 7.4159
50 3 Car -1 -1 -10 928.3863 183.2031 1106.0883 266.6466 1.3733 1.4914 3.3271 7.6355 1.5983 13.9747 -14.1664 7.3452
51 2 Car -1 -1 -10 732.6527 181.0344 845.1853 258.2549 1.4202 1.5008 3.3450 3.6176 1.6133 15.3112 -14.1562 8.0636
51 3 Car -1 -1 -10 910.2280 181.5903 1070.8691 259.8830 1.3969 1.5027 3.3149 7.6395 1.5983 14.9235 -14.1655 7.7862
52 2 Car -1 -1 -10 725.6633 180.6366 828.1725 251.9661 1.4123 1.4917 3.2734 3.6058 1.6063 16.2971 -14.1595 7.2101
52 3 Car -1 -1 -10 893.9309 181.2107 1038.7943 254.2409 1.3988 1.5174 3.3021 7.6190 1.6021 15.8587 -14.1507 7.6736
53 2 Car -1 -1 -10 717.7039 180.2721 812.4228 247.4348 1.4248 1.4675 3.2003 3.5644 1.6197 17.2918 -14.1770 7.6973
53 3 Car -1 -1 -10 876.5723 181.1863 1013.9820 248.9311 1.3784 1.5329 3.3153 7.5982 1.5922 16.7875 -14.1855 7.6742
54 2 Car -1 -1 -10 711.0127 179.3558 799.0528 242.5420 1.4336 1.4825 3.2858 3.5472 1.6146 18.3774 -14.1703 7.7571
54 4 Car -1 -1 -10 1148.7870 186.5980 1241.0000 374.0000 1.4035 1.5995 4.1103 7.7135 1.5813 7.2466 -14.1511 2.9370
54 3 Car -1 -1 -10 864.2965 180.8162 985.9762 244.5476 1.3779 1.4620 3.3713 7.5512 1.5926 17.7214 -14.1566 7.0750
55 2 Car -1 -1 -10 704.7186 179.4685 785.7304 239.6019 1.4524 1.5205 3.3192 3.5073 1.6465 19.4616 -14.1507 6.5278
55 4 Car -1 -1 -10 1112.5391 187.6879 1241.0000 358.1991 1.3673 1.5994 3.8406 7.7382 1.5734 8.0629 -14.1651 3.8682
55 3 Car -1 -1 -10 850.1113 180.6205 966.5978 241.1192 1.3872 1.5190 3.3232 7.5420 1.6068 18.6712 -14.1827 8.4744
56 2 Car -1 -1 -10 699.9951 180.1961 774.5421 234.0911 1.3825 1.4874 3.2832 3.5052 1.6095 20.6138 -14.1577 7.7297
56 4 Car -1 -1 -10 1073.2491 185.0485 1241.0000 338.1246 1.3755 1.6796 4.0022 7.7328 1.5586 8.8051 -14.1417 4.8242
56 3 Car -1 -1 -10 839.4722 179.7373 946.3757 236.6986 1.3841 1.4937 3.3834 7.5387 1.5884 19.6599 -14.1702 5.6043
56 5 Car -1 -1 -10 1065.4850 208.3081 1241.0000 374.0000 1.4191 1.5969 3.7309 3.4261 1.6242 2.2501 -14.2030 2.3704
57 2 Car -1 -1 -10 694.2333 179.3461 764.6613 231.0699 1.4063 1.4657 3.2803 3.4672 1.6169 21.6983 -14.1730 6.9448
57 4 Car -1 -1 -10 1038.4492 183.4569 1241.0000 324.4359 1.4190 1.6292 3.9321 7.6812 1.5894 9.5650 -14.1865 5.4893
57 3 Car -1 -1 -10 828.3385 179.8339 926.7637 233.9401 1.3857 1.4842 3.3414 7.4824 1.6018 20.6063 -14.1685 7.4038
57 5 Car -1 -1 -10 1012.5728 205.6334 1241.0000 374.0000 1.4263 1.6186 3.7633 3.3552 1.6372 2.7360 -14.1549 3.7772
58 2 Car -1 -1 -10 689.0272 178.2080 755.4450 227.7471 1.4329 1.5095 3.2503 3.4383 1.6152 22.8702 -14.1668 8.4944
58 4 Car -1 -1 -10 1009.7459 182.3309 1241.0000 312.8152 1.4275 1.6150 4.1280 7.6981 1.5909 10.3038 -14.1945 7.0639
58 3 Car -1 -1 -10 818.0391 179.8516 910.2819 230.1112 1.3595 1.5023 3.3326 7.4849 1.5865 21.6761 -14.1710 7.0243
58 5 Car -1 -1 -10 956.4243 199.4720 1241.0000 374.0000 1.4519 1.6878 3.7397 3.3723 1.6485 3.4228 -14.1668 5.2310
59 2 Car -1 -1 -10 683.9788 178.7093 746.2940 225.4501 1.4213 1.4929 3.2916 3.3861 1.6302 24.0258 -14.1703 7.0133
59 4 Car -1 -1 -10 989.3729 181.8384 1241.0000 299.6959 1.4296 1.5661 4.0327 7.6878 1.5937 11.1042 -14.1732 6.9783
59 3 Car -1 -1 -10 809.7779 180.7777 896.4125 227.2702 1.3107 1.5169 3.3910 7.4789 1.5784 22.6316 -14.1569 5.6408
59 5 Car -1 -1 -10 916.6849 200.7788 1241.0000 374.0000 1.3867 1.5929 3.7711 3.3187 1.6186 4.0716 -14.1669 4.7925
60 2 Car -1 -1 -10 679.0707 177.6474 738.5639 223.1815 1.4691 1.5011 3.2716 3.3543 1.6486 25.2955 -14.1818 7.7911
60 4 Car -1 -1 -10 959.0209 181.1287 1233.2863 290.7512 1.4554 1.6051 4.1588 7.6591 1.6179 12.0162 -14.1909 6.3869
60 3 Car -1 -1 -10 799.4855 178.6505 881.5088 224.6868 1.3748 1.4781 3.3108 7.4237 1.5789 23.6650 -14.1924 5.8610
60 5 Car -1 -1 -10 887.9674 199.4019 1241.0000 374.0000 1.3773 1.5200 3.4280 3.3068 1.6239 4.9597 -14.1589 6.7629
61 2 Car -1 -1 -10 675.4363 177.2990 731.2792 220.0044 1.4466 1.5025 3.2619 3.3162 1.6201 26.4435 -14.1769 7.7890
61 4 Car -1 -1 -10 937.7841 180.4225 1184.9918 280.2743 1.4431 1.6199 4.1450 7.6541 1.6007 12.8673 -14.2020 5.7945
61 3 Car -1 -1 -10 791.6493 177.7952 866.7740 223.2060 1.4289 1.4935 3.3611 7.3939 1.6105 24.7667 -14.1588 6.6830
61 5 Car -1 -1 -10 858.2504 197.2704 1241.0000 374.0000 1.3564 1.5155 3.4535 3.2834 1.6079 5.6751 -14.1602 6.6680
62 2 Car -1 -1 -10 671.8235 177.4034 724.4222 218.7132 1.4761 1.5264 3.2183 3.2919 1.6619 27.7741 -14.1717 7.6638
62 4 Car -1 -1 -10 917.7283 180.7589 1140.8302 273.2342 1.4468 1.6535 4.1146 7.6350 1.6210 13.7558 -14.2060 5.2719
62 3 Car -1 -1 -10 782.8203 177.9753 856.6873 220.6566 1.4022 1.5148 3.3278 7.3783 1.5979 25.8147 -14.1936 6.3613
62 5 Car -1 -1 -10 828.6522 196.2693 1241.0000 374.0000 1.3193 1.5233 3.6016 3.2533 1.5884 6.4572 -14.1650 7.4480
63 2 Car -1 -1 -10 668.2919 178.3386 716.9816 216.2538 1.4137 1.4629 3.2716 3.2305 1.6475 29.0449 -14.1765 7.0781
63 4 Car -1 -1 -10 905.0913 180.0041 1096.4061 263.8070 1.4277 1.5992 3.8742 7.6125 1.5925 14.6097 -14.1976 5.5051
63 3 Car -1 -1 -10 775.5396 178.4692 843.2257 219.3881 1.4047 1.5075 3.3662 7.3238 1.6280 26.9398 -14.1673 7.3044
63 5 Car -1 -1 -10 808.2508 192.8025 1149.4110 374.0000 1.3519 1.5419 3.4647 3.2217 1.5999 7.1969 -14.1712 7.5066
64 2 Car -1 -1 -10 665.1314 178.0862 710.8541 213.6379 1.3937 1.4821 3.2041 3.1935 1.6262 30.3859 -14.1688 6.4147
64 4 Car -1 -1 -10 886.7596 180.9091 1061.8533 257.8679 1.4000 1.5793 3.9091 7.5731 1.5964 15.5506 -14.2107 5.5700
64 3 Car -1 -1 -10 768.4273 178.5395 832.3716 216.8956 1.3764 1.5023 3.3317 7.2961 1.6114 28.0833 -14.1737 5.9138
64 5 Car -1 -1 -10 790.7818 191.9267 1082.9038 359.8696 1.3520 1.5447 3.4579 3.2113 1.6095 7.9654 -14.1791 8.0664
65 2 Car -1 -1 -10 662.5044 177.8860 705.5199 212.1680 1.4063 1.4870 3.1289 3.1596 1.6384 31.6438 -14.1632 6.3352
65 4 Car -1 -1 -10 867.4161 180.7592 1027.4453 252.9215 1.4141 1.5852 4.0209 7.5221 1.6195 16.6503 -14.2087 5.4777
65 3 Car -1 -1 -10 760.6257 177.5506 823.6682 215.2237 1.4099 1.5291 3.4953 7.2617 1.6121 29.2254 -14.1831 5.2180
65 5 Car -1 -1 -10 776.6637 190.3599 1023.7655 336.2882 1.3455 1.5391 3.4733 3.2059 1.6029 8.8320 -14.1683 7.4972
66 2 Car -1 -1 -10 657.7372 176.7612 701.5768 211.2005 1.4812 1.5288 3.2729 3.1062 1.6698 33.0847 -14.1904 6.0153
66 4 Car -1 -1 -10 854.4626 180.7167 999.5248 247.1501 1.3945 1.5537 4.0547 7.5349 1.6105 17.7103 -14.2059 5.5607
66 3 Car -1 -1 -10 754.3369 177.9805 811.9685 213.0518 1.3711 1.4687 3.3012 7.1880 1.5994 30.3894 -14.1943 5.1397
66 5 Car -1 -1 -10 762.7134 188.5057 979.8882 319.6149 1.3568 1.5521 3.4061 3.1750 1.6032 9.6086 -14.1749 7.9848
67 2 Car -1 -1 -10 656.8018 176.9891 696.8511 209.3613 1.4538 1.5178 3.2577 3.1097 1.6612 34.4732 -14.1670 6.2388
67 4 Car -1 -1 -10 842.5521 180.3595 972.9451 242.1233 1.3892 1.5667 3.9561 7.5103 1.6055 18.7369 -14.1947 5.6852
67 3 Car -1 -1 -10 747.5461 179.1372 803.3324 211.9818 1.3321 1.4844 3.4285 7.1612 1.6237 31.6875 -14.1960 5.0370
67 5 Car -1 -1 -10 749.1768 188.7728 941.5474 306.2564 1.3397 1.5398 3.4921 3.1376 1.6105 10.4807 -14.1760 8.2404
68 2 Car -1 -1 -10 652.7548 176.7678 691.1694 208.1399 1.4700 1.5076 3.2636 3.0009 1.6740 35.8803 -14.1761 6.0581
68 4 Car -1 -1 -10 832.4125 180.4945 948.0879 237.3150 1.3632 1.5662 4.0718 7.5214 1.5960 19.9030 -14.1491 5.2500
68 3 Car -1 -1 -10 740.3917 177.9514 794.3087 211.3204 1.4102 1.5186 3.4575 7.0509 1.6548 32.8003 -14.1949 5.0040
68 5 Car -1 -1 -10 737.8918 187.5457 908.0773 294.5773 1.3494 1.5426 3.5622 3.1035 1.6185 11.3924 -14.1670 7.7635
69 2 Car -1 -1 -10 650.4921 176.9231 687.6010 207.1960 1.4782 1.4904 3.3133 2.9803 1.6989 37.3764 -14.1877 5.4453
69 4 Car -1 -1 -10 820.0229 179.5058 928.6505 233.3285 1.3793 1.6032 3.8310 7.4762 1.5905 20.9188 -14.1815 4.6518
69 3 Car -1 -1 -10 735.7295 177.3117 785.5367 209.4149 1.4193 1.4955 3.3778 7.0236 1.6410 34.1001 -14.1875 3.9801
69 5 Car -1 -1 -10 729.4252 186.7708 883.2085 283.4211 1.3378 1.5609 3.5240 3.1058 1.6096 12.2847 -14.1689 7.9972
69 7 Car -1 -1 -10 1122.0410 197.8438 1241.0000 374.0000 1.4310 1.5786 3.8530 3.6124 1.5725 2.1413 -14.1312 1.3920
70 2 Car -1 -1 -10 648.1783 176.8809 683.9272 205.3566 1.4466 1.5115 3.2512 2.9377 1.6727 38.7838 -14.1876 5.5263
70 4 Car -1 -1 -10 811.1586 180.3677 909.1995 230.5800 1.3638 1.6357 3.7123 7.4679 1.6131 22.0292 -14.1592 3.9213
70 3 Car -1 -1 -10 729.5126 176.4804 780.8592 206.7333 1.3900 1.5771 3.5019 7.0229 1.5773 35.3875 -14.2130 3.7531
70 5 Car -1 -1 -10 721.6446 186.1227 857.8528 274.4904 1.3367 1.5367 3.4201 3.0697 1.6111 13.1658 -14.1689 7.9733
70 7 Car -1 -1 -10 1049.9701 190.1223 1241.0000 374.0000 1.4493 1.6190 3.9210 3.6466 1.5615 2.6743 -14.1839 3.5003
71 2 Car -1 -1 -10 646.6675 179.4029 679.3852 204.4084 1.3064 1.4900 3.1944 2.8807 1.6860 40.1614 -14.1681 4.7431
71 4 Car -1 -1 -10 795.0975 178.2841 891.3287 226.9296 1.4090 1.6367 4.1222 7.4031 1.6017 23.4598 -14.1819 4.5991
71 3 Car -1 -1 -10 725.9295 177.2654 770.9226 206.9052 1.4152 1.4955 3.2550 6.9374 1.6496 36.6108 -11.0510 3.0671
71 5 Car -1 -1 -10 714.0455 185.4535 838.6094 266.1353 1.3210 1.5378 3.5043 3.0597 1.5993 14.1397 -14.1673 7.4190
71 7 Car -1 -1 -10 986.9371 187.4945 1241.0000 374.0000 1.4617 1.6528 3.7763 3.6523 1.5718 3.4736 -14.1942 4.5176
72 2 Car -1 -1 -10 643.6666 177.3143 675.7660 201.9083 1.3465 1.4783 3.2077 2.8067 1.6150 41.7348 -14.1880 4.5265
72 4 Car -1 -1 -10 785.9211 178.3336 874.4234 223.9905 1.3982 1.5680 4.1450 7.3728 1.6023 24.7130 -14.1919 6.0499
72 5 Car -1 -1 -10 707.3082 184.4386 819.7390 260.2697 1.3423 1.5250 3.5418 3.0270 1.6139 15.1035 -14.1601 6.4572
72 7 Car -1 -1 -10 943.2594 184.7109 1241.0000 374.0000 1.4766 1.6930 3.9812 3.6808 1.5777 4.0977 -14.1868 4.9509
73 2 Car -1 -1 -10 641.7412 176.7972 672.4113 201.3440 1.3990 1.5095 3.2742 2.7589 1.6452 43.3185 -14.1742 3.7783
73 4 Car -1 -1 -10 774.6770 177.6970 859.0928 221.0189 1.4078 1.5977 4.2134 7.3153 1.5977 26.0815 -14.2037 5.0190
73 3 Car -1 -1 -10 716.1337 174.6830 759.8804 202.4376 1.4357 1.5555 3.5482 6.8989 1.5405 39.3803 -14.1999 2.1950
73 5 Car -1 -1 -10 699.9545 183.5175 804.6288 254.6886 1.3588 1.5193 3.5393 3.0008 1.6238 16.1076 -14.1740 7.7476
73 7 Car -1 -1 -10 898.4372 182.7788 1241.0000 374.0000 1.5038 1.6567 4.0391 3.6129 1.5997 4.8866 -14.1847 5.8905
74 2 Car -1 -1 -10 642.5683 177.9005 668.8456 200.3683 1.3201 1.5007 3.2841 2.7752 1.6454 44.7971 -14.1125 3.2917
74 4 Car -1 -1 -10 766.2766 177.5208 844.4590 219.5375 1.4386 1.6242 4.3387 7.2594 1.6304 27.3937 -14.1807 4.9923
74 3 Car -1 -1 -10 710.3010 174.8598 750.5356 201.7714 1.4415 1.5909 3.8314 6.7314 1.5608 40.8587 -14.1501 1.3918
74 5 Car -1 -1 -10 694.4324 183.6047 790.7951 249.2838 1.3416 1.5415 3.4865 2.9755 1.6228 17.0800 -14.1678 7.6710
74 7 Car -1 -1 -10 869.3735 184.0681 1241.0000 374.0000 1.4685 1.6112 4.1764 3.6003 1.5889 5.5956 -14.1865 6.4175
75 2 Car -1 -1 -10 639.6664 176.6222 666.9158 198.7876 1.3550 1.4987 3.4143 2.7210 1.6067 46.4074 -14.1514 3.7644
75 4 Car -1 -1 -10 761.4094 177.2606 833.2937 216.9979 1.4346 1.6138 4.0441 7.2764 1.6220 28.5634 -14.1877 6.2193
75 3 Car -1 -1 -10 699.2492 176.8061 744.9071 202.4973 1.4116 1.5702 3.7219 6.4682 1.6539 42.2068 -14.2952 1.7251
75 5 Car -1 -1 -10 687.3546 182.8623 778.5717 243.3857 1.3266 1.5384 3.4535 2.9404 1.6034 18.1617 -14.1906 8.5618
75 7 Car -1 -1 -10 851.1604 185.7513 1241.0000 374.0000 1.4396 1.5617 4.0089 3.5644 1.5895 6.3374 -14.1658 6.6301
76 2 Car -1 -1 -10 634.0862 175.4439 665.4007 198.4046 1.4529 1.5868 3.3599 2.5675 1.6311 47.7959 -14.2316 3.5397
76 4 Car -1 -1 -10 752.4456 177.5583 820.8188 214.6250 1.4023 1.6195 4.2064 7.2005 1.6121 29.9794 -14.1878 6.8010
76 3 Car -1 -1 -10 701.6892 176.8425 740.0675 202.0502 1.4392 1.5277 3.3486 6.6057 1.6895 43.4772 -14.2261 1.7378
76 5 Car -1 -1 -10 682.6298 182.2190 767.5784 239.7512 1.3379 1.5471 3.5443 2.9079 1.6105 19.1682 -14.1810 7.7508
76 7 Car -1 -1 -10 823.3685 184.6961 1229.7182 374.0000 1.4483 1.5909 4.0171 3.5309 1.5999 7.1719 -14.1797 7.7818
77 2 Car -1 -1 -10 633.3903 175.8650 661.3519 198.1498 1.4541 1.5218 3.3419 2.4904 1.6672 49.2599 -14.2034 4.8929
77 4 Car -1 -1 -10 745.4704 176.6375 811.5555 212.6067 1.4306 1.6409 4.2485 7.1804 1.6066 31.3224 -14.1989 6.6543
77 3 Car -1 -1 -10 693.4594 177.4488 732.7532 201.3823 1.4061 1.5129 3.4567 6.3409 1.7040 44.9035 -14.2786 1.3031
77 5 Car -1 -1 -10 678.1861 181.8951 756.1906 235.6109 1.3333 1.5312 3.4469 2.8707 1.6095 20.2547 -14.1828 7.7293
77 7 Car -1 -1 -10 806.0800 184.3997 1142.5652 367.5458 1.4469 1.5797 3.9924 3.5175 1.6074 7.9791 -14.1770 7.2700
78 2 Car -1 -1 -10 633.8883 177.1545 660.1027 197.2037 1.3396 1.5375 3.5533 2.5434 1.6534 50.7838 -14.1730 1.9653
78 4 Car -1 -1 -10 740.1973 176.2656 801.1334 211.4984 1.4700 1.6070 4.1119 7.1376 1.6345 32.6107 -14.1996 6.8403
78 5 Car -1 -1 -10 672.5289 181.3459 746.9396 232.0832 1.3334 1.5367 3.4450 2.8133 1.6054 21.3141 -14.1950 7.5199
78 7 Car -1 -1 -10 788.8250 181.6371 1076.6006 343.2181 1.4735 1.6063 4.0318 3.5056 1.6064 8.8425 -14.1728 7.8180
79 2 Car -1 -1 -10 632.7875 176.6424 657.2858 196.3941 1.3637 1.6030 3.6069 2.4817 1.6482 52.3103 -14.1360 2.1956
79 4 Car -1 -1 -10 735.0056 175.6976 793.1949 209.0728 1.4520 1.5887 4.2415 7.1232 1.5946 33.9234 -14.1997 5.3273
79 5 Car -1 -1 -10 670.1244 181.5358 739.7761 228.8699 1.3093 1.5940 3.5999 2.8223 1.6017 22.4463 -14.1661 7.4177
79 7 Car -1 -1 -10 775.7758 182.0793 1018.0660 324.5466 1.4739 1.5880 3.9890 3.4892 1.6246 9.7395 -14.1658 7.9094
80 2 Car -1 -1 -10 630.8348 175.7633 654.9231 196.1467 1.4576 1.6084 3.5251 2.3985 1.6823 53.8677 -14.1451 1.9428
80 4 Car -1 -1 -10 729.7890 175.8319 783.2787 208.2250 1.4686 1.6024 4.1833 7.0392 1.6231 35.2227 -14.1784 5.6030
80 5 Car -1 -1 -10 667.2053 181.4818 730.8222 226.1414 1.3080 1.5759 3.3939 2.7810 1.6100 23.5080 -14.1612 6.7421
80 7 Car -1 -1 -10 762.4643 181.8111 973.3785 308.3276 1.4620 1.5851 4.0334 3.4664 1.6200 10.6598 -14.1627 7.7300
81 2 Car -1 -1 -10 626.4072 175.9537 652.7394 195.0987 1.4061 1.6304 3.5987 2.2148 1.6526 55.4422 -14.2074 1.3182
81 4 Car -1 -1 -10 722.8299 175.7563 777.0254 207.2659 1.4873 1.6710 4.2584 6.9901 1.6438 36.6358 -14.2028 5.4889
81 5 Car -1 -1 -10 662.5278 180.5879 724.9732 223.7152 1.3274 1.5730 3.4994 2.7402 1.6109 24.6291 -14.1832 7.2876
81 7 Car -1 -1 -10 750.6423 180.7408 941.8449 295.8728 1.4724 1.6149 3.9791 3.4612 1.6208 11.5214 -14.1766 7.7800
82 2 Car -1 -1 -10 626.0198 175.8181 651.0456 194.4073 1.4053 1.5991 3.5876 2.1980 1.6473 56.9752 -14.2045 1.4615
82 4 Car -1 -1 -10 717.8295 176.3722 769.3613 205.8095 1.4363 1.5680 4.1907 6.9054 1.6319 37.8790 -14.2321 4.9596
82 5 Car -1 -1 -10 658.5896 180.5985 719.1958 221.0787 1.3032 1.5790 3.5112 2.6961 1.5989 25.7141 -14.1967 7.6022
82 7 Car -1 -1 -10 740.1843 180.3660 909.6604 283.8909 1.4583 1.6059 4.0298 3.4391 1.6101 12.5006 -14.1738 8.0457
83 2 Car -1 -1 -10 625.5353 175.8274 648.4089 193.7686 1.3953 1.5815 3.7744 2.1395 1.6453 58.6615 -14.1738 1.3054
83 4 Car -1 -1 -10 714.3962 176.2026 762.7399 204.6432 1.4444 1.6309 4.1752 6.8963 1.6370 39.2826 -14.2042 5.3985
83 5 Car -1 -1 -10 657.2856 179.6269 712.0887 219.2862 1.3494 1.5382 3.4460 2.6776 1.6188 26.9032 -14.1824 6.8569
83 7 Car -1 -1 -10 728.4104 179.6633 882.6798 273.9816 1.4570 1.6255 4.1328 3.4026 1.6050 13.5441 -14.1780 8.1231
83 8 Car -1 -1 -10 1011.9745 179.9781 1113.9620 216.5450 1.4843 1.6658 3.6442 19.8679 1.8159 31.7630 -8.7564 1.0077
84 4 Car -1 -1 -10 709.7887 176.1341 757.2705 203.5573 1.4445 1.6418 4.2158 6.8648 1.6397 40.6900 -14.2185 5.9063
84 5 Car -1 -1 -10 653.7802 179.9499 706.5359 217.5677 1.3312 1.5438 3.4727 2.6153 1.6241 27.9717 -14.1866 6.6518
84 7 Car -1 -1 -10 723.9383 179.9581 859.1069 266.2787 1.4573 1.6266 3.9563 3.4161 1.6202 14.5068 -14.1639 8.0385
84 8 Car -1 -1 -10 1001.5704 179.2016 1101.4251 215.4360 1.4942 1.5755 3.5108 19.6168 1.7939 32.2059 -14.8931 2.6912
85 4 Car -1 -1 -10 705.6764 176.0509 751.3033 202.7223 1.4570 1.6593 4.1484 6.8105 1.6532 42.0620 -14.2212 5.7876
85 5 Car -1 -1 -10 651.8425 180.5039 701.4035 215.8211 1.3006 1.5435 3.4620 2.5861 1.6281 29.0925 -14.1778 6.4534
85 7 Car -1 -1 -10 714.7957 178.9890 838.4228 258.9060 1.4648 1.6141 4.0203 3.3762 1.6149 15.5717 -14.1715 7.4712
85 8 Car -1 -1 -10 989.4630 178.9513 1086.3467 214.7586 1.4990 1.4396 3.4957 19.2302 1.7897 32.5814 -14.8801 4.7792
86 4 Car -1 -1 -10 699.7217 175.6583 742.3499 200.8252 1.4210 1.5866 4.0616 6.5728 1.5978 43.3000 -14.2300 2.4126
86 5 Car -1 -1 -10 648.1305 180.2323 696.6326 213.7586 1.2879 1.5539 3.4635 2.5189 1.6159 30.2663 -14.1919 5.0419
86 7 Car -1 -1 -10 706.1282 178.9227 820.3144 252.3933 1.4545 1.6071 4.0237 3.3345 1.6123 16.6681 -14.1853 8.8651
86 9 Car -1 -1 -10 1052.8802 185.7501 1241.0000 374.0000 1.4686 1.6135 3.8934 3.6975 1.5532 2.7199 -14.1959 3.2949
86 8 Car -1 -1 -10 973.1233 178.3539 1071.6486 213.6586 1.5007 1.5121 3.6392 18.8157 1.7673 33.0839 -14.8937 5.0087
87 4 Car -1 -1 -10 698.4672 175.3440 736.9009 200.6725 1.4867 1.6342 4.2487 6.6161 1.6495 44.9201 -11.0263 2.2320
87 5 Car -1 -1 -10 647.4686 180.1208 692.6404 212.8403 1.3115 1.5270 3.3800 2.5222 1.6456 31.4102 -14.1859 5.2387
87 7 Car -1 -1 -10 700.3370 178.7702 805.4678 247.7722 1.4636 1.6085 4.0114 3.3126 1.6258 17.6936 -14.1848 8.1457
87 9 Car -1 -1 -10 998.4080 178.5240 1241.0000 374.0000 1.5531 1.6713 3.7111 3.6978 1.5955 3.4589 -14.1785 3.9259
87 8 Car -1 -1 -10 964.9068 178.8056 1056.8174 213.4180 1.4885 1.4397 3.4426 18.4530 1.7785 33.3690 -14.8984 5.2494
88 5 Car -1 -1 -10 645.0968 179.6795 688.7695 211.6131 1.3327 1.5515 3.4330 2.4824 1.6581 32.6079 -14.1829 5.3791
88 7 Car -1 -1 -10 696.0952 177.8112 792.0992 241.4918 1.4580 1.6456 3.9490 3.3224 1.6015 18.8305 -14.1716 6.8545
88 9 Car -1 -1 -10 952.0414 173.8627 1241.0000 374.0000 1.5608 1.6755 3.7858 3.6896 1.5696 4.1099 -14.1791 5.3206
88 8 Car -1 -1 -10 951.3096 178.7493 1043.6118 212.3915 1.4654 1.4971 3.5200 18.0928 1.7571 33.8560 -14.8854 5.6579
89 4 Car -1 -1 -10 692.6379 172.4261 724.1082 196.8949 1.5472 1.6603 4.1402 6.4300 1.5205 47.7204 -10.9587 1.1929
89 5 Car -1 -1 -10 642.5050 179.2566 682.9881 210.2087 1.3426 1.5126 3.5727 2.3868 1.6595 33.8575 -14.1733 4.5145
89 7 Car -1 -1 -10 690.5938 176.3025 778.6899 237.5069 1.5065 1.6339 3.8554 3.2807 1.6115 19.9348 -14.1746 7.3371
89 9 Car -1 -1 -10 905.3295 162.3473 1241.0000 374.0000 1.6342 1.6365 3.9856 3.6559 1.5934 4.8582 -14.1918 5.2320
89 8 Car -1 -1 -10 937.2613 178.4403 1030.8606 211.6886 1.4666 1.5398 3.6431 17.7020 1.7472 34.3237 -14.8676 5.6986
90 5 Car -1 -1 -10 641.6090 178.7142 680.9383 208.4460 1.3425 1.5762 3.4085 2.4017 1.6410 34.9816 -14.1636 5.6296
90 7 Car -1 -1 -10 685.4797 176.9150 767.8434 233.9895 1.4954 1.6406 3.9273 3.2678 1.6262 21.1798 -14.1759 6.9993
90 9 Car -1 -1 -10 872.7254 157.2562 1241.0000 374.0000 1.6782 1.6772 4.3146 3.6839 1.6071 5.5068 -14.1976 5.7010
90 8 Car -1 -1 -10 925.3615 177.7754 1018.3062 211.2336 1.4973 1.5302 3.6949 17.3251 1.7475 34.7356 -14.8594 6.3489
91 5 Car -1 -1 -10 640.3121 178.1835 676.7700 207.8063 1.3899 1.5091 3.4716 2.3570 1.6709 36.2378 -14.1630 5.3754
91 7 Car -1 -1 -10 679.9868 177.1808 758.1903 230.5130 1.4797 1.6399 3.9797 3.2313 1.6264 22.3732 -14.1865 7.0890
91 9 Car -1 -1 -10 851.0256 164.1890 1241.0000 374.0000 1.6403 1.6726 4.1547 3.6471 1.5901 6.3126 -14.1722 6.7261
91 8 Car -1 -1 -10 921.7913 178.6781 1006.1382 209.5265 1.3917 1.4009 3.3903 17.0608 1.6883 34.9531 -14.8416 4.6246
92 5 Car -1 -1 -10 636.0133 178.4564 674.0951 206.8503 1.3750 1.5504 3.5871 2.2587 1.6808 37.4991 -14.1962 3.8441
92 7 Car -1 -1 -10 675.1886 177.2607 748.2770 226.5124 1.4460 1.6299 4.0825 3.1857 1.6034 23.6319 -14.1862 7.1814
92 9 Car -1 -1 -10 828.9552 166.0366 1241.0000 374.0000 1.6654 1.6178 4.1555 3.6248 1.6180 7.1580 -14.1741 7.3344
92 8 Car -1 -1 -10 907.2403 178.4612 999.3749 211.2964 1.4939 1.5477 3.7805 16.7581 1.7846 35.4225 -14.8498 3.4296
93 5 Car -1 -1 -10 634.6750 177.8354 670.9690 205.1825 1.3751 1.5108 3.3759 2.2167 1.6543 38.6492 -14.2089 4.6913
93 7 Car -1 -1 -10 671.9467 177.6409 740.1820 223.9420 1.4376 1.6021 4.0150 3.1748 1.6166 24.8741 -14.1943 7.6933
93 9 Car -1 -1 -10 811.8895 168.3863 1157.3635 370.5059 1.6539 1.6048 4.1012 3.5995 1.6177 7.9717 -14.1625 7.2407
93 8 Car -1 -1 -10 899.7885 177.8002 987.4804 210.3648 1.5052 1.5091 3.6530 16.4626 1.7639 35.8016 -14.8394 2.1610
94 5 Car -1 -1 -10 636.9960 178.5255 668.0029 204.0567 1.3236 1.4767 3.2950 2.2734 1.6498 39.7953 -14.1489 3.9807
94 7 Car -1 -1 -10 668.1911 176.9483 731.6686 221.5919 1.4711 1.6182 4.0481 3.1362 1.6319 26.2117 -14.1849 7.4831
94 9 Car -1 -1 -10 796.3597 169.2136 1086.3236 344.5202 1.6449 1.5943 4.0235 3.5891 1.6111 8.8014 -14.1661 7.3226
94 8 Car -1 -1 -10 893.8189 178.1784 977.6507 209.4252 1.4563 1.3830 3.5814 16.1946 1.7364 36.0776 -14.8145 1.9042
95 5 Car -1 -1 -10 632.1578 178.8946 665.6251 203.2740 1.3039 1.5215 3.4025 2.1478 1.6638 41.1982 -14.1997 4.0959
95 7 Car -1 -1 -10 664.9348 176.3983 724.6385 219.6800 1.5079 1.6202 4.0014 3.1085 1.6534 27.5067 -14.1860 7.6262
95 9 Car -1 -1 -10 781.3860 168.7031 1032.6471 327.1386 1.6740 1.6024 4.0284 3.5768 1.6305 9.6586 -14.1677 7.2898
95 8 Car -1 -1 -10 885.9495 178.6162 969.9922 209.1841 1.4354 1.4482 3.6685 15.9932 1.7427 36.5167 -14.7532 2.3969
96 5 Car -1 -1 -10 631.4446 177.5191 663.0795 202.6875 1.3991 1.5587 3.6436 2.1290 1.6871 42.6392 -14.1713 3.7042
96 7 Car -1 -1 -10 662.1329 176.4600 717.6423 216.6434 1.4742 1.6183 3.9838 3.0777 1.6289 28.8557 -14.1793 7.6668
96 9 Car -1 -1 -10 766.1233 170.4798 989.2468 311.0988 1.6500 1.6152 4.0927 3.5453 1.6225 10.5377 -14.1731 7.6688
96 10 Car -1 -1 -10 1115.9283 197.3675 1241.0000 374.0000 1.4307 1.5734 3.8655 3.6374 1.5705 2.1411 -14.1742 1.1299
96 8 Car -1 -1 -10 876.2309 178.3199 957.2757 208.3534 1.4293 1.4054 3.5818 15.5776 1.7229 36.8578 -14.7904 2.3092
97 5 Car -1 -1 -10 629.0202 177.7833 660.5141 201.8997 1.3787 1.5401 3.6807 2.0430 1.6918 43.8952 -14.1924 2.1310
97 7 Car -1 -1 -10 659.8824 176.0954 712.4984 214.2178 1.4748 1.6555 4.0616 3.0872 1.6206 30.3167 -14.1694 7.2924
97 9 Car -1 -1 -10 753.9879 172.9631 951.2990 298.6257 1.6389 1.6317 4.0184 3.5302 1.6413 11.4538 -14.1805 8.0822
97 10 Car -1 -1 -10 1048.0756 193.1830 1241.0000 374.0000 1.4652 1.6054 3.8012 3.6169 1.5998 2.8523 -14.1258 3.5617
97 8 Car -1 -1 -10 869.8985 179.0161 950.7529 208.8517 1.4267 1.4668 3.5947 15.3722 1.7604 37.1523 -14.7830 3.4685
98 5 Car -1 -1 -10 628.0429 177.0480 657.3406 200.3672 1.3802 1.5596 3.7784 1.9826 1.6550 45.3014 -14.1661 1.4195
98 7 Car -1 -1 -10 656.0423 176.2763 706.1913 212.6136 1.4750 1.6322 3.9797 3.0158 1.6353 31.6932 -14.1839 7.8185
98 9 Car -1 -1 -10 745.8384 170.9379 917.3622 287.6247 1.6660 1.5978 4.0061 3.4983 1.6390 12.3242 -14.1659 7.9594
98 10 Car -1 -1 -10 975.8668 191.1456 1241.0000 374.0000 1.4809 1.6534 3.6507 3.5890 1.6220 3.7206 -14.1409 4.8126
98 8 Car -1 -1 -10 866.4088 177.3466 943.9255 207.9016 1.4844 1.4327 3.4509 15.2031 1.7286 37.3685 -14.8188 4.1389
99 5 Car -1 -1 -10 627.3316 177.1574 655.3154 199.3175 1.3512 1.5329 3.5090 1.9522 1.6393 46.4629 -14.1708 2.1297
99 7 Car -1 -1 -10 652.8789 176.5501 701.2873 210.8419 1.4541 1.6197 4.0941 2.9741 1.6349 33.1332 -14.1939 6.6917
99 9 Car -1 -1 -10 735.2216 169.9018 891.2080 276.7581 1.6707 1.6358 4.1175 3.4907 1.6249 13.3570 -14.1621 7.3043
99 10 Car -1 -1 -10 934.2168 192.3458 1241.0000 374.0000 1.4505 1.5551 3.5078 3.6191 1.6231 4.5959 -14.1684 5.4889
99 8 Car -1 -1 -10 859.9077 177.1532 936.1912 207.1910 1.4715 1.3914 3.4731 14.9485 1.7070 37.6603 -14.7928 3.1205
100 5 Car -1 -1 -10 626.2021 176.8839 653.9616 199.9348 1.4484 1.5852 3.8971 1.9333 1.7278 47.9910 -14.1625 2.2364
100 7 Car -1 -1 -10 651.1188 175.8103 696.1749 209.3966 1.4974 1.6303 4.0699 2.9511 1.6480 34.5986 -14.1807 6.0349
100 9 Car -1 -1 -10 726.6874 172.3158 866.7339 268.7321 1.6407 1.6232 4.0151 3.4598 1.6319 14.3079 -14.1690 7.3399
100 10 Car -1 -1 -10 893.5340 191.5048 1241.0000 374.0000 1.4274 1.4922 3.2875 3.5753 1.6162 5.6299 -14.1561 6.3064
100 8 Car -1 -1 -10 850.4402 177.1896 926.9747 207.3345 1.4914 1.4156 3.5605 14.6195 1.7317 38.0781 -14.7768 3.9369
101 5 Car -1 -1 -10 623.5574 176.2377 652.6855 198.7533 1.4567 1.6236 4.0959 1.8551 1.6985 49.3940 -14.1895 2.5991
101 7 Car -1 -1 -10 647.4698 176.4460 691.7130 208.0774 1.4695 1.6418 4.1644 2.8838 1.6603 36.1263 -14.1944 7.2067
101 9 Car -1 -1 -10 720.0354 171.2624 845.5562 261.3649 1.6563 1.6246 3.9900 3.4356 1.6274 15.2724 -14.1581 5.5601
101 10 Car -1 -1 -10 860.7114 190.2862 1241.0000 374.0000 1.4025 1.5526 3.3120 3.5824 1.6013 6.5502 -14.1434 7.2328
101 12 Car -1 -1 -10 1185.3836 181.3749 1241.0000 374.0000 1.4374 1.6254 3.9397 7.4654 1.5377 6.4738 -14.1163 1.6611
101 8 Car -1 -1 -10 845.5251 176.0277 919.7654 206.0997 1.5054 1.3299 3.5440 14.3941 1.6824 38.3297 -14.7608 3.7499
102 13 Car -1 -1 -10 695.4044 176.0997 735.8483 203.0622 1.4689 1.6297 4.0200 6.0344 1.6666 41.8322 -11.0288 1.1398
102 5 Car -1 -1 -10 622.9411 175.8866 649.3365 196.6387 1.3821 1.5404 3.6183 1.7658 1.6022 50.4357 -14.1859 1.9644
102 7 Car -1 -1 -10 646.9240 176.2048 686.5516 206.1791 1.4547 1.5878 3.9511 2.8564 1.6384 37.4701 -14.1787 5.0740
102 9 Car -1 -1 -10 712.0920 172.5771 827.5774 255.8676 1.6416 1.5797 4.0597 3.3954 1.6365 16.2736 -14.1709 7.3227
102 10 Car -1 -1 -10 831.0413 189.5868 1164.7346 374.0000 1.4111 1.5797 3.4168 3.5753 1.6249 7.4799 -14.1537 8.0079
102 12 Car -1 -1 -10 1124.8820 184.2537 1241.0000 374.0000 1.4047 1.6336 3.8606 7.5212 1.5536 7.4183 -14.2044 4.0593
102 8 Car -1 -1 -10 841.0031 176.0967 915.6364 205.9936 1.5060 1.3780 3.5822 14.2656 1.6882 38.6028 -14.7600 5.3598
103 7 Car -1 -1 -10 643.1415 175.6266 682.6071 204.5540 1.4672 1.6426 3.9104 2.7679 1.6250 38.9729 -14.1908 4.1688
103 9 Car -1 -1 -10 705.7025 170.8040 813.7296 250.6161 1.6880 1.6176 4.0807 3.3955 1.6450 17.3245 -14.1716 6.0897
103 10 Car -1 -1 -10 812.2194 187.7831 1086.1596 344.9581 1.3929 1.5789 3.3063 3.5727 1.6011 8.3754 -14.1552 8.8028
103 12 Car -1 -1 -10 1076.0419 182.8463 1241.0000 353.4321 1.4168 1.6601 4.1135 7.5080 1.5610 8.3086 -14.1604 5.3876
103 8 Car -1 -1 -10 836.2612 176.3081 910.8762 205.6903 1.4882 1.3909 3.5990 14.0991 1.6834 38.8391 -14.7765 5.6422
104 7 Car -1 -1 -10 640.6488 176.4139 677.8706 203.7485 1.4412 1.6278 4.0403 2.6882 1.6522 40.6334 -14.1862 5.5151
104 9 Car -1 -1 -10 700.3378 172.6069 800.9895 246.7187 1.6673 1.6222 4.0508 3.3772 1.6621 18.2838 -14.1742 7.6567
104 10 Car -1 -1 -10 794.4860 186.2956 1024.7651 325.1687 1.4137 1.5602 3.3547 3.5656 1.6198 9.3551 -14.1488 7.9685
104 12 Car -1 -1 -10 1038.5264 182.9701 1241.0000 324.9945 1.4044 1.6229 3.8979 7.5148 1.5638 9.3765 -14.1568 6.0377
104 8 Car -1 -1 -10 832.2614 176.3366 905.3924 205.2652 1.4740 1.3971 3.5789 13.9290 1.6720 39.0786 -14.7464 6.3908
105 7 Car -1 -1 -10 638.1664 175.7759 674.7817 201.9964 1.4422 1.6371 4.0677 2.6358 1.6220 42.2281 -14.1991 5.0497
105 9 Car -1 -1 -10 695.0132 172.8857 788.9715 241.9374 1.6585 1.6389 4.0641 3.3695 1.6598 19.3908 -14.1750 7.2059
105 10 Car -1 -1 -10 778.5792 185.5601 980.2644 308.0281 1.3953 1.5468 3.4106 3.5556 1.6073 10.2953 -14.1572 8.2846
105 12 Car -1 -1 -10 1001.6799 182.3352 1241.0000 313.8121 1.4314 1.6504 4.1539 7.5012 1.5940 10.2495 -14.1593 8.2662
105 8 Car -1 -1 -10 828.2935 176.1078 900.4351 205.4240 1.5064 1.4088 3.5421 13.7803 1.6925 39.3350 -14.7566 6.8097
106 7 Car -1 -1 -10 638.1451 175.9375 672.3383 201.3109 1.4481 1.6606 4.2534 2.6673 1.6451 43.8558 -14.1733 4.4720
106 9 Car -1 -1 -10 689.9679 170.6670 775.6194 237.2702 1.7011 1.6178 4.0550 3.3195 1.6456 20.4785 -14.1695 6.0455
106 10 Car -1 -1 -10 765.1184 184.4543 941.0015 295.5547 1.4115 1.5400 3.4194 3.5296 1.6204 11.2462 -14.1539 8.0294
106 12 Car -1 -1 -10 970.1750 182.6081 1241.0000 300.5949 1.4292 1.6405 4.2293 7.4808 1.6103 11.2291 -14.1670 8.2253
106 8 Car -1 -1 -10 823.9451 175.6836 897.0035 204.1397 1.4689 1.4166 3.6273 13.6255 1.6316 39.5063 -14.7567 5.8034
107 5 Car -1 -1 -10 616.7901 175.3925 638.0200 194.2301 1.4426 1.5971 3.7403 1.3936 1.6526 57.6766 -14.0857 1.1853
107 7 Car -1 -1 -10 635.6444 175.9267 668.5224 199.9686 1.4250 1.6216 3.9609 2.5662 1.6269 45.3026 -14.1921 5.1929
107 9 Car -1 -1 -10 686.5118 171.6291 765.2733 233.6808 1.6798 1.6083 4.0384 3.3091 1.6470 21.5690 -14.1626 6.8756
107 10 Car -1 -1 -10 753.6746 183.9942 911.2706 283.7115 1.4067 1.5639 3.4206 3.5527 1.6235 12.2889 -14.1592 8.2735
107 12 Car -1 -1 -10 944.6252 181.3733 1205.7532 285.3722 1.4045 1.6207 4.2274 7.4515 1.5744 12.2238 -14.1615 8.5367
107 8 Car -1 -1 -10 820.4338 175.6779 892.5185 204.5434 1.4994 1.4373 3.5914 13.4830 1.6626 39.7249 -14.7551 5.6177
108 7 Car -1 -1 -10 634.4469 174.9953 664.9503 199.1254 1.4888 1.6299 4.2013 2.5120 1.6350 47.0168 -14.1676 4.7563
108 9 Car -1 -1 -10 681.3012 172.4109 755.1123 230.6910 1.6650 1.5905 4.0036 3.2483 1.6527 22.6377 -14.1701 7.2733
108 10 Car -1 -1 -10 742.3165 182.6662 882.0060 273.5470 1.4108 1.5500 3.3679 3.5057 1.6148 13.2690 -14.1626 7.8624
108 12 Car -1 -1 -10 920.2091 180.9443 1155.4054 277.1723 1.4232 1.6162 4.2803 7.4399 1.5961 13.2100 -14.1838 8.6299
108 8 Car -1 -1 -10 816.9069 175.9290 888.0889 204.6387 1.4978 1.4525 3.5815 13.3336 1.6764 39.9329 -14.7368 5.6042
109 7 Car -1 -1 -10 630.7109 174.6875 662.4105 197.8639 1.4775 1.6339 4.1468 2.3811 1.6064 48.4577 -14.2079 3.7024
109 9 Car -1 -1 -10 676.7248 171.9115 748.1149 227.7675 1.6805 1.6174 4.0689 3.2304 1.6525 23.7714 -14.1780 6.9972
109 10 Car -1 -1 -10 734.1673 183.1295 859.2516 264.5384 1.3753 1.5345 3.3970 3.5137 1.6043 14.3361 -14.1608 7.0844
109 12 Car -1 -1 -10 900.6609 180.5676 1106.6328 267.3059 1.4064 1.6318 4.2382 7.4126 1.5818 14.2246 -14.1722 8.5658
109 8 Car -1 -1 -10 816.4924 175.7608 884.2564 204.0680 1.4836 1.3956 3.4421 13.2449 1.6525 40.0104 -14.7158 5.6714
110 7 Car -1 -1 -10 630.2630 174.6067 659.5171 197.4833 1.5095 1.6781 4.2236 2.3501 1.6367 50.0756 -14.1726 3.1711
110 9 Car -1 -1 -10 673.4272 171.9034 740.0595 225.6247 1.6986 1.5641 3.9678 3.1958 1.6689 24.8337 -14.1899 6.6124
110 10 Car -1 -1 -10 725.3553 180.8378 838.6839 258.1831 1.4301 1.5645 3.3061 3.4813 1.6188 15.3507 -14.1567 9.1835
110 12 Car -1 -1 -10 883.1632 180.0735 1068.3543 260.9334 1.4214 1.6525 4.3201 7.4040 1.5961 15.2455 -14.1571 7.6568
110 8 Car -1 -1 -10 812.4648 175.8930 881.3596 204.2579 1.4939 1.3632 3.5722 13.1326 1.6717 40.2623 -14.7251 6.3199
111 7 Car -1 -1 -10 627.8465 174.8717 657.3910 196.5819 1.4768 1.6701 3.9494 2.2599 1.6268 51.4821 -14.2047 3.0989
111 9 Car -1 -1 -10 670.8569 172.0036 731.5581 222.2244 1.6688 1.5496 3.9980 3.1598 1.6409 25.9980 -14.1717 6.7218
111 10 Car -1 -1 -10 719.9781 180.9589 821.5442 251.5337 1.4068 1.5258 3.2863 3.4938 1.6102 16.4167 -14.1547 7.8283
111 12 Car -1 -1 -10 867.2001 180.3873 1035.8090 255.1344 1.4124 1.6188 4.2951 7.3957 1.6052 16.2499 -14.1788 8.0135
111 8 Car -1 -1 -10 809.4077 175.6356 878.4648 203.6450 1.4820 1.3868 3.5827 13.0177 1.6454 40.4181 -14.7328 6.8561
112 7 Car -1 -1 -10 626.4176 175.3098 654.4987 196.5796 1.4909 1.6434 3.8486 2.1739 1.6784 53.0057 -14.2058 3.7051
112 9 Car -1 -1 -10 666.6320 171.2869 726.8929 220.3687 1.7088 1.6255 4.0847 3.1428 1.6546 27.1907 -14.1767 5.1177
112 10 Car -1 -1 -10 712.7429 181.5230 804.5304 246.0953 1.3782 1.5314 3.3360 3.4537 1.6091 17.5158 -14.1398 8.2498
112 12 Car -1 -1 -10 853.0244 180.1771 1005.7247 248.6390 1.3928 1.6564 4.2604 7.3846 1.5906 17.2944 -14.1706 7.8899
112 8 Car -1 -1 -10 807.5855 175.8381 876.0658 203.3524 1.4597 1.3632 3.5717 12.9385 1.6354 40.5364 -14.7411 6.1105
113 7 Car -1 -1 -10 625.2044 175.1400 651.1099 195.7808 1.4932 1.6237 3.8083 2.0696 1.6726 54.5674 -14.1871 1.2005
113 9 Car -1 -1 -10 662.8551 171.9707 720.5294 217.4435 1.6503 1.5976 4.0708 3.0774 1.6186 28.2572 -14.1888 5.8171
113 10 Car -1 -1 -10 705.2990 180.0363 791.2409 241.7238 1.4148 1.5195 3.3197 3.4204 1.6171 18.6101 -14.1569 7.7435
113 12 Car -1 -1 -10 838.6360 180.3315 978.8095 244.4781 1.3979 1.6379 4.2432 7.3622 1.6112 18.3849 -14.1875 8.5584
113 8 Car -1 -1 -10 804.8670 175.0701 873.2785 202.8988 1.4858 1.3786 3.6145 12.8368 1.6170 40.7095 -14.7209 6.0630
114 7 Car -1 -1 -10 623.2152 174.5490 649.3347 193.1712 1.3876 1.6229 3.8525 1.9837 1.5244 56.1006 -14.2084 1.9046
114 9 Car -1 -1 -10 661.0232 171.2890 714.1702 216.0659 1.6983 1.5744 3.9581 3.0459 1.6393 29.3749 -14.1803 6.0715
114 10 Car -1 -1 -10 699.6245 179.2899 779.9739 237.6133 1.4331 1.5475 3.3359 3.4187 1.6249 19.7789 -14.1547 8.0475
114 12 Car -1 -1 -10 828.1412 179.5357 953.8297 238.3211 1.3687 1.6064 4.2162 7.3346 1.5687 19.4193 -14.1747 7.4128
114 8 Car -1 -1 -10 804.3096 175.5151 868.8612 202.5787 1.4510 1.3243 3.4087 12.7374 1.6085 40.8194 -14.7236 4.7777
115 7 Car -1 -1 -10 621.5925 174.7932 647.7360 193.3975 1.4239 1.6522 4.1441 1.9147 1.5853 57.7917 -14.2113 1.9332
115 9 Car -1 -1 -10 657.5173 172.3491 709.5662 215.1923 1.6934 1.6306 4.1718 3.0072 1.6738 30.6319 -14.1754 5.2860
115 10 Car -1 -1 -10 694.5271 179.9395 769.6734 232.8668 1.3746 1.5154 3.3052 3.3988 1.5963 20.8613 -14.1691 7.6350
115 12 Car -1 -1 -10 817.8600 179.4559 932.4720 235.2615 1.3828 1.5974 4.1413 7.3151 1.5897 20.4718 -14.1745 7.7643
115 8 Car -1 -1 -10 801.8397 176.3494 867.4925 202.6739 1.4087 1.2981 3.5306 12.6584 1.6162 40.9260 -14.7203 4.7649
116 7 Car -1 -1 -10 621.6297 175.0022 644.8416 192.3537 1.3667 1.6151 3.7687 1.8539 1.5491 59.2237 -14.1825 1.7505
116 9 Car -1 -1 -10 654.8421 171.4485 704.3135 212.6692 1.6939 1.5699 3.9928 2.9484 1.6365 31.6855 -14.1941 6.5761
116 10 Car -1 -1 -10 689.3354 179.9368 760.1408 230.5535 1.3949 1.5375 3.3471 3.3798 1.6284 22.0520 -14.1673 7.8614
116 12 Car -1 -1 -10 807.1411 178.3657 915.6904 231.9031 1.4050 1.6162 4.3438 7.3125 1.5870 21.5806 -14.1679 7.2095
116 8 Car -1 -1 -10 801.4511 175.9056 867.1701 202.7783 1.4423 1.3530 3.4971 12.6537 1.6237 40.9716 -14.7201 4.9094
117 9 Car -1 -1 -10 652.3126 172.7472 698.6520 211.3950 1.6498 1.5502 4.0562 2.8790 1.6456 32.8620 -14.1863 6.3435
117 10 Car -1 -1 -10 684.5979 178.2872 751.1721 227.5230 1.4411 1.5437 3.3157 3.3436 1.6286 23.1687 -14.1688 8.1110
117 12 Car -1 -1 -10 797.1113 178.0710 899.8961 228.3624 1.3934 1.6076 4.3364 7.2908 1.5735 22.6512 -14.1864 7.5256
117 8 Car -1 -1 -10 798.8962 175.9378 866.2516 202.0367 1.4018 1.4485 3.5730 12.5906 1.5859 41.0943 -14.7077 3.9074
118 9 Car -1 -1 -10 650.5344 172.3859 695.8351 210.6833 1.6981 1.6167 4.1124 2.8819 1.6777 34.0775 -14.1780 6.1003
118 10 Car -1 -1 -10 679.5941 178.3406 742.6252 224.4429 1.4231 1.5418 3.3875 3.3019 1.6221 24.3999 -14.1733 7.9132
118 12 Car -1 -1 -10 788.4708 177.7909 883.9632 225.9203 1.4094 1.6313 4.3487 7.2707 1.5876 23.7840 -14.1771 8.0287
118 8 Car -1 -1 -10 800.6272 176.6567 869.7698 203.5800 1.4391 1.4813 3.5778 12.7082 1.6654 40.9830 -14.7588 1.3278
119 9 Car -1 -1 -10 649.4237 172.3919 690.8490 208.9677 1.6827 1.5804 3.9277 2.8381 1.6618 35.1783 -14.1663 5.1906
119 10 Car -1 -1 -10 676.5052 177.9916 736.0727 221.7672 1.4246 1.5520 3.3597 3.3023 1.6193 25.5851 -14.1725 7.6227
119 12 Car -1 -1 -10 780.9524 176.8751 869.8749 223.5480 1.4419 1.5946 4.1979 7.2331 1.5924 24.7978 -14.1938 7.2644
119 8 Car -1 -1 -10 801.1132 177.1004 869.1484 204.2378 1.4489 1.5008 3.5158 12.7048 1.7015 40.9829 -14.7358 3.6761
120 9 Car -1 -1 -10 646.1351 172.0616 687.0754 207.3891 1.6834 1.6276 4.0903 2.7647 1.6460 36.4480 -14.1670 5.0805
120 10 Car -1 -1 -10 672.0355 178.9857 729.3624 219.6775 1.3861 1.5858 3.4197 3.2635 1.6293 26.8361 -14.1732 7.1504
120 12 Car -1 -1 -10 772.4500 177.3325 858.3109 221.1176 1.4138 1.6536 4.3387 7.2189 1.5890 25.9569 -14.1894 7.4235
120 8 Car -1 -1 -10 799.9085 176.5557 868.6158 204.0596 1.4709 1.4352 3.5671 12.6450 1.6909 40.9482 -14.7711 4.6258
121 9 Car -1 -1 -10 643.8139 171.8671 684.6855 207.0998 1.7371 1.6846 4.2359 2.7399 1.6888 37.7156 -14.1693 4.6043
121 10 Car -1 -1 -10 670.4140 178.4266 721.3409 217.6657 1.4065 1.5226 3.2454 3.2291 1.6355 27.9637 -14.1579 7.8673
121 12 Car -1 -1 -10 767.3218 176.7397 845.4422 218.9440 1.4345 1.6318 4.1992 7.2067 1.5920 27.0456 -14.1781 6.8773
121 8 Car -1 -1 -10 800.1041 176.5517 867.9514 203.9250 1.4630 1.3887 3.6042 12.6292 1.6829 40.9531 -14.7277 4.8377
122 9 Car -1 -1 -10 642.3841 172.7627 680.9216 205.1566 1.6519 1.6404 3.8959 2.6884 1.6476 38.7706 -14.1771 5.0786
122 10 Car -1 -1 -10 665.8748 178.2547 716.9936 215.5421 1.3986 1.5477 3.3101 3.2013 1.6305 29.2412 -14.1853 7.8850
122 12 Car -1 -1 -10 759.5798 176.7976 834.0908 217.0782 1.4311 1.6334 4.1939 7.1507 1.5972 28.1864 -14.1883 6.5163
122 8 Car -1 -1 -10 801.8994 176.5798 867.9938 204.6858 1.5054 1.4232 3.4489 12.6873 1.7267 40.9565 -14.7296 5.5797
123 9 Car -1 -1 -10 641.1184 172.6917 678.2493 204.1902 1.6609 1.6510 3.7654 2.6686 1.6527 39.9576 -14.1770 4.5399
123 10 Car -1 -1 -10 662.3265 178.3294 710.6701 214.2081 1.4033 1.5400 3.3501 3.1323 1.6477 30.4481 -14.1827 6.4247
123 12 Car -1 -1 -10 754.5588 177.1239 824.7877 215.3941 1.4147 1.6389 4.2218 7.1518 1.6011 29.2916 -14.1794 7.0056
123 8 Car -1 -1 -10 803.3796 174.8183 868.2408 203.8637 1.5646 1.4161 3.3424 12.7167 1.6811 40.8823 -14.7422 5.6181
124 9 Car -1 -1 -10 640.0573 173.3435 674.8746 203.3982 1.6342 1.6212 4.0553 2.6371 1.6640 41.3456 -14.1639 4.9934
124 10 Car -1 -1 -10 659.8442 177.0884 705.8453 211.7567 1.4177 1.5160 3.2770 3.0981 1.6133 31.5898 -14.1910 8.1787
124 12 Car -1 -1 -10 748.7590 176.8210 814.7919 213.1952 1.4037 1.6158 4.1873 7.1108 1.5831 30.4342 -14.1827 5.3384
124 8 Car -1 -1 -10 803.3460 175.8487 866.8223 203.4337 1.4822 1.3506 3.3345 12.6842 1.6597 40.9140 -14.7190 5.4800
125 9 Car -1 -1 -10 637.9565 173.6632 672.0644 202.1782 1.5974 1.6353 3.8554 2.5716 1.6476 42.4837 -14.1722 5.0168
125 10 Car -1 -1 -10 656.1694 179.1716 702.5558 211.2907 1.3535 1.5894 3.3747 3.0627 1.6564 32.8176 -14.1986 7.8436
125 12 Car -1 -1 -10 742.5940 176.7495 807.3691 211.5045 1.3893 1.6436 4.2505 7.0678 1.5714 31.4932 -14.1923 6.5604
125 8 Car -1 -1 -10 801.3789 175.3208 867.1832 203.6448 1.5212 1.3767 3.4872 12.6316 1.6677 40.9063 -14.7129 6.1353
126 9 Car -1 -1 -10 636.4314 172.9194 669.7397 201.2609 1.6419 1.6911 3.8685 2.5361 1.6464 43.7621 -14.1628 5.1806
126 10 Car -1 -1 -10 655.6287 177.0139 698.4071 209.5223 1.4386 1.5809 3.3465 3.0768 1.6452 34.0670 -14.1771 6.5710
126 12 Car -1 -1 -10 736.9550 175.9932 798.2673 210.9382 1.4585 1.6453 4.2247 7.0055 1.6103 32.6525 -14.1910 7.0478
126 8 Car -1 -1 -10 799.7260 175.1151 867.0653 203.3198 1.5178 1.3957 3.5925 12.6120 1.6526 41.0141 -14.7147 6.3047
127 9 Car -1 -1 -10 636.4211 172.8229 666.9772 200.6560 1.6634 1.6426 3.7688 2.5295 1.6619 45.0129 -14.1491 3.9201
127 10 Car -1 -1 -10 654.0062 176.3406 692.9625 208.1969 1.4652 1.5521 3.2888 3.0154 1.6437 35.2050 -14.1555 6.7692
127 12 Car -1 -1 -10 732.1953 176.0290 791.2341 209.3102 1.4402 1.6450 4.1892 6.9789 1.5986 33.7714 -14.1997 6.0763
127 8 Car -1 -1 -10 800.3544 175.5074 866.8853 203.7541 1.5173 1.3690 3.5389 12.6088 1.6751 40.9568 -14.7220 6.2929
128 9 Car -1 -1 -10 631.6133 173.1808 663.8870 199.4905 1.6139 1.5974 3.5793 2.3447 1.6360 46.1526 -14.2184 3.0728
128 10 Car -1 -1 -10 650.7978 176.7870 689.3220 206.9830 1.4367 1.5299 3.3480 2.9552 1.6452 36.4771 -14.1803 6.6219
128 12 Car -1 -1 -10 727.3722 176.0351 785.9430 208.2784 1.4454 1.6671 4.2670 6.9858 1.6096 34.9675 -14.2161 6.4583
128 8 Car -1 -1 -10 799.6337 175.7688 867.3063 203.7147 1.4996 1.3950 3.5846 12.6074 1.6731 40.9817 -14.7329 6.4505
129 9 Car -1 -1 -10 632.8863 172.9598 661.0670 199.2988 1.6674 1.6245 3.6675 2.3696 1.6750 47.5325 -14.1489 4.5164
129 10 Car -1 -1 -10 650.0040 176.9591 685.8192 205.9630 1.4288 1.5276 3.3560 2.9494 1.6534 37.7167 -14.1600 4.9903
129 12 Car -1 -1 -10 722.9872 176.2562 777.4935 206.9707 1.4252 1.6796 4.2599 6.9073 1.6062 36.1337 -14.1941 6.5125
129 8 Car -1 -1 -10 800.1311 175.5658 866.9775 203.1993 1.4840 1.3594 3.5942 12.6142 1.6455 40.9938 -14.7090 6.2122
130 9 Car -1 -1 -10 632.6445 172.6335 658.6972 198.2029 1.6652 1.6425 3.7652 2.3526 1.6512 48.8842 -14.1194 4.0420
130 10 Car -1 -1 -10 647.1116 176.7309 682.0458 205.2672 1.4554 1.5079 3.2872 2.8694 1.6739 38.9239 -14.1774 5.7885
130 12 Car -1 -1 -10 717.7692 175.8677 770.8579 205.9352 1.4471 1.6561 4.3761 6.8499 1.6131 37.4138 -14.2075 5.8006
130 8 Car -1 -1 -10 800.8194 175.5975 867.6124 203.4842 1.4976 1.3804 3.5603 12.6495 1.6609 40.9821 -14.7144 6.4817
131 9 Car -1 -1 -10 629.8024 172.4841 657.3924 196.3442 1.5968 1.6342 3.8578 2.2737 1.5724 50.2360 -14.1651 3.1690
131 10 Car -1 -1 -10 644.9024 177.7045 680.3107 204.2866 1.3909 1.5484 3.5178 2.8538 1.6736 40.2017 -14.1866 5.4887
131 12 Car -1 -1 -10 713.8847 174.8086 765.9871 204.8278 1.4995 1.7005 4.3964 6.8361 1.6105 38.5869 -14.2102 5.3536
131 8 Car -1 -1 -10 800.7484 175.2484 867.4554 203.1263 1.4993 1.3947 3.5486 12.6463 1.6419 40.9918 -14.7114 6.4486
132 9 Car -1 -1 -10 629.6437 171.7375 655.1726 195.1086 1.6088 1.6144 3.9365 2.2566 1.5323 51.6411 -14.1459 2.4404
132 10 Car -1 -1 -10 644.5311 178.0434 675.8925 202.7360 1.3351 1.5170 3.3042 2.8091 1.6450 41.3728 -14.1527 4.5914
132 12 Car -1 -1 -10 710.3338 176.0792 758.8697 204.1382 1.4391 1.6355 4.3322 6.7558 1.6270 39.7337 -14.2096 6.6226
132 8 Car -1 -1 -10 800.9632 175.7980 868.5195 204.1540 1.5221 1.4072 3.5591 12.6808 1.6973 40.9826 -14.7351 6.5881
133 9 Car -1 -1 -10 626.7880 171.6452 652.9708 194.9950 1.6508 1.6156 3.9711 2.1329 1.5657 53.0229 -14.1738 2.7818
133 10 Car -1 -1 -10 640.7857 177.1994 674.5913 201.2364 1.3409 1.5546 3.5136 2.7488 1.6093 42.7022 -14.2004 4.9719
133 12 Car -1 -1 -10 706.5755 175.7312 753.3934 202.6365 1.4270 1.6260 4.1410 6.6951 1.5988 40.8570 -14.2260 6.0261
133 8 Car -1 -1 -10 800.6069 175.8189 867.1512 203.6707 1.4958 1.3657 3.5524 12.6374 1.6723 41.0033 -14.7184 6.4261
134 10 Car -1 -1 -10 638.1273 175.5688 671.3128 200.8607 1.4660 1.5509 3.3119 2.6517 1.6380 43.9026 -14.2204 3.4637
134 12 Car -1 -1 -10 704.3373 174.6409 748.8132 202.0567 1.5054 1.6775 4.2395 6.6987 1.6153 42.0643 -14.1957 6.5415
134 8 Car -1 -1 -10 799.9604 175.4782 864.1494 202.7611 1.4716 1.3113 3.4344 12.5530 1.6278 41.0536 -14.7247 4.9413
135 9 Car -1 -1 -10 626.1744 172.4277 648.3847 193.9180 1.6011 1.6197 3.7125 2.0484 1.5697 55.6215 -14.1235 1.6459
135 10 Car -1 -1 -10 639.0149 175.9124 668.5024 199.8497 1.4297 1.5847 3.6343 2.6837 1.6302 45.3872 -14.1507 2.6933
135 12 Car -1 -1 -10 700.9235 175.3266 742.9358 201.2874 1.4651 1.6608 4.2662 6.6236 1.6213 43.3027 -14.1869 5.6996
135 8 Car -1 -1 -10 801.2577 175.7819 867.2450 202.5431 1.4391 1.4738 3.4029 12.6689 1.6133 41.0177 -14.7354 2.4329
136 9 Car -1 -1 -10 623.5505 172.0748 646.3750 192.3423 1.5491 1.6238 3.6536 1.9178 1.4899 56.9843 -14.1512 1.0471
136 10 Car -1 -1 -10 636.2060 175.9838 665.8302 199.2102 1.4278 1.5697 3.5846 2.5856 1.6385 46.6664 -14.1778 4.4257
136 12 Car -1 -1 -10 699.3641 176.2408 738.8071 200.5876 1.4079 1.6401 4.1427 6.6262 1.6266 44.4102 -14.1785 4.7997
136 8 Car -1 -1 -10 798.9454 174.9582 865.0703 201.4078 1.4320 1.5178 3.3978 12.5931 1.5578 41.1826 -14.7401 2.3955
137 10 Car -1 -1 -10 634.6943 175.2501 662.8225 198.4002 1.4681 1.5794 3.5565 2.5098 1.6336 47.9267 -14.1650 3.7736
137 12 Car -1 -1 -10 695.4028 175.6633 734.5142 200.1585 1.4616 1.6342 4.3227 6.5673 1.6487 45.7575 -14.1906 4.4495
138 10 Car -1 -1 -10 633.0759 175.4553 660.3755 197.8403 1.4573 1.5865 3.8665 2.4473 1.6427 49.3738 -14.1591 3.0404
138 12 Car -1 -1 -10 691.9010 175.7310 729.2391 199.1217 1.4345 1.6490 4.3555 6.4652 1.6311 47.0025 -14.1798 5.0227
139 10 Car -1 -1 -10 632.3699 174.8499 659.5255 197.1347 1.4957 1.6120 3.7316 2.4601 1.6414 50.6519 -14.1665 2.7387
139 12 Car -1 -1 -10 691.1477 175.1376 724.8433 198.0433 1.4473 1.5882 4.1156 6.4521 1.6064 48.0786 -14.1619 3.4606
140 10 Car -1 -1 -10 630.4319 175.2716 657.6338 196.6383 1.4714 1.6129 3.7242 2.3910 1.6524 52.0129 -14.1844 2.6738
140 12 Car -1 -1 -10 686.0032 174.7570 721.7703 197.4836 1.4733 1.6397 4.0849 6.3258 1.6090 49.2183 -14.2074 3.7459
141 10 Car -1 -1 -10 630.9354 175.0226 655.7618 196.8196 1.5452 1.6357 3.7429 2.4088 1.7117 53.3982 -14.1444 2.8802
141 12 Car -1 -1 -10 684.6029 175.4012 718.0564 196.9776 1.4330 1.6142 4.0368 6.3134 1.6188 50.4655 -14.1935 3.6686
142 10 Car -1 -1 -10 630.5657 175.4285 652.8795 196.1486 1.5034 1.6338 3.7902 2.4019 1.7061 54.7693 -14.0816 2.1721
142 12 Car -1 -1 -10 681.5348 175.7874 713.9779 197.0601 1.4459 1.6371 4.2485 6.2244 1.6656 51.7924 -14.1803 3.1874
142 8 Car -1 -1 -10 797.8017 176.6361 869.7154 204.7792 1.5029 1.5518 3.7347 12.6371 1.7287 41.0330 -14.7504 2.7814
143 10 Car -1 -1 -10 626.4638 174.8137 651.8970 195.3917 1.5365 1.6530 3.6953 2.2122 1.6944 56.1171 -14.1856 3.2382
143 12 Car -1 -1 -10 681.5390 174.6096 712.0714 196.3148 1.5213 1.6894 4.0411 6.2984 1.6554 52.9321 -14.1534 2.9246
143 8 Car -1 -1 -10 799.0331 176.8506 867.4399 204.5279 1.4788 1.3715 3.6380 12.5922 1.7166 40.9789 -14.7441 4.1831
144 10 Car -1 -1 -10 629.1738 175.0760 650.2044 194.8440 1.5132 1.6214 3.6019 2.3375 1.6962 57.4737 -14.0967 3.4141
144 12 Car -1 -1 -10 676.7628 175.8493 708.5244 195.9389 1.4345 1.6600 3.8812 6.1303 1.6678 54.1128 -14.2135 2.2237
144 8 Car -1 -1 -10 802.5849 175.9596 868.0119 203.9233 1.5000 1.3782 3.4110 12.6892 1.6841 40.8935 -14.7443 5.6093
145 10 Car -1 -1 -10 626.3702 173.8742 649.8469 193.5546 1.5514 1.6702 3.7337 2.2432 1.6378 58.9611 -14.1648 1.8749
145 12 Car -1 -1 -10 676.0945 174.5884 705.3508 195.1969 1.5180 1.6767 3.6466 6.1268 1.6558 55.3176 -14.1830 2.2655
145 8 Car -1 -1 -10 803.1695 175.0725 867.2179 203.2797 1.5184 1.3882 3.3485 12.6855 1.6500 40.9000 -14.7141 4.8661
146 10 Car -1 -1 -10 623.9134 173.8675 646.7814 192.6542 1.5174 1.6349 3.4311 2.0658 1.6048 60.2154 -14.1825 1.8475
146 12 Car -1 -1 -10 673.1288 173.2648 701.1321 193.0668 1.5004 1.6478 4.1055 6.0109 1.5343 56.8310 -14.1671 1.7602
146 8 Car -1 -1 -10 802.1106 175.5492 867.3808 203.4155 1.4976 1.3563 3.4599 12.6708 1.6577 40.9440 -14.7190 6.1281
147 12 Car -1 -1 -10 671.4947 174.8273 698.3744 192.8969 1.3920 1.5853 3.6858 5.9529 1.5558 57.8755 -14.1908 1.8496
147 8 Car -1 -1 -10 800.4810 174.6760 867.5257 203.2812 1.5406 1.4101 3.5678 12.6362 1.6492 40.9801 -14.7056 5.6789
148 10 Car -1 -1 -10 623.5773 174.3554 644.0738 191.8506 1.4804 1.6432 3.5236 2.0383 1.6158 63.1250 -14.1463 1.8991
148 8 Car -1 -1 -10 799.7130 175.0980 866.5882 203.3493 1.5211 1.4027 3.5666 12.6017 1.6549 41.0243 -14.7080 5.8505
149 12 Car -1 -1 -10 666.2943 174.1277 693.6906 192.2686 1.4642 1.6033 3.7500 5.8071 1.5747 60.4486 -14.2304 1.1900
149 8 Car -1 -1 -10 799.7937 175.7870 866.7965 203.4679 1.4870 1.3946 3.5734 12.6129 1.6618 41.0336 -14.7140 5.5904
150 8 Car -1 -1 -10 798.7535 175.3315 865.5849 203.1534 1.4981 1.3647 3.5915 12.5566 1.6459 41.0603 -14.7153 5.9615
151 8 Car -1 -1 -10 799.5502 175.6624 865.3014 203.0934 1.4772 1.3748 3.5039 12.5777 1.6446 41.0723 -14.7174 5.9961
152 8 Car -1 -1 -10 797.5801 175.5171 863.6132 202.9706 1.4813 1.3564 3.5738 12.4987 1.6405 41.1626 -14.7067 6.1407
153 12 Car -1 -1 -10 659.5185 174.8210 683.0713 191.0511 1.4286 1.5944 3.6956 5.5468 1.6137 65.8665 -14.2058 1.9507
153 8 Car -1 -1 -10 797.8883 175.6276 862.0462 202.8071 1.4698 1.3595 3.4363 12.4780 1.6355 41.1980 -14.7112 5.1282
154 8 Car -1 -1 -10 794.5773 175.5312 860.8702 202.7249 1.4741 1.3772 3.5917 12.3948 1.6349 41.3596 -14.7170 6.1940
155 8 Car -1 -1 -10 795.1222 175.9157 859.7175 203.1788 1.4777 1.3967 3.4779 12.3808 1.6614 41.3620 -14.7024 6.3353
156 8 Car -1 -1 -10 792.8322 175.6884 859.0030 203.2914 1.4995 1.4169 3.5813 12.3249 1.6702 41.4709 -14.7096 6.5913
157 8 Car -1 -1 -10 791.1933 175.5458 856.6838 203.5055 1.5252 1.4231 3.5587 12.2510 1.6878 41.6029 -14.7040 6.3392
158 8 Car -1 -1 -10 789.0185 175.7549 854.1537 202.7463 1.4758 1.4038 3.6019 12.1593 1.6517 41.7585 -14.6898 6.7101
159 8 Car -1 -1 -10 786.0326 176.1199 851.3931 203.2083 1.4857 1.3942 3.6298 12.0444 1.6845 41.9347 -14.7062 5.9085
160 8 Car -1 -1 -10 785.3205 175.6923 849.5596 202.2206 1.4607 1.3938 3.5660 11.9932 1.6337 42.0073 -14.7029 5.7558
161 8 Car -1 -1 -10 784.1246 176.0862 846.3499 202.1500 1.4416 1.3759 3.4510 11.9185 1.6391 42.1819 -14.7078 6.4861
162 8 Car -1 -1 -10 780.4946 176.5470 842.6383 201.8402 1.4022 1.3844 3.4843 11.7579 1.6289 42.3779 -14.7014 6.4057
163 8 Car -1 -1 -10 777.4409 175.7035 838.6396 202.0433 1.4747 1.3796 3.4563 11.6183 1.6506 42.6190 -14.7018 6.1536
164 8 Car -1 -1 -10 774.3223 175.6666 835.0812 201.8776 1.4743 1.4236 3.4151 11.4707 1.6486 42.7967 -14.7016 6.1937
165 8 Car -1 -1 -10 770.8878 175.3132 831.3431 201.3801 1.4767 1.3008 3.5828 11.3314 1.6303 43.0924 -14.6864 6.0784
166 8 Car -1 -1 -10 767.8662 175.4273 827.1539 201.2548 1.4727 1.3596 3.4979 11.1878 1.6343 43.3583 -14.6765 5.8645
167 8 Car -1 -1 -10 764.5655 175.4325 823.7451 201.5432 1.4971 1.3887 3.5018 11.0468 1.6599 43.5940 -14.6762 5.8150
168 8 Car -1 -1 -10 760.0612 175.4975 819.9763 201.1935 1.4808 1.3916 3.5884 10.8622 1.6488 43.8613 -14.6854 5.1126
169 8 Car -1 -1 -10 756.7883 175.5206 816.1264 201.4441 1.5061 1.4718 3.5515 10.7327 1.6769 44.2125 -14.6685 5.9902
170 8 Car -1 -1 -10 754.7225 175.4700 811.2435 201.1872 1.5065 1.4365 3.4411 10.5899 1.6749 44.4938 -14.6464 5.6119
171 8 Car -1 -1 -10 751.2693 175.3032 806.9690 200.7310 1.5020 1.4245 3.4161 10.4270 1.6607 44.8086 -14.6542 5.5970
172 8 Car -1 -1 -10 745.9687 175.5833 801.8206 200.7881 1.4992 1.4261 3.5420 10.1934 1.6778 45.2218 -14.6365 5.8799
173 8 Car -1 -1 -10 742.9966 175.1994 797.5732 200.7645 1.5363 1.4444 3.5061 10.0504 1.6910 45.5915 -14.6196 5.4850
174 8 Car -1 -1 -10 740.3522 175.8558 792.5517 200.0649 1.4644 1.4311 3.3891 9.8855 1.6635 45.9331 -14.6051 5.3775
175 8 Car -1 -1 -10 735.7940 176.0927 787.1405 200.0743 1.4636 1.4216 3.4712 9.6669 1.6807 46.4114 -14.5795 5.3503
176 8 Car -1 -1 -10 733.0286 176.1543 782.5219 200.3157 1.4883 1.4686 3.3578 9.5067 1.7110 46.7756 -14.5529 5.0687
177 8 Car -1 -1 -10 728.5976 175.4677 779.2242 199.8525 1.5205 1.5704 3.4131 9.3539 1.6989 47.2693 -14.5550 4.5939
178 8 Car -1 -1 -10 725.9298 176.8582 774.4765 200.4448 1.4783 1.5543 3.3714 9.1967 1.7537 47.7040 -14.5261 3.9751
179 8 Car -1 -1 -10 723.0328 176.9133 767.5879 199.8381 1.4529 1.3891 3.2957 8.9594 1.7342 48.1466 -14.5085 4.8528
180 8 Car -1 -1 -10 718.9741 176.4655 764.3089 199.5288 1.4784 1.4532 3.4090 8.8100 1.7317 48.6805 -14.5006 4.6209
181 8 Car -1 -1 -10 713.9738 176.2241 761.5220 200.5214 1.5755 1.6309 3.6365 8.6550 1.8155 49.3195 -14.4720 5.3440
182 8 Car -1 -1 -10 710.2949 175.8197 757.0101 199.9785 1.5862 1.6582 3.6078 8.4641 1.7995 49.8309 -14.4647 2.7408
183 8 Car -1 -1 -10 705.2009 175.6850 752.1092 198.4873 1.5151 1.6347 3.8360 8.2311 1.7219 50.5345 -14.4613 2.7910
184 8 Car -1 -1 -10 703.7444 175.5961 748.9388 198.4205 1.5329 1.6918 3.9717 8.1587 1.7356 51.1052 -14.3953 3.0977
185 8 Car -1 -1 -10 702.7105 176.4391 744.2448 198.6685 1.5095 1.6704 3.8609 8.0570 1.7771 51.7205 -14.3464 3.0718
186 8 Car -1 -1 -10 698.3713 177.9091 742.1028 200.6341 1.5486 1.7196 3.9682 7.9035 1.9300 52.2507 -14.3854 2.4745
187 8 Car -1 -1 -10 697.7846 179.3818 736.5133 201.6395 1.5298 1.5674 3.5759 7.7479 2.0238 52.6388 -14.3738 2.7318
188 8 Car -1 -1 -10 693.8273 179.9212 733.6124 201.0917 1.4678 1.6554 3.8197 7.6081 2.0116 53.4350 -14.3610 2.9837
189 8 Car -1 -1 -10 692.0014 180.4926 730.3530 202.2757 1.5288 1.7201 3.6731 7.5007 2.1216 53.9887 -14.3356 4.3609
190 8 Car -1 -1 -10 689.0452 180.5981 725.8319 201.9184 1.5122 1.6257 3.8339 7.3152 2.1214 54.6890 -14.3268 2.6329
191 8 Car -1 -1 -10 686.7259 180.0823 721.8585 202.0621 1.5856 1.7566 3.6858 7.1560 2.1592 55.2734 -14.2742 2.8236
192 8 Car -1 -1 -10 682.6161 181.0438 717.2141 201.7760 1.5026 1.6100 3.7010 6.8895 2.1588 55.8117 -14.3204 3.7086
193 8 Car -1 -1 -10 679.2712 180.8984 714.2423 201.7318 1.5267 1.6735 3.7755 6.7186 2.1786 56.4297 -14.3172 3.1709
194 8 Car -1 -1 -10 676.4726 182.4900 708.6382 203.0957 1.5185 1.6853 3.7284 6.4527 2.3056 56.9530 -14.2624 2.1696
195 8 Car -1 -1 -10 668.0496 183.2653 705.8938 203.8072 1.5153 1.6969 4.0147 6.0709 2.3774 57.5633 -14.3902 1.8493
196 8 Car -1 -1 -10 668.6863 183.9192 701.5126 204.1462 1.5072 1.6392 3.6602 5.9590 2.4246 57.8455 -14.3229 3.3509
197 8 Car -1 -1 -10 664.4402 184.9727 696.7673 204.8400 1.4872 1.6478 3.6489 5.6466 2.4999 58.3264 -14.3219 1.8300
198 8 Car -1 -1 -10 661.8617 185.4614 693.5412 205.2279 1.4892 1.6912 3.6968 5.4582 2.5516 58.8188 -14.2987 2.1975
199 8 Car -1 -1 -10 657.6038 186.3207 688.6265 205.5733 1.4594 1.6186 3.5669 5.1260 2.6014 59.2611 -14.3283 3.1024
200 8 Car -1 -1 -10 652.8726 186.3536 684.6276 205.7179 1.4740 1.7335 3.7477 4.8001 2.6286 59.6957 -14.3090 2.3397
201 8 Car -1 -1 -10 650.4731 187.0277 678.1519 205.0179 1.3731 1.5774 3.6313 4.4588 2.5890 59.9726 -14.2697 1.6312
202 8 Car -1 -1 -10 643.5285 184.3987 675.0132 203.9284 1.5133 1.6645 4.0154 4.0726 2.5166 60.5523 -11.1854 1.2716
203 8 Car -1 -1 -10 642.6637 185.0646 671.5840 203.8902 1.4689 1.6614 3.7015 3.9137 2.5312 60.7916 -14.2921 1.7670
204 18 Car -1 -1 -10 420.9175 183.0616 452.4558 203.4985 1.5038 1.9605 4.2194 -13.7902 2.3490 57.5067 -14.2541 1.8380
204 8 Car -1 -1 -10 638.8806 182.9946 667.7410 202.9262 1.5798 1.6614 3.7838 3.6178 2.4687 61.2209 -14.2958 2.6216
205 8 Car -1 -1 -10 639.5341 182.9260 664.6407 200.9017 1.4307 1.6162 3.5638 3.5264 2.3132 61.3441 -14.2284 1.7467
206 8 Car -1 -1 -10 638.2336 181.9517 662.1395 199.9723 1.4492 1.5779 3.4899 3.3836 2.2496 61.6458 -14.2178 1.6821
207 8 Car -1 -1 -10 633.6390 180.4215 662.8591 198.9430 1.5034 1.6783 3.6752 3.2385 2.1760 62.1312 -14.3264 1.8049
208 8 Car -1 -1 -10 636.0363 179.6207 661.6084 198.0781 1.5121 1.7027 3.4973 3.2991 2.1135 62.2653 -14.2320 2.6927
209 8 Car -1 -1 -10 635.6951 179.6339 661.1702 197.8323 1.5001 1.6875 3.3729 3.2826 2.1049 62.5572 -14.2441 1.9757
210 8 Car -1 -1 -10 635.8431 179.9025 662.2963 197.0613 1.4162 1.6437 3.4533 3.3544 2.0487 62.8797 -14.2841 1.6842
212 8 Car -1 -1 -10 645.6676 179.2524 668.2615 196.9912 1.4851 1.5872 3.4749 4.0833 2.0640 63.4623 -14.1889 1.2595
213 8 Car -1 -1 -10 651.1882 179.9798 676.3512 197.5814 1.4737 1.6464 3.5787 4.7017 2.1222 63.7692 -14.2290 2.5432
214 8 Car -1 -1 -10 658.4916 181.1021 685.4948 198.6146 1.4630 1.6536 3.7269 5.4509 2.2180 64.0622 -14.2592 1.2526
215 8 Car -1 -1 -10 669.0905 181.2760 695.3373 198.2674 1.4242 1.6384 3.6560 6.3792 2.1968 64.2580 -14.2349 2.2658
219 8 Car -1 -1 -10 735.9061 175.3028 758.5376 192.6425 1.4996 1.6511 3.6504 12.2792 1.7264 64.8261 -14.0458 2.6281
220 8 Car -1 -1 -10 758.2330 174.4001 780.6985 190.9689 1.4336 1.5707 3.5537 14.2334 1.5764 64.6218 -14.0330 1.2721
223 8 Car -1 -1 -10 835.3635 171.2234 862.0130 187.6526 1.4122 1.6404 3.8661 21.1326 1.2724 64.0560 -13.9801 1.8125
225 8 Car -1 -1 -10 900.7087 169.5624 925.5405 187.5854 1.5203 1.6340 3.6152 26.3407 1.2430 62.8286 -13.8408 2.1136
238 22 Car -1 -1 -10 1118.7458 133.7162 1241.0000 228.2243 2.1739 2.0846 4.9304 15.1571 1.2740 19.0821 -10.2179 1.8279
239 22 Car -1 -1 -10 1174.9501 147.6323 1241.0000 229.1860 1.7385 1.7094 3.7774 14.9688 1.2012 17.4365 -10.4501 1.5609
255 25 Car -1 -1 -10 159.9713 181.3754 257.3247 215.5355 1.5497 1.6442 3.6719 -18.9338 1.9631 34.0744 -9.4658 1.4899
257 26 Car -1 -1 -10 646.3010 174.9955 670.4254 199.7590 1.5970 1.5656 3.7096 3.2658 1.7478 48.7730 -14.0548 1.0906
