0 0 Car -1 -1 -10 146.6705 194.8786 315.5814 278.2397 1.4930 1.6874 4.1307 -8.2655 2.0488 16.1080 -11.0206 5.7114
0 1 Car -1 -1 -10 381.8742 180.6350 447.0128 224.2994 1.7203 1.7442 4.5221 -8.4823 2.0853 31.5250 -11.0251 5.1056
0 3 Car -1 -1 -10 461.1182 184.5140 489.0923 208.9921 1.5063 1.6937 4.1165 -9.0775 2.3272 48.6144 -11.1408 1.4715
0 2 Car -1 -1 -10 491.0389 184.0399 512.3317 202.8370 1.5072 1.6044 3.3253 -9.2496 2.4899 61.6353 -11.0846 2.1959
1 4 Car -1 -1 -10 21.8754 197.7778 253.9396 301.7605 1.4349 1.5818 4.1332 -8.2516 1.9580 13.0427 -11.0234 5.7092
1 5 Car -1 -1 -10 352.4323 179.4895 428.6044 229.2460 1.7650 1.7942 4.4894 -8.5852 2.0482 28.4763 -11.0332 5.4501
1 6 Car -1 -1 -10 480.6141 183.2511 505.3618 203.8222 1.5644 1.6743 3.7382 -9.5176 2.4390 58.7420 -11.0698 1.7267
1 3 Car -1 -1 -10 445.6300 184.5439 486.5204 211.3126 1.5567 1.7294 4.0696 -9.1096 2.3322 45.7937 -10.9803 2.7659
2 7 Car -1 -1 -10 0.0000 202.4649 160.6849 346.9590 1.3972 1.6580 4.0779 -8.2530 1.8885 9.8912 -11.0336 4.5099
2 8 Car -1 -1 -10 315.0311 180.4417 406.5971 235.9138 1.7323 1.7952 4.4442 -8.6712 2.0233 25.3896 -11.0227 3.9163
2 9 Car -1 -1 -10 470.8138 182.5335 493.4883 204.4141 1.5749 1.6655 3.6802 -9.8911 2.3478 55.6251 -11.1762 2.7684
2 3 Car -1 -1 -10 427.7392 184.7545 473.1382 212.4737 1.4934 1.7279 4.2172 -9.4341 2.2347 42.8047 -10.9863 1.9248
3 10 Car -1 -1 -10 268.4049 180.4751 378.0609 243.8130 1.7081 1.7931 4.4610 -8.7265 1.9677 22.2717 -11.0421 3.8595
3 11 Car -1 -1 -10 459.6668 183.2834 488.5455 206.8403 1.5912 1.7029 3.8372 -9.8728 2.3789 52.4811 -11.0847 2.3267
3 3 Car -1 -1 -10 414.2231 184.4210 461.3377 216.1473 1.5878 1.6935 4.0274 -9.4257 2.2558 39.6156 -11.0135 2.3270
4 12 Car -1 -1 -10 206.9053 179.6729 344.7373 256.0982 1.7578 1.7900 4.4769 -8.7602 1.9619 19.2778 -11.0431 4.5722
4 13 Car -1 -1 -10 447.8049 184.5461 479.2300 207.2983 1.4494 1.6859 3.0539 -9.9749 2.2718 49.1531 -11.0543 2.5284
4 3 Car -1 -1 -10 392.7026 187.1618 448.1776 220.3463 1.5064 1.8159 4.2787 -9.6181 2.2791 36.7818 -11.0240 2.8346
5 14 Car -1 -1 -10 434.5187 184.7294 469.5660 209.2485 1.4653 1.6017 3.1389 -10.1144 2.2526 46.2300 -11.0103 3.8647
5 15 Car -1 -1 -10 115.0461 181.7549 297.8809 278.0420 1.7812 1.8048 4.5426 -8.7635 2.0090 16.1050 -11.0664 2.9692
5 3 Car -1 -1 -10 371.9162 185.6413 431.1420 222.5098 1.5396 1.6892 4.2691 -9.7154 2.1773 33.7950 -11.0336 3.6591
6 16 Car -1 -1 -10 420.5435 184.0117 456.7571 212.7965 1.5983 1.6356 3.5872 -10.2859 2.2981 43.3665 -11.0888 2.7941
6 3 Car -1 -1 -10 341.2348 186.4575 413.5782 227.7110 1.5541 1.8455 4.1652 -9.8261 2.1727 30.6797 -11.0258 3.5563
6 17 Car -1 -1 -10 0.0000 181.3526 225.9127 299.5044 1.6892 1.7163 4.3347 -8.7799 1.8672 12.8560 -11.0672 2.2216
7 18 Car -1 -1 -10 403.1051 184.5755 444.0763 212.9603 1.4582 1.6478 3.1757 -10.3387 2.1360 40.0587 -11.0632 4.0124
7 3 Car -1 -1 -10 311.4212 187.2137 392.7764 233.4198 1.5521 1.7980 4.1657 -9.8161 2.1455 27.6745 -11.0411 3.6896
7 2 Car -1 -1 -10 495.7928 175.8460 520.0749 197.2088 1.5281 1.6264 4.0036 -7.7416 1.7625 54.3204 -11.1819 1.1766
8 20 Car -1 -1 -10 382.3467 184.9136 429.2151 216.2194 1.4821 1.6656 3.1851 -10.4727 2.1292 37.0553 -11.0523 4.5770
8 3 Car -1 -1 -10 269.6014 187.8969 364.7549 239.1462 1.5141 1.6843 4.0960 -9.8934 2.0706 24.6015 -11.0243 4.7556
9 21 Car -1 -1 -10 360.4599 185.4483 413.1823 220.5440 1.5194 1.6803 3.0685 -10.4824 2.1399 33.9469 -11.0516 5.5499
9 3 Car -1 -1 -10 215.8515 189.8940 330.9589 248.7539 1.4711 1.6858 4.4426 -9.9578 2.0363 21.6333 -11.0755 5.4327
10 23 Car -1 -1 -10 334.6203 187.5343 391.7000 225.8716 1.4895 1.6385 3.0399 -10.5280 2.1496 30.8354 -11.0868 5.3427
10 3 Car -1 -1 -10 142.3864 191.0710 290.3576 260.9343 1.4778 1.7547 4.2418 -9.9610 2.0023 18.5771 -11.0701 6.0934
10 2 Car -1 -1 -10 475.6200 178.5429 501.4006 202.8962 1.5677 1.6486 4.1451 -8.4251 1.9769 49.6600 -14.3280 1.6709
11 25 Car -1 -1 -10 302.1987 188.7265 368.9284 231.0929 1.4742 1.6229 2.9337 -10.5334 2.1188 27.7633 -11.0657 5.7201
11 3 Car -1 -1 -10 35.0700 193.9745 239.8857 283.6954 1.5211 1.7635 4.5081 -9.9630 2.0470 15.6357 -11.0731 6.1232
12 26 Car -1 -1 -10 260.8766 188.6124 342.8230 238.1770 1.5244 1.7059 2.9893 -10.5187 2.0988 24.7286 -11.0682 5.4665
12 3 Car -1 -1 -10 0.0000 196.4229 167.3986 308.5421 1.4501 1.8283 4.4030 -9.8804 1.9344 12.5472 -11.0728 5.4604
13 27 Car -1 -1 -10 211.3019 189.8316 310.8907 246.1031 1.4972 1.7150 3.1530 -10.4934 2.0502 21.8367 -11.0861 5.5660
13 17 Car -1 -1 -10 0.0000 202.2748 58.9416 364.2456 1.4712 1.6971 4.3158 -9.6863 1.9553 9.6141 -11.1205 2.6991
14 28 Car -1 -1 -10 147.0450 191.8073 268.6301 257.2455 1.4681 1.6221 3.1419 -10.3729 2.0045 18.7682 -11.0830 5.8464
15 29 Car -1 -1 -10 53.8623 194.6342 213.4940 274.4403 1.4718 1.6858 3.0656 -10.2988 1.9975 15.7916 -11.0955 5.9120
16 30 Car -1 -1 -10 0.0000 197.1982 140.7172 299.5118 1.4749 1.6480 3.1850 -10.1674 1.9648 12.8475 -11.0844 5.2071
16 2 Car -1 -1 -10 425.7444 181.6431 457.1480 209.8407 1.4213 1.6066 4.0739 -9.3505 1.9339 39.8832 -14.3668 1.9177
17 2 Car -1 -1 -10 420.6655 180.3390 453.1557 209.8741 1.4387 1.5948 4.0612 -9.2069 1.8597 38.3915 -14.3548 1.9480
19 2 Car -1 -1 -10 402.4032 180.6627 443.8730 213.8890 1.4796 1.6458 4.2080 -9.1390 1.8869 35.3842 -14.3119 1.6667
26 34 Car -1 -1 -10 460.9451 179.3151 494.8152 204.8241 1.8611 1.7153 4.0488 -10.1869 2.3791 55.7438 -10.9514 1.1695
82 43 Car -1 -1 -10 504.9739 179.9493 528.6779 198.2938 1.4753 1.6462 4.0010 -7.9467 2.1016 61.6223 -11.0311 1.4982
83 44 Car -1 -1 -10 499.2168 178.8959 523.7842 198.0319 1.4525 1.6043 4.0286 -7.9222 1.9566 58.1067 -11.0405 1.3908
85 45 Car -1 -1 -10 481.0235 180.5783 510.9043 202.3656 1.4350 1.5440 3.6452 -7.9955 1.9971 50.6434 -11.0016 1.6504
86 46 Car -1 -1 -10 469.3282 181.3912 507.7552 205.8104 1.4910 1.7450 4.0786 -7.9832 2.0785 47.5581 -10.9679 3.6993
87 47 Car -1 -1 -10 458.8065 182.1613 500.7810 209.1287 1.5102 1.6693 4.2174 -7.9157 2.1059 44.0145 -10.9613 3.7986
88 49 Car -1 -1 -10 445.4573 182.0759 489.9870 210.7166 1.4744 1.6224 3.8900 -7.9383 2.0160 40.3770 -10.9659 3.3250
88 50 Car -1 -1 -10 500.5710 181.0119 529.4881 198.8486 1.4734 1.6409 4.0450 -8.3555 2.2167 63.6122 -10.8936 1.2332
89 51 Car -1 -1 -10 427.0484 182.1160 479.8272 212.3961 1.4084 1.6954 4.2977 -7.9992 1.9122 37.0501 -10.9738 4.7176
89 52 Car -1 -1 -10 495.1040 179.0207 516.9883 198.1402 1.4989 1.6397 3.7465 -8.6047 2.0267 59.7648 -11.0964 1.5900
90 53 Car -1 -1 -10 406.3411 180.6715 465.8045 215.7122 1.4753 1.6792 4.0145 -7.9883 1.8586 33.3118 -10.9673 5.1369
90 54 Car -1 -1 -10 486.5364 178.8464 514.5640 198.8992 1.4685 1.6504 4.0903 -8.5007 1.9522 56.1330 -11.0183 1.5379
91 55 Car -1 -1 -10 381.2084 182.4220 449.9278 220.5117 1.4126 1.6128 4.1369 -8.0031 1.8373 29.9030 -10.9619 5.6752
92 57 Car -1 -1 -10 347.0304 183.2246 430.2169 227.9544 1.4358 1.6597 4.3233 -8.0018 1.8460 26.3390 -10.9815 6.4264
92 58 Car -1 -1 -10 468.0266 180.1391 500.7807 203.3250 1.4527 1.7289 4.4103 -8.4877 1.9694 48.8802 -11.0612 2.0967
92 59 Car -1 -1 -10 613.0824 180.5071 661.9085 205.8676 1.4585 1.6279 4.2905 1.7450 1.9623 45.1695 -13.7328 1.1986
93 60 Car -1 -1 -10 302.7128 185.7541 403.8065 237.3804 1.4070 1.6156 4.1494 -8.0191 1.8527 22.8084 -10.9654 7.0585
93 61 Car -1 -1 -10 456.6632 178.8643 492.8366 204.9065 1.5192 1.6726 3.8896 -8.4143 1.9107 44.9778 -11.0354 1.8387
94 63 Car -1 -1 -10 238.5187 186.8497 370.3153 248.6842 1.3852 1.6714 4.3119 -8.0283 1.8020 19.3034 -10.9868 6.7789
94 64 Car -1 -1 -10 441.7240 178.8228 487.6177 206.0318 1.4539 1.7737 4.1796 -8.3415 1.8155 41.5693 -10.9874 4.1187
95 65 Car -1 -1 -10 145.6388 188.1602 321.6283 268.6812 1.4380 1.6623 4.2189 -8.0340 1.8183 15.7967 -10.9976 7.6078
95 66 Car -1 -1 -10 427.5343 180.1749 476.1048 210.2848 1.4474 1.6492 4.2095 -8.2570 1.8529 37.8177 -11.0017 4.7624
96 67 Car -1 -1 -10 0.0000 192.1466 252.9217 301.7244 1.4421 1.6364 4.1776 -8.0250 1.8283 12.3297 -10.9843 7.0434
96 68 Car -1 -1 -10 408.4023 180.6786 464.6927 214.9166 1.4816 1.6650 4.1403 -8.1904 1.8758 34.2416 -10.9919 4.3767
97 69 Car -1 -1 -10 384.6724 180.4413 448.8552 219.1999 1.4915 1.6908 4.0097 -8.1385 1.8345 30.5670 -11.0076 5.9615
97 70 Car -1 -1 -10 0.0000 198.7594 139.4305 364.5505 1.3864 1.6307 4.2924 -8.0302 1.7823 8.8593 -11.0064 5.4126
98 71 Car -1 -1 -10 352.1079 181.8454 430.0155 226.8423 1.5041 1.6974 3.9698 -8.0982 1.8644 26.8957 -10.9942 7.7533
99 72 Car -1 -1 -10 309.8199 182.9451 405.1010 236.4097 1.5172 1.6624 4.1260 -8.0728 1.8727 23.3222 -11.0023 7.1554
100 73 Car -1 -1 -10 249.1923 185.6810 371.8678 247.9648 1.4469 1.6263 4.1876 -8.0547 1.8351 19.7182 -10.9981 7.5917
101 74 Car -1 -1 -10 158.2692 186.6008 325.6952 267.4313 1.4966 1.6616 4.1341 -8.0403 1.8439 16.1346 -11.0026 8.2911
101 75 Car -1 -1 -10 504.5586 177.9518 527.9883 196.6689 1.5324 1.6473 3.8034 -8.0512 1.9848 62.0501 -11.0298 1.3561
102 76 Car -1 -1 -10 9.0820 189.2058 257.8797 297.5778 1.4854 1.6320 4.1509 -8.0147 1.8185 12.5976 -11.0040 8.4509
103 77 Car -1 -1 -10 0.0000 190.7518 146.7608 361.4753 1.4894 1.6430 4.3464 -7.9672 1.7663 8.9492 -11.0253 5.4247
103 78 Car -1 -1 -10 493.8190 178.7967 520.0495 198.9567 1.4487 1.6690 4.1510 -7.8761 1.9214 55.2233 -11.0588 1.2285
104 80 Car -1 -1 -10 485.5545 179.9890 513.8952 201.6352 1.4549 1.6293 3.8540 -7.8999 1.9865 51.7546 -11.0456 1.4060
105 81 Car -1 -1 -10 477.0964 179.5732 512.4261 202.4727 1.4334 1.6074 4.2078 -7.7308 1.9055 48.5318 -10.9702 2.6771
106 82 Car -1 -1 -10 468.1050 178.9062 506.1357 203.8227 1.4548 1.6383 4.0810 -7.6724 1.8513 45.1735 -10.9823 3.9772
107 83 Car -1 -1 -10 454.5997 178.7642 495.8952 205.7927 1.4560 1.7523 3.9573 -7.7734 1.8147 41.7430 -11.0228 3.4307
108 84 Car -1 -1 -10 440.3673 178.8002 487.3277 208.6778 1.4705 1.6924 4.0405 -7.7368 1.8035 38.3381 -10.9991 4.4558
109 85 Car -1 -1 -10 422.9288 179.3871 474.8360 211.8958 1.4507 1.6622 3.8664 -7.7648 1.7847 34.9099 -10.9989 5.7884
110 86 Car -1 -1 -10 399.9431 179.9465 463.3363 216.3526 1.4546 1.7264 4.0768 -7.7822 1.7865 31.6755 -10.9814 5.9455
111 87 Car -1 -1 -10 376.5711 181.5807 445.5537 221.9685 1.4210 1.6440 3.8931 -7.7193 1.7858 28.1785 -11.0016 6.7666
112 88 Car -1 -1 -10 338.6495 181.2157 424.9268 227.4574 1.4186 1.7106 3.8992 -7.7718 1.7290 24.7954 -10.9885 6.3300
113 89 Car -1 -1 -10 292.4332 180.6474 399.8057 236.1793 1.4469 1.6670 4.1690 -7.7442 1.7017 21.4685 -10.9939 6.7902
114 92 Car -1 -1 -10 227.9443 181.7773 362.2029 248.5001 1.4284 1.6175 4.1086 -7.7411 1.6777 18.0615 -11.0093 7.2548
115 94 Car -1 -1 -10 124.2490 184.6456 311.9459 269.1413 1.4116 1.6470 4.0740 -7.7541 1.6852 14.6700 -11.0082 6.7817
115 95 Car -1 -1 -10 482.1734 175.3365 512.5686 199.7441 1.5943 1.7298 3.8213 -7.7140 1.7717 49.4908 -11.0615 1.7154
116 96 Car -1 -1 -10 0.0000 187.2948 238.6703 307.5279 1.4452 1.6117 4.1729 -7.7126 1.7131 11.2693 -11.0073 7.3228
116 97 Car -1 -1 -10 474.8977 178.9866 505.9438 202.3382 1.4045 1.5915 3.6753 -7.6590 1.8141 46.2651 -11.0553 3.0690
117 98 Car -1 -1 -10 0.0000 193.6092 113.7590 374.0000 1.3879 1.6375 4.2469 -7.6874 1.6758 7.8478 -11.0237 4.7767
117 99 Car -1 -1 -10 464.2960 177.7335 501.9020 204.5674 1.4982 1.6515 3.6619 -7.5135 1.8005 42.7996 -11.0140 4.4779
118 100 Car -1 -1 -10 452.5032 179.0496 493.5706 206.8770 1.4211 1.6059 3.8112 -7.5026 1.7782 39.6221 -11.0159 3.7100
119 101 Car -1 -1 -10 438.3222 178.3401 486.2479 209.3564 1.4496 1.6439 3.8211 -7.4081 1.7406 36.3097 -10.9990 3.6087
120 102 Car -1 -1 -10 422.2277 179.1431 475.4348 213.6207 1.4506 1.6464 4.0812 -7.3736 1.7581 33.1716 -11.0247 3.8295
121 103 Car -1 -1 -10 401.0903 181.4330 462.3376 219.2628 1.4154 1.6248 3.7744 -7.3122 1.7920 29.7470 -11.0044 4.4704
122 104 Car -1 -1 -10 373.2411 180.6627 448.0951 225.2445 1.4755 1.7009 3.9324 -7.2747 1.7845 26.5427 -11.0045 5.3171
123 105 Car -1 -1 -10 340.8195 181.8091 428.6998 232.3251 1.4476 1.6643 3.8610 -7.2015 1.7612 23.2985 -11.0043 5.6464
124 107 Car -1 -1 -10 293.5450 182.7185 400.7436 243.0275 1.4553 1.6466 3.8536 -7.1867 1.7556 19.9907 -11.0192 6.7093
125 108 Car -1 -1 -10 225.6633 184.9157 368.5642 259.0015 1.4568 1.6555 3.8481 -7.1184 1.7692 16.7381 -10.9976 6.6327
126 109 Car -1 -1 -10 121.3253 186.0686 317.2807 283.5495 1.4871 1.6221 3.8405 -7.0791 1.7694 13.4600 -11.0100 7.4069
127 110 Car -1 -1 -10 0.0000 189.3730 241.8983 323.4743 1.4606 1.6179 3.8334 -7.0612 1.7397 10.2510 -11.0016 8.0001
128 111 Car -1 -1 -10 0.0000 194.9176 109.0812 374.0000 1.4566 1.6116 3.7353 -6.9179 1.7281 6.9573 -11.0476 3.9885
132 112 Car -1 -1 -10 582.4329 173.3905 601.6374 190.1328 1.3971 1.5679 3.5402 -1.5919 1.4450 62.1296 -14.1857 1.3719
136 113 Car -1 -1 -10 649.7513 174.6304 709.5985 201.3427 1.5461 1.6386 3.7098 4.2368 1.6592 43.9011 -13.3507 1.1114
137 114 Car -1 -1 -10 1160.8966 189.7121 1241.0000 216.6358 1.4934 1.6879 3.8288 36.5002 2.5830 44.5888 -11.1641 2.3885
137 112 Car -1 -1 -10 584.0647 171.2596 604.6735 189.0411 1.4170 1.6247 3.6953 -1.3358 1.2903 59.3750 -14.1775 1.6249
138 112 Car -1 -1 -10 584.8929 174.4998 606.0764 192.5391 1.4118 1.6687 4.0112 -1.1943 1.5510 58.8505 -14.1500 2.3366
140 112 Car -1 -1 -10 585.9800 174.4189 610.0350 192.0788 1.3498 1.5802 3.6293 -0.9489 1.4786 57.3485 -14.0598 1.0960
142 112 Car -1 -1 -10 584.8091 168.7405 608.5499 187.6884 1.4236 1.6360 3.8641 -1.0313 1.1149 56.1696 -14.0995 1.1480
142 116 Car -1 -1 -10 561.1299 168.0063 583.1766 183.1602 1.3728 1.6201 3.6467 -3.5188 0.9340 67.2373 -14.0670 1.2287
144 112 Car -1 -1 -10 582.0919 169.2351 605.2031 188.1854 1.3864 1.6254 3.7289 -1.2951 1.1220 54.6920 -14.1933 1.5551
144 116 Car -1 -1 -10 558.2254 167.0805 578.7721 183.2408 1.4274 1.6331 3.7357 -3.7667 0.9178 65.6020 -14.1310 1.2080
145 112 Car -1 -1 -10 581.8062 173.4148 604.4788 191.9690 1.3346 1.6042 3.6241 -1.2560 1.3782 53.8200 -14.1359 1.7492
146 112 Car -1 -1 -10 579.9043 173.7213 602.8444 193.1287 1.3746 1.6217 4.0046 -1.4350 1.4415 53.3205 -14.1807 1.8148
147 112 Car -1 -1 -10 578.2069 173.2358 602.5743 193.2058 1.3952 1.6114 3.7298 -1.4824 1.4243 52.3969 -14.2064 1.3616
147 116 Car -1 -1 -10 552.5407 172.0078 573.1185 189.1476 1.4575 1.6491 3.7062 -4.1281 1.3859 63.2259 -14.1609 1.7387
148 112 Car -1 -1 -10 577.9527 172.2821 601.3400 192.5667 1.3996 1.6143 4.0046 -1.5167 1.3605 51.8161 -14.1784 1.8240
148 116 Car -1 -1 -10 551.1700 172.2847 571.2068 189.3429 1.4309 1.6419 3.8542 -4.2216 1.3835 62.4833 -14.1808 1.2213
149 112 Car -1 -1 -10 576.8214 173.2125 601.0982 193.0842 1.3520 1.6544 3.8014 -1.5310 1.3787 51.0864 -14.1726 2.2956
149 116 Car -1 -1 -10 549.4467 171.5785 573.9785 188.6984 1.4168 1.6231 3.6556 -4.1139 1.3116 61.5871 -14.0716 2.1431
150 112 Car -1 -1 -10 575.0660 173.3241 600.2087 193.7316 1.3667 1.6209 4.0476 -1.6281 1.4013 50.4863 -14.2018 2.0462
151 112 Car -1 -1 -10 575.7389 173.1341 601.6488 193.2725 1.3303 1.6236 3.6341 -1.4601 1.3506 49.5396 -14.1231 2.3368
151 116 Car -1 -1 -10 546.7787 171.7264 570.7298 189.5416 1.4355 1.6690 3.7904 -4.2567 1.3450 60.0448 -14.1215 1.7599
152 112 Car -1 -1 -10 576.3033 172.7059 601.5305 194.4678 1.4190 1.6454 3.7006 -1.4743 1.4097 48.9250 -14.1740 2.7000
152 116 Car -1 -1 -10 547.2774 171.8884 569.0777 190.2684 1.4591 1.6707 3.7207 -4.3033 1.3828 59.2121 -14.2391 1.6720
153 112 Car -1 -1 -10 575.2775 172.9308 601.4399 194.1532 1.3624 1.6433 3.7823 -1.5115 1.3681 48.2667 -14.1948 2.4809
153 116 Car -1 -1 -10 547.3992 171.0156 568.8807 189.6976 1.4619 1.6562 3.7397 -4.2482 1.3184 58.3969 -14.2293 1.9457
154 112 Car -1 -1 -10 575.2922 171.4857 600.5078 193.3615 1.3870 1.5993 3.7429 -1.5114 1.3006 47.6482 -14.1788 3.1230
154 116 Car -1 -1 -10 546.0649 170.7910 568.0699 187.8043 1.3101 1.5994 3.4630 -4.2029 1.1516 57.3142 -14.1678 1.2628
155 112 Car -1 -1 -10 575.4277 168.7552 601.0975 190.0583 1.3329 1.5852 3.6493 -1.4138 1.0768 46.9720 -14.1432 1.9091
155 116 Car -1 -1 -10 545.3780 166.6422 570.6924 185.9643 1.4724 1.6353 3.5652 -4.0843 0.9994 56.7869 -14.1072 2.0676
156 112 Car -1 -1 -10 574.5809 168.4218 600.4524 192.1039 1.4622 1.5973 3.7182 -1.4588 1.1889 46.4219 -14.1575 1.8452
157 112 Car -1 -1 -10 575.5277 172.7905 602.9854 195.0685 1.3539 1.5476 3.5006 -1.3106 1.3504 45.6171 -14.1110 3.1012
157 116 Car -1 -1 -10 544.3938 170.0787 567.7556 190.4845 1.5114 1.6999 3.8025 -4.1338 1.3062 55.3812 -14.1878 2.6687
158 112 Car -1 -1 -10 575.3347 175.3964 602.0792 198.4255 1.3654 1.6016 3.7277 -1.3753 1.5313 45.0863 -14.1730 4.7157
158 116 Car -1 -1 -10 543.9315 174.5398 567.3953 193.2165 1.3514 1.6214 3.7755 -4.0974 1.4835 54.4674 -14.1730 2.2311
159 112 Car -1 -1 -10 576.6815 178.3043 603.8130 201.1529 1.3218 1.5558 3.4063 -1.2126 1.6694 44.2600 -14.1320 3.2238
159 116 Car -1 -1 -10 544.1927 173.5017 568.2015 195.6014 1.5872 1.7255 3.9267 -4.0367 1.6378 53.9532 -11.0630 2.5414
160 112 Car -1 -1 -10 576.6942 177.8693 604.6024 201.5166 1.3509 1.6237 3.4648 -1.2178 1.6674 43.7211 -14.1706 3.2971
160 116 Car -1 -1 -10 543.5870 176.0205 569.3779 197.5185 1.5113 1.6739 3.8764 -3.9420 1.7539 53.2459 -14.1520 2.4044
161 112 Car -1 -1 -10 574.9705 169.7996 604.8639 194.9266 1.4376 1.6568 4.0474 -1.2808 1.2632 43.3497 -14.1989 2.5262
161 116 Car -1 -1 -10 543.6120 167.6658 569.5763 189.4651 1.5288 1.6222 3.8157 -3.8802 1.1653 52.5097 -14.1406 2.9035
162 112 Car -1 -1 -10 577.3635 164.1400 606.6931 189.3098 1.4256 1.5672 3.4040 -1.0604 0.9324 42.5851 -14.1129 1.8627
162 116 Car -1 -1 -10 543.3694 162.0297 569.6949 184.2212 1.5326 1.6327 3.9775 -3.8323 0.7854 51.8242 -14.1460 1.2179
163 112 Car -1 -1 -10 577.1560 162.3139 606.1784 189.8201 1.5349 1.6011 3.9426 -1.0675 0.9471 42.2317 -14.1372 2.6296
163 116 Car -1 -1 -10 541.8031 162.9456 573.5474 185.7757 1.5538 1.7570 4.5138 -3.7070 0.8798 51.3959 -14.0958 1.2205
164 112 Car -1 -1 -10 578.2739 167.0474 606.0992 191.1969 1.3307 1.5338 3.6226 -1.0756 1.0111 41.5909 -14.1694 2.4752
164 116 Car -1 -1 -10 543.2581 166.1098 567.5171 187.4602 1.4330 1.6259 3.6403 -3.8480 0.9807 50.3058 -14.2188 1.6351
165 112 Car -1 -1 -10 578.7779 172.5935 606.9573 197.2934 1.3428 1.5320 3.5541 -0.9885 1.3290 41.0094 -14.1491 3.5118
165 116 Car -1 -1 -10 541.7143 171.4600 570.6428 193.0091 1.4293 1.6430 3.5379 -3.6978 1.3372 49.6443 -14.1119 2.0460
166 112 Car -1 -1 -10 578.1428 172.4982 608.4156 198.1970 1.3765 1.5710 3.4863 -1.0077 1.3578 40.4311 -14.1959 3.4671
166 116 Car -1 -1 -10 541.7401 172.4222 569.2595 193.7725 1.3971 1.6618 3.7243 -3.7022 1.3692 49.0899 -14.1561 2.6810
167 112 Car -1 -1 -10 578.2981 170.5930 607.5411 195.2512 1.3006 1.5431 3.4623 -0.9937 1.1817 39.8102 -14.1696 2.9006
167 116 Car -1 -1 -10 541.2341 168.6936 570.4586 190.9752 1.4399 1.6292 3.8497 -3.6363 1.1714 48.5610 -14.1234 2.4960
168 112 Car -1 -1 -10 579.2890 172.4512 609.2946 196.4000 1.2521 1.5688 3.4393 -0.8698 1.2314 39.4460 -14.1440 2.5581
168 116 Car -1 -1 -10 542.3505 171.0102 567.2480 192.9379 1.3993 1.5861 3.5417 -3.6637 1.2820 47.8571 -14.1974 2.7044
169 112 Car -1 -1 -10 579.6202 171.9725 610.4921 198.9208 1.3958 1.5993 3.7498 -0.8435 1.3505 39.2581 -14.1545 4.0478
169 116 Car -1 -1 -10 540.7206 172.1526 568.2008 194.2321 1.3900 1.6697 3.9645 -3.6441 1.3462 47.4372 -14.1799 2.0508
170 112 Car -1 -1 -10 579.4461 175.3713 609.9977 202.9195 1.3963 1.5628 3.6484 -0.8376 1.5382 38.7359 -14.1475 3.7680
170 116 Car -1 -1 -10 540.1818 173.7307 568.0791 197.7779 1.4928 1.6970 3.8269 -3.6239 1.5525 46.8829 -14.1848 2.7268
171 119 Car -1 -1 -10 36.1249 183.4935 109.3831 219.7655 1.5368 1.5815 3.6690 -25.0445 2.0636 33.7153 -14.4258 1.6853
171 120 Car -1 -1 -10 752.2134 180.6723 787.2907 207.5838 1.5433 1.6714 4.1150 9.8240 2.0517 44.7496 -10.8899 1.4662
171 112 Car -1 -1 -10 579.8888 180.7832 611.7984 207.8772 1.3275 1.6111 3.6531 -0.7722 1.7685 38.2592 -14.1481 4.2735
171 116 Car -1 -1 -10 540.7895 180.1685 569.6132 204.1193 1.4377 1.6915 3.5035 -3.5031 1.9242 46.1738 -14.1697 3.9719
172 112 Car -1 -1 -10 579.7731 183.1473 611.7841 209.1830 1.2453 1.5907 3.5327 -0.8189 1.8096 37.7297 -14.1799 5.1215
172 116 Car -1 -1 -10 541.6404 180.7933 571.3326 203.9356 1.3685 1.5925 3.4751 -3.3790 1.8899 45.6060 -14.1286 3.1053
173 112 Car -1 -1 -10 581.0767 178.8786 613.6474 207.1906 1.3643 1.6059 3.7814 -0.6656 1.6933 37.4648 -14.1395 4.0149
173 116 Car -1 -1 -10 541.0623 178.3587 571.5593 202.0764 1.3991 1.6185 3.6398 -3.3599 1.7585 45.2337 -14.1301 4.4133
174 112 Car -1 -1 -10 579.9997 178.3305 614.4216 205.9488 1.3114 1.5762 3.5847 -0.7316 1.6053 36.8303 -14.2053 5.0878
174 116 Car -1 -1 -10 539.6853 176.6813 570.8402 201.1593 1.4324 1.5932 3.8895 -3.3885 1.6807 44.7861 -14.1244 4.2826
175 112 Car -1 -1 -10 581.7154 178.3901 615.0393 205.4202 1.2673 1.5594 3.6466 -0.6659 1.5616 36.4480 -14.1869 4.9262
175 116 Car -1 -1 -10 539.0640 176.6477 571.7606 201.1369 1.4148 1.6051 3.5618 -3.3262 1.6563 44.0516 -14.1008 3.9036
176 112 Car -1 -1 -10 582.0719 178.9476 615.4255 206.5092 1.2752 1.5807 3.5749 -0.6103 1.5947 35.9826 -14.1587 4.6761
176 116 Car -1 -1 -10 539.5964 177.5974 570.3672 201.5331 1.3603 1.6386 3.5519 -3.3123 1.6584 43.5001 -14.1523 3.9708
177 112 Car -1 -1 -10 582.5642 178.7300 616.0898 207.3073 1.3057 1.5678 3.7515 -0.5341 1.6114 35.6140 -14.1349 4.5018
177 116 Car -1 -1 -10 539.7349 178.4151 568.8986 202.6336 1.3553 1.6496 3.4036 -3.3108 1.6999 42.9188 -14.1899 3.5729
178 112 Car -1 -1 -10 581.9932 178.3726 616.9672 208.5591 1.3665 1.6157 3.6608 -0.5246 1.6498 35.1604 -14.1367 4.3064
178 116 Car -1 -1 -10 539.1272 178.2507 571.4168 203.7916 1.4142 1.6521 3.4834 -3.2135 1.7450 42.4318 -14.1417 3.5418
179 112 Car -1 -1 -10 583.7920 179.2834 619.2734 209.3207 1.3393 1.6179 3.3653 -0.4417 1.6629 34.5829 -14.1467 4.3458
179 116 Car -1 -1 -10 538.2855 179.6587 571.4846 204.4376 1.3451 1.6201 3.5378 -3.1961 1.7576 41.9205 -14.1252 4.7124
180 112 Car -1 -1 -10 582.7945 180.0009 620.6944 210.3968 1.3305 1.5949 3.5663 -0.3851 1.6882 34.2549 -14.0899 4.3085
180 116 Car -1 -1 -10 538.4002 180.0214 571.4489 204.7598 1.3221 1.6532 3.4306 -3.1461 1.7496 41.2765 -14.1439 3.8426
181 112 Car -1 -1 -10 583.3585 180.2558 621.3874 210.7199 1.3120 1.5995 3.5186 -0.3504 1.6768 33.7329 -14.0958 4.3102
181 116 Car -1 -1 -10 537.9966 180.1351 572.6346 205.6443 1.3444 1.6192 3.4160 -3.0821 1.7733 40.7374 -14.1128 4.3311
182 112 Car -1 -1 -10 584.9689 179.6301 622.7644 210.1814 1.3044 1.5634 3.4558 -0.2787 1.6345 33.3471 -14.0913 3.7180
182 116 Car -1 -1 -10 537.0704 180.1445 571.2839 205.2085 1.3024 1.6078 3.4725 -3.1085 1.7271 40.2498 -14.1269 4.4889
183 112 Car -1 -1 -10 583.9216 180.4781 620.6769 211.4607 1.3008 1.5876 3.5164 -0.3860 1.6677 32.9228 -14.1444 4.6957
183 116 Car -1 -1 -10 535.7797 179.6702 572.5586 205.4488 1.3241 1.6493 3.5002 -3.0695 1.7170 39.7741 -14.1044 5.3719
184 112 Car -1 -1 -10 584.6084 182.2832 622.4769 212.5683 1.2390 1.5911 3.5459 -0.2842 1.6865 32.4223 -14.1141 5.3953
184 116 Car -1 -1 -10 535.5099 179.9776 570.5013 207.9902 1.4244 1.6250 3.6671 -3.1079 1.8324 39.4528 -14.1369 5.7118
185 112 Car -1 -1 -10 585.8844 182.1304 624.2902 213.7183 1.2779 1.6100 3.5334 -0.2737 1.7127 32.0106 -14.1523 4.0889
185 116 Car -1 -1 -10 534.8345 179.7353 570.0816 208.5322 1.4476 1.6411 3.6878 -3.1015 1.8376 39.0029 -14.1449 5.1698
186 112 Car -1 -1 -10 583.7803 182.5419 623.6943 214.6397 1.2796 1.6244 3.5564 -0.2667 1.7291 31.6485 -14.1094 4.5700
186 116 Car -1 -1 -10 532.7917 180.8878 570.9031 208.8163 1.3793 1.6727 3.6193 -3.0929 1.8288 38.5093 -14.1164 5.1474
187 112 Car -1 -1 -10 584.9475 182.9695 623.3038 215.9052 1.2986 1.5676 3.3215 -0.2624 1.7590 31.1420 -14.1253 5.2328
187 116 Car -1 -1 -10 531.8000 182.5579 569.3353 209.5847 1.3106 1.6571 3.5054 -3.1225 1.8459 38.0120 -14.1271 4.9489
188 112 Car -1 -1 -10 583.8511 182.3590 624.0244 216.0211 1.3104 1.6189 3.4901 -0.2909 1.7398 30.8192 -14.1398 5.3220
188 116 Car -1 -1 -10 530.7617 180.6904 568.1204 209.3871 1.3875 1.6695 3.5114 -3.1477 1.8154 37.6042 -14.1416 5.2860
189 112 Car -1 -1 -10 583.9303 182.5461 623.6250 215.1874 1.2468 1.5728 3.4145 -0.2736 1.6771 30.2903 -14.1281 4.1734
189 116 Car -1 -1 -10 530.0302 180.1845 568.0295 208.5733 1.3590 1.6585 3.5112 -3.1348 1.7552 37.2026 -14.1353 5.4785
190 112 Car -1 -1 -10 582.2627 180.2771 623.1053 213.8163 1.2786 1.6028 3.5969 -0.3151 1.6073 30.1080 -14.1290 5.4613
190 116 Car -1 -1 -10 528.0910 178.5724 566.0600 207.7075 1.3868 1.6305 3.7145 -3.2093 1.6946 36.9307 -14.1396 5.1069
191 126 Car -1 -1 -10 436.3927 175.5578 459.1523 196.8732 1.5217 1.6070 3.8657 -12.1902 1.7325 54.0934 -11.2179 1.2758
191 112 Car -1 -1 -10 584.1839 179.9990 624.8296 213.9292 1.2769 1.5740 3.6062 -0.2963 1.5898 29.7385 -14.1601 5.3398
191 116 Car -1 -1 -10 526.9936 178.3628 564.6687 207.3546 1.3665 1.6651 3.5952 -3.2375 1.6595 36.5116 -14.1591 5.6532
192 126 Car -1 -1 -10 424.7182 177.2346 455.0831 198.9119 1.4641 1.6225 3.9874 -12.1577 1.7905 51.6329 -11.0993 1.6743
192 112 Car -1 -1 -10 581.9534 181.7356 622.9833 215.7029 1.2567 1.5687 3.3484 -0.3003 1.6381 29.2641 -14.1183 4.9935
192 116 Car -1 -1 -10 525.4701 179.4200 563.8902 209.3745 1.3940 1.6371 3.5168 -3.2605 1.7391 36.1153 -14.1461 5.3553
193 126 Car -1 -1 -10 413.7728 180.8870 449.7753 203.0199 1.4012 1.5645 4.0113 -12.1262 1.9716 49.1734 -14.1643 1.4345
193 112 Car -1 -1 -10 580.3448 182.0873 622.9562 217.0319 1.2726 1.6086 3.5371 -0.3970 1.6670 29.0037 -14.1593 5.8847
193 116 Car -1 -1 -10 522.7358 180.0230 564.0839 209.6447 1.3603 1.6655 3.5296 -3.2896 1.7338 35.7731 -14.1190 7.2037
194 126 Car -1 -1 -10 404.7392 180.3443 441.7728 204.4091 1.4439 1.5771 3.7498 -11.9896 1.9457 46.3901 -11.0438 2.4090
194 112 Car -1 -1 -10 580.8568 182.2636 623.8979 218.5277 1.3019 1.6020 3.5580 -0.3679 1.6991 28.6305 -14.1604 4.9053
194 116 Car -1 -1 -10 522.6204 180.4167 563.0782 209.8347 1.3382 1.6145 3.4747 -3.2911 1.7287 35.4694 -14.1211 4.6967
195 126 Car -1 -1 -10 391.3930 179.7521 429.0461 205.0640 1.4347 1.6079 3.8819 -12.1665 1.8751 44.0093 -11.1029 3.1399
195 112 Car -1 -1 -10 579.2841 182.0959 623.7298 218.8994 1.3075 1.6343 3.5460 -0.3684 1.6932 28.3031 -14.1443 5.8337
195 116 Car -1 -1 -10 520.2827 179.7334 561.6569 210.2881 1.3802 1.6306 3.5187 -3.3523 1.7327 35.1595 -14.1219 5.2298
196 126 Car -1 -1 -10 379.5982 178.7478 418.2213 206.6821 1.4974 1.6201 3.8006 -12.1272 1.8532 41.5146 -11.1400 3.2944
196 112 Car -1 -1 -10 579.7111 182.4349 623.9686 219.1326 1.2853 1.6088 3.5855 -0.3178 1.6816 28.0127 -14.1244 5.4627
196 116 Car -1 -1 -10 519.0573 179.9275 560.5337 209.8348 1.3375 1.6316 3.5748 -3.3842 1.6977 34.9088 -14.1285 5.4582
197 126 Car -1 -1 -10 364.1702 179.6933 410.8328 208.9021 1.4663 1.5995 4.0287 -12.0771 1.8585 39.2630 -11.0778 3.8193
197 112 Car -1 -1 -10 579.2076 182.4840 624.1334 220.0261 1.2984 1.6142 3.6243 -0.3985 1.6934 27.7300 -14.1681 6.0773
197 116 Car -1 -1 -10 517.7022 180.0172 560.0122 210.4311 1.3494 1.6392 3.6194 -3.4062 1.7122 34.6864 -14.1255 6.2773
198 126 Car -1 -1 -10 346.3102 178.9443 394.3787 209.5077 1.4276 1.6107 4.1479 -12.1659 1.7563 36.7301 -11.1369 3.0494
198 112 Car -1 -1 -10 577.9955 181.8730 622.9114 219.8197 1.3012 1.5951 3.5267 -0.4430 1.6662 27.3795 -14.1716 5.0232
198 116 Car -1 -1 -10 516.4450 179.7620 557.8618 209.7923 1.3243 1.6248 3.4567 -3.4565 1.6700 34.3398 -14.1373 5.8016
199 126 Car -1 -1 -10 327.2705 179.6256 383.3358 212.6243 1.4312 1.5928 3.9484 -12.0219 1.7714 34.1685 -11.0890 3.5370
199 112 Car -1 -1 -10 576.3142 181.9850 621.6898 219.9434 1.2827 1.5881 3.5584 -0.4137 1.6477 27.0252 -14.1283 4.4961
199 116 Car -1 -1 -10 515.1083 179.2066 556.0153 209.8477 1.3431 1.6375 3.4512 -3.5065 1.6589 34.0859 -14.1550 6.2668
200 126 Car -1 -1 -10 303.7997 179.6404 369.4400 214.9987 1.4205 1.5872 3.9337 -11.9844 1.7385 31.7621 -11.0499 4.4426
200 112 Car -1 -1 -10 575.7120 181.8886 622.6412 221.3998 1.3193 1.6218 3.6404 -0.4381 1.6776 26.7550 -14.1480 4.5731
200 116 Car -1 -1 -10 513.3262 179.8741 557.2844 210.2281 1.3179 1.6487 3.5335 -3.4983 1.6657 33.9281 -14.1208 5.5497
201 126 Car -1 -1 -10 274.5392 179.4659 350.7515 218.2996 1.4289 1.6138 3.7816 -11.9397 1.7136 29.1124 -11.0255 5.1978
201 112 Car -1 -1 -10 575.2651 181.2452 622.0128 222.0360 1.3521 1.5992 3.6267 -0.4696 1.6819 26.4959 -14.1574 5.7686
201 116 Car -1 -1 -10 513.1607 179.0809 555.8928 210.3532 1.3527 1.6387 3.6342 -3.5163 1.6601 33.7542 -14.1422 6.3480
202 126 Car -1 -1 -10 244.0495 179.7239 327.9530 222.1040 1.4172 1.5613 3.7556 -11.9039 1.6896 26.6575 -11.0420 4.7452
202 112 Car -1 -1 -10 574.0662 181.7728 621.7107 221.7980 1.3083 1.6110 3.6291 -0.4502 1.6551 26.2081 -14.1348 4.7019
202 116 Car -1 -1 -10 510.7716 179.2001 555.7450 210.6077 1.3518 1.6822 3.5491 -3.5536 1.6630 33.5562 -14.1270 6.7396
203 126 Car -1 -1 -10 204.8327 180.6639 303.7634 228.3579 1.4276 1.5936 3.8754 -11.8519 1.7116 24.2226 -11.0521 6.4200
203 128 Car -1 -1 -10 402.1649 177.7335 433.8405 199.7638 1.4474 1.5950 3.9042 -13.3788 1.8019 50.3338 -11.1119 1.5488
203 112 Car -1 -1 -10 572.6495 182.9648 621.4412 223.2799 1.2955 1.5924 3.5255 -0.4496 1.6833 25.8622 -14.1097 5.1792
203 116 Car -1 -1 -10 509.8079 179.4844 554.6218 211.1238 1.3533 1.6233 3.5137 -3.5840 1.6767 33.3773 -14.1151 6.2113
204 126 Car -1 -1 -10 153.2855 183.9962 274.5190 238.2358 1.4129 1.6180 4.1247 -11.8223 1.7821 21.7712 -11.0614 6.4961
204 128 Car -1 -1 -10 391.9153 181.0537 425.7874 204.2147 1.4292 1.5579 3.6627 -13.3030 1.9940 47.7662 -11.0953 1.3599
204 112 Car -1 -1 -10 572.5742 185.8546 621.8634 225.5958 1.2456 1.6266 3.5637 -0.5112 1.7396 25.5928 -14.1623 5.9785
204 116 Car -1 -1 -10 508.6320 181.7455 554.2893 213.9588 1.3600 1.6219 3.5040 -3.6008 1.7916 33.2160 -14.1066 6.9263
205 126 Car -1 -1 -10 90.9917 188.1390 235.0540 250.9241 1.4017 1.5681 4.0778 -11.7465 1.8536 19.2189 -11.0734 5.8262
205 128 Car -1 -1 -10 381.1771 183.2018 421.6738 208.3612 1.4671 1.7316 3.7922 -13.1708 2.1501 45.6394 -11.0732 2.0816
205 112 Car -1 -1 -10 570.9198 187.1759 620.3067 229.3176 1.3146 1.6238 3.5169 -0.5003 1.8557 25.4731 -14.1268 6.3293
205 116 Car -1 -1 -10 507.4775 183.5530 554.6957 216.3913 1.3707 1.6486 3.6267 -3.6081 1.8901 33.1585 -14.0999 6.1513
206 126 Car -1 -1 -10 9.0248 189.2929 189.2276 262.9338 1.4146 1.5919 3.9840 -11.7002 1.8446 16.8124 -11.0656 6.7052
206 128 Car -1 -1 -10 369.4304 184.1334 411.5321 209.9902 1.4011 1.6012 4.3076 -13.1291 2.1124 43.2545 -11.0929 1.6108
206 112 Car -1 -1 -10 569.7001 186.6455 619.1588 229.0547 1.3119 1.6116 3.6055 -0.5359 1.8306 25.3053 -14.1277 4.8180
206 116 Car -1 -1 -10 507.6326 183.9041 553.8040 217.0596 1.3779 1.6179 3.5921 -3.6111 1.9118 33.0161 -14.1069 6.0525
207 126 Car -1 -1 -10 0.0000 188.5353 129.1008 279.1149 1.4400 1.5904 4.1087 -11.6357 1.7970 14.3021 -11.0660 5.0012
207 128 Car -1 -1 -10 355.5142 181.7814 399.5925 208.1406 1.3680 1.5678 3.7968 -13.0978 1.8966 40.7314 -11.0836 2.7139
207 112 Car -1 -1 -10 569.3020 185.4003 621.2240 226.4888 1.2553 1.5976 3.4924 -0.4915 1.7195 24.8987 -14.1007 5.7132
207 116 Car -1 -1 -10 505.7599 181.5047 553.4087 214.2230 1.3665 1.6664 3.5159 -3.6456 1.7823 32.8628 -14.1025 6.5778
208 126 Car -1 -1 -10 0.0000 183.8427 50.2943 305.6934 1.5204 1.6594 4.5010 -11.5170 1.7356 11.7634 -11.1291 3.2126
208 128 Car -1 -1 -10 340.2400 178.8455 390.2144 206.9487 1.3845 1.6271 4.0080 -13.0242 1.7217 38.4938 -11.0843 2.8475
208 112 Car -1 -1 -10 569.2625 181.9285 620.1938 223.1449 1.2643 1.6185 3.5702 -0.5527 1.5981 24.7154 -14.1494 5.3048
208 116 Car -1 -1 -10 505.0848 177.5435 552.7161 210.2860 1.3815 1.6515 3.6624 -3.6704 1.6073 32.8285 -14.1063 5.3285
209 128 Car -1 -1 -10 323.1162 177.7836 378.7346 207.5986 1.3819 1.6217 3.9455 -12.9356 1.6430 36.1359 -11.0677 3.2185
209 112 Car -1 -1 -10 568.6049 179.4455 618.1630 221.5826 1.3021 1.5682 3.4693 -0.5518 1.5430 24.5839 -14.1247 6.0187
209 116 Car -1 -1 -10 505.6708 175.8935 552.4719 208.6640 1.3876 1.6467 3.6025 -3.6506 1.5334 32.7051 -14.1157 6.9731
210 129 Car -1 -1 -10 432.5128 170.0964 454.6438 189.6689 1.7876 1.6985 4.1170 -15.6827 1.5361 68.0554 -11.1386 1.2177
210 128 Car -1 -1 -10 300.5315 179.5765 362.9464 211.3369 1.3545 1.6637 3.9830 -12.9443 1.6879 33.6905 -11.0771 2.5097
210 112 Car -1 -1 -10 568.6901 181.6920 619.9616 222.6716 1.2408 1.6060 3.4946 -0.5367 1.5608 24.3455 -14.1370 5.6406
210 116 Car -1 -1 -10 506.4379 178.5129 552.7226 209.7091 1.3024 1.6106 3.6317 -3.6183 1.5730 32.6200 -14.1140 5.5251
211 128 Car -1 -1 -10 278.2318 181.1229 348.9763 215.9491 1.3699 1.6591 4.1064 -12.8731 1.7553 31.4878 -11.0678 3.8637
211 112 Car -1 -1 -10 568.7338 181.2550 619.4524 224.7770 1.3169 1.5842 3.5742 -0.5272 1.6213 24.3164 -14.1283 5.2964
211 116 Car -1 -1 -10 505.4092 178.6726 552.4336 210.5834 1.3309 1.6328 3.6605 -3.6461 1.6092 32.6143 -14.1129 5.9454
212 128 Car -1 -1 -10 252.8531 182.8932 330.5444 220.1220 1.3370 1.6316 3.9144 -12.7298 1.7689 29.0034 -11.0659 3.6189
212 112 Car -1 -1 -10 568.1383 180.5621 621.2795 225.4096 1.3526 1.6505 3.5303 -0.5886 1.6304 24.1721 -14.1761 4.4973
212 116 Car -1 -1 -10 505.9200 178.4980 553.3339 211.9060 1.3943 1.6096 3.6487 -3.6116 1.6641 32.5902 -14.0999 6.8839
213 128 Car -1 -1 -10 219.4858 184.5166 309.7481 225.5976 1.3403 1.7134 3.8012 -12.6552 1.8022 26.5992 -11.0611 4.0760
213 131 Car -1 -1 -10 411.5446 174.7730 443.8590 193.5883 1.5339 1.6278 3.9733 -15.4523 1.7025 61.2424 -10.9633 1.2201
213 112 Car -1 -1 -10 568.5991 184.2807 621.0507 226.6805 1.2419 1.6062 3.5239 -0.5330 1.6482 23.8583 -14.1498 6.0106
213 116 Car -1 -1 -10 506.1855 179.7403 553.5433 212.9740 1.3826 1.6430 3.5406 -3.5985 1.7108 32.5535 -14.1063 6.4494
214 128 Car -1 -1 -10 182.1415 187.3994 286.2768 232.3700 1.3145 1.7192 3.7945 -12.5588 1.8439 24.2941 -11.0575 5.1830
214 112 Car -1 -1 -10 567.1939 184.5185 620.1726 227.5104 1.2587 1.6221 3.5054 -0.5307 1.6729 23.8368 -14.1284 5.5584
214 116 Car -1 -1 -10 507.2056 181.2222 554.1605 213.3174 1.3255 1.6066 3.5073 -3.5579 1.7236 32.5089 -14.0990 5.3314
215 128 Car -1 -1 -10 139.5485 190.4709 256.9071 238.8040 1.2491 1.6192 3.8287 -12.4689 1.8358 22.0452 -11.0666 5.1919
215 112 Car -1 -1 -10 568.1743 184.4242 621.4160 227.0519 1.2403 1.5832 3.4299 -0.4818 1.6481 23.6699 -14.1095 6.0787
215 116 Car -1 -1 -10 506.4244 180.3158 553.8223 213.6223 1.3831 1.6640 3.4860 -3.5834 1.7380 32.5157 -14.1102 6.3937
216 128 Car -1 -1 -10 80.3694 189.0134 222.2943 247.6401 1.3424 1.5966 3.9572 -12.3561 1.8290 19.6743 -11.0728 4.7795
216 112 Car -1 -1 -10 568.2668 184.1598 620.1956 226.8222 1.2381 1.5729 3.4217 -0.5414 1.6347 23.5667 -14.1474 6.6798
216 116 Car -1 -1 -10 506.5064 179.8943 554.8039 212.6239 1.3604 1.6797 3.4861 -3.5593 1.6954 32.5219 -14.1016 7.1400
217 128 Car -1 -1 -10 4.5245 191.2515 182.9639 257.7176 1.2999 1.5845 4.1604 -12.2554 1.7991 17.4261 -11.0732 5.7406
217 131 Car -1 -1 -10 383.8090 172.5362 413.5614 196.4694 1.6608 1.7532 4.1406 -15.2923 1.6391 52.2730 -11.2023 1.3861
217 112 Car -1 -1 -10 567.7500 182.6192 620.3868 226.8964 1.2871 1.5880 3.5314 -0.5572 1.6301 23.5356 -14.1544 6.1137
217 116 Car -1 -1 -10 508.0236 178.5160 556.0263 211.8022 1.3903 1.6305 3.6643 -3.5072 1.6614 32.6343 -14.0945 6.4000
218 128 Car -1 -1 -10 0.0000 192.0925 129.1350 272.2917 1.3304 1.6384 4.1463 -12.2045 1.7907 15.1178 -11.0718 6.1217
218 112 Car -1 -1 -10 567.1404 181.1214 621.5353 226.5514 1.3302 1.5947 3.4723 -0.4917 1.6203 23.5246 -14.1062 4.9731
218 116 Car -1 -1 -10 507.6136 177.9531 554.3205 211.7662 1.4171 1.6667 3.7356 -3.5597 1.6617 32.6806 -14.1253 6.7500
219 128 Car -1 -1 -10 0.0000 190.1440 54.9931 293.5627 1.3826 1.6295 4.3743 -12.1859 1.7379 12.5965 -11.0289 1.8232
219 112 Car -1 -1 -10 566.8788 180.9219 620.2435 225.8445 1.3156 1.6111 3.5277 -0.5233 1.5990 23.5377 -14.1260 4.9468
219 116 Car -1 -1 -10 507.8026 177.9424 553.8586 209.6912 1.3294 1.6233 3.6089 -3.5615 1.5726 32.6126 -14.1182 5.7204
220 132 Car -1 -1 -10 354.3655 171.7814 400.5701 199.4635 1.6661 1.6921 4.1798 -14.6417 1.6019 45.5407 -11.0282 1.7625
220 112 Car -1 -1 -10 567.5287 180.5584 620.9411 224.3351 1.2793 1.6066 3.4280 -0.5504 1.5482 23.4190 -14.1547 5.3021
220 116 Car -1 -1 -10 508.1890 177.2309 554.1313 209.0568 1.3396 1.6397 3.6162 -3.5547 1.5493 32.6880 -14.1229 5.6706
221 133 Car -1 -1 -10 397.6065 176.0928 423.4759 195.0253 1.5005 1.5889 3.7469 -16.5251 1.7782 59.8195 -11.1329 1.1883
221 132 Car -1 -1 -10 341.6999 173.1578 388.3390 202.3364 1.6570 1.6737 4.3124 -14.6435 1.6765 43.2395 -11.0833 3.9521
221 112 Car -1 -1 -10 567.0518 180.6973 620.1286 224.8183 1.2820 1.5900 3.5454 -0.5783 1.5561 23.3896 -14.1601 5.4175
221 116 Car -1 -1 -10 507.4313 177.1029 553.3459 209.4447 1.3667 1.6426 3.4989 -3.5945 1.5701 32.7142 -14.1204 5.5941
222 133 Car -1 -1 -10 390.2809 176.5425 416.8922 196.5593 1.5293 1.6294 3.4969 -16.4862 1.8339 57.6597 -14.2926 2.3272
222 132 Car -1 -1 -10 327.3620 173.9829 377.7647 205.4778 1.6791 1.7194 4.2631 -14.5267 1.7468 40.8306 -11.0968 4.0563
222 112 Car -1 -1 -10 567.0348 180.2689 621.4042 224.9396 1.2977 1.6273 3.5307 -0.5965 1.5566 23.3557 -14.1819 4.8593
222 116 Car -1 -1 -10 507.8678 177.8738 554.1619 210.0300 1.3579 1.6364 3.5491 -3.5767 1.5991 32.8211 -14.1123 5.7724
223 132 Car -1 -1 -10 309.3294 175.0567 365.9801 207.1098 1.6016 1.7259 4.2221 -14.4921 1.7262 38.5216 -11.0746 2.7779
223 112 Car -1 -1 -10 565.2932 180.7628 618.4294 224.6542 1.2756 1.5929 3.6352 -0.6050 1.5530 23.4484 -14.1453 5.0988
223 116 Car -1 -1 -10 508.6712 177.8432 551.5887 209.1904 1.3285 1.6377 3.4506 -3.6269 1.5682 32.8706 -14.1561 6.3985
224 132 Car -1 -1 -10 289.4327 174.6415 351.7476 210.7553 1.6877 1.7670 4.1711 -14.4199 1.7828 36.0858 -11.0844 4.3699
224 112 Car -1 -1 -10 565.7661 180.9989 618.3921 224.0105 1.2497 1.5787 3.4251 -0.6428 1.5334 23.3590 -14.1719 5.3386
224 116 Car -1 -1 -10 508.6343 177.6276 551.2987 208.3727 1.3075 1.6127 3.5398 -3.6496 1.5381 33.0172 -14.1522 5.1893
225 132 Car -1 -1 -10 268.3444 175.7108 335.3087 214.1324 1.6700 1.7488 4.0703 -14.3723 1.8125 33.7853 -11.0955 5.0171
225 131 Car -1 -1 -10 362.2149 177.6685 396.3695 199.5291 1.4515 1.5994 3.7769 -16.2078 1.8036 50.7426 -11.1132 1.5031
225 112 Car -1 -1 -10 564.6247 180.9309 618.0983 224.6520 1.2703 1.6042 3.4522 -0.6800 1.5520 23.3709 -14.1809 4.7553
225 116 Car -1 -1 -10 506.7988 177.5348 552.4468 209.5360 1.3655 1.6691 3.6620 -3.6760 1.5929 33.1592 -14.1305 6.2768
226 132 Car -1 -1 -10 242.1977 176.8163 319.2587 219.6362 1.7177 1.8006 4.1039 -14.2848 1.9025 31.4593 -11.0858 6.0082
226 112 Car -1 -1 -10 562.8534 180.7086 616.0773 225.6751 1.3155 1.6043 3.6628 -0.6672 1.5925 23.5781 -14.1381 4.3273
226 116 Car -1 -1 -10 506.7331 178.4658 549.9902 210.1988 1.3550 1.6779 3.4590 -3.7410 1.6270 33.1745 -14.1609 6.4919
227 132 Car -1 -1 -10 210.9923 180.1009 300.1219 226.1684 1.6796 1.8426 4.2022 -14.2341 1.9947 29.1612 -11.0827 6.5734
227 131 Car -1 -1 -10 337.6616 181.4405 378.4063 207.0164 1.5191 1.6220 3.7145 -16.0674 2.0907 46.0733 -11.0915 1.7685
227 138 Car -1 -1 -10 829.1802 181.1558 878.5310 199.3546 1.5815 1.7102 4.3542 22.3036 2.3616 66.0272 -9.8893 1.4589
227 112 Car -1 -1 -10 562.7241 183.9408 615.6337 227.6501 1.2587 1.5921 3.5049 -0.7474 1.6471 23.4661 -14.1802 5.1340
227 116 Car -1 -1 -10 507.0868 182.0985 550.4956 212.9196 1.3043 1.6240 3.6023 -3.7468 1.7560 33.4195 -14.1420 6.0581
228 132 Car -1 -1 -10 176.9695 180.8512 277.2081 231.4095 1.6786 1.7875 4.2114 -14.1246 2.0003 26.8156 -11.0813 6.2016
228 131 Car -1 -1 -10 325.2186 182.1000 368.0358 208.5395 1.4916 1.5643 3.5866 -15.9863 2.0777 43.8535 -11.0813 1.6784
228 138 Car -1 -1 -10 829.3890 181.5500 877.9750 201.2198 1.6748 1.7263 4.3189 21.9062 2.4793 64.8869 -9.9525 1.4887
228 112 Car -1 -1 -10 561.5049 184.9950 614.7852 227.5245 1.2258 1.6151 3.4659 -0.8212 1.6532 23.5938 -14.2032 6.2684
228 116 Car -1 -1 -10 506.0805 181.2074 548.3862 213.6564 1.3885 1.6712 3.4475 -3.8335 1.7972 33.5202 -14.1673 5.7172
229 132 Car -1 -1 -10 132.4945 180.5968 247.8986 235.4967 1.6535 1.8325 4.0614 -14.0904 1.9386 24.4272 -11.0854 7.4659
229 131 Car -1 -1 -10 309.8098 182.7130 349.9823 209.6752 1.4179 1.5755 3.7337 -16.0470 2.0110 41.3874 -11.2058 1.6747
229 112 Car -1 -1 -10 560.8443 183.8617 614.3699 227.1606 1.2570 1.6120 3.5194 -0.8433 1.6463 23.6788 -14.2089 6.3630
229 116 Car -1 -1 -10 504.9312 181.9774 548.0855 213.5696 1.3538 1.6271 3.5015 -3.8849 1.8023 33.6847 -14.1418 5.6376
230 132 Car -1 -1 -10 80.8698 180.0332 215.8971 242.1895 1.6697 1.7942 4.1627 -13.9470 1.9109 22.0410 -11.0974 5.8140
230 131 Car -1 -1 -10 290.8973 182.2916 338.3221 212.2752 1.4875 1.6577 3.4958 -15.8734 2.0202 38.8320 -11.1695 2.5035
230 138 Car -1 -1 -10 831.7325 183.8408 879.5923 203.9834 1.6370 1.6988 4.0733 21.2240 2.6142 62.3661 -9.9708 1.1230
230 112 Car -1 -1 -10 559.3828 183.5825 611.3029 226.9567 1.2697 1.5854 3.5399 -0.8699 1.6509 23.8101 -14.1775 6.5685
230 116 Car -1 -1 -10 503.0151 181.8958 546.0453 212.9557 1.3348 1.6611 3.6683 -4.0038 1.7836 33.9329 -14.1571 5.4227
231 132 Car -1 -1 -10 14.3999 180.1911 179.0126 251.0564 1.6790 1.8071 4.2141 -13.8351 1.9022 19.7282 -11.0910 6.9376
231 131 Car -1 -1 -10 275.0329 182.9400 329.1295 213.2276 1.4121 1.5463 3.5345 -15.6297 1.9511 36.6954 -11.0952 2.1077
231 138 Car -1 -1 -10 832.9639 180.3618 883.9889 201.7723 1.7281 1.6559 4.3271 21.0953 2.3848 61.2835 -9.9439 1.1796
231 112 Car -1 -1 -10 557.2473 182.3015 609.0319 226.2011 1.3035 1.5922 3.4728 -0.9116 1.6402 23.9308 -14.1600 5.2656
231 116 Car -1 -1 -10 503.2775 180.7619 543.4814 211.6611 1.3428 1.6642 3.5453 -4.0823 1.7368 34.0986 -14.1923 6.2809
232 132 Car -1 -1 -10 0.0000 179.3365 130.9274 261.4629 1.6954 1.7071 4.3060 -13.7594 1.8728 17.4738 -11.0986 5.9451
232 131 Car -1 -1 -10 251.3093 181.2718 311.1710 215.9250 1.5197 1.6534 3.4935 -15.6263 1.9426 34.3750 -11.1282 5.0533
232 138 Car -1 -1 -10 831.0184 179.4578 885.3231 200.1626 1.6405 1.7151 4.3975 20.6483 2.2069 60.0706 -9.9028 1.0281
232 112 Car -1 -1 -10 556.0083 181.6515 607.8607 224.5526 1.2747 1.5979 3.6335 -1.0144 1.5911 24.0583 -14.1947 5.2703
232 116 Car -1 -1 -10 501.2041 178.6910 541.9284 209.5752 1.3618 1.6346 3.4317 -4.1838 1.6531 34.2172 -14.1744 6.6406
233 132 Car -1 -1 -10 0.0000 180.7558 70.4971 275.6962 1.6520 1.6879 4.2826 -13.6662 1.8422 15.1259 -11.0823 4.4073
233 131 Car -1 -1 -10 226.3701 182.7543 294.6085 217.9690 1.4279 1.6148 3.4327 -15.4757 1.8923 32.0363 -11.0835 4.4360
233 112 Car -1 -1 -10 554.6533 180.9894 606.0086 223.7754 1.2832 1.5911 3.5743 -1.0523 1.5765 24.1546 -14.1862 5.5318
233 116 Car -1 -1 -10 500.2277 178.8010 539.8276 209.4766 1.3590 1.6531 3.5247 -4.2880 1.6584 34.4718 -14.1959 5.4578
234 131 Car -1 -1 -10 196.9766 184.2739 272.4591 223.7102 1.4678 1.6283 3.3982 -15.3754 1.9657 29.6572 -11.1022 6.2196
234 112 Car -1 -1 -10 551.8504 181.3494 602.7340 224.9881 1.3205 1.5899 3.5824 -1.1249 1.6290 24.3532 -14.1689 4.4967
234 116 Car -1 -1 -10 497.7719 179.9606 536.8423 210.1378 1.3378 1.6753 3.4935 -4.4399 1.6971 34.6371 -14.2106 5.6342
235 131 Car -1 -1 -10 164.5878 186.9813 248.1389 229.4224 1.4316 1.5583 3.4292 -15.2241 2.0020 27.3200 -11.1086 5.5890
235 112 Car -1 -1 -10 550.4308 183.2498 601.5048 224.9519 1.2615 1.6089 3.4606 -1.2112 1.6401 24.4784 -14.1913 6.5323
235 116 Car -1 -1 -10 496.3133 181.7057 536.7138 212.1773 1.3527 1.6654 3.6526 -4.5186 1.8051 34.9785 -14.1881 5.5608
236 131 Car -1 -1 -10 119.4041 188.1192 220.6643 235.2897 1.4349 1.6563 3.5374 -15.1560 2.0032 24.9926 -11.1065 5.7025
236 112 Car -1 -1 -10 548.0854 185.0646 599.4148 226.2684 1.2431 1.6260 3.5687 -1.2767 1.6917 24.6644 -14.1834 5.1194
236 116 Car -1 -1 -10 494.3470 182.3173 534.3334 213.0792 1.3743 1.6693 3.5780 -4.6537 1.8603 35.1927 -14.1931 6.0406
237 131 Car -1 -1 -10 69.2809 188.9885 186.7913 241.1596 1.4188 1.6041 3.5938 -15.0288 1.9678 22.6564 -11.1093 5.7567
237 112 Car -1 -1 -10 547.2828 185.2671 596.9633 226.1419 1.2437 1.5867 3.5397 -1.3160 1.7023 24.8379 -14.1711 6.0494
237 116 Car -1 -1 -10 492.4339 182.6114 530.7540 212.0697 1.3222 1.6489 3.4770 -4.8142 1.8251 35.3650 -14.2101 4.6934
238 131 Car -1 -1 -10 2.7954 190.1624 144.7994 248.3642 1.4012 1.6176 3.5312 -14.9511 1.9325 20.2953 -11.0923 8.2570
238 138 Car -1 -1 -10 840.8698 185.7132 899.1327 210.3489 1.6928 1.6972 4.1160 19.1042 2.6694 53.0671 -9.9081 1.6590
238 112 Car -1 -1 -10 545.3755 185.4405 595.6255 226.0530 1.2435 1.6175 3.5979 -1.3861 1.7128 25.0515 -14.1752 4.7665
238 116 Car -1 -1 -10 490.8425 182.8709 528.5729 212.4429 1.3360 1.6510 3.4884 -4.9428 1.8560 35.6230 -14.2182 5.9458
239 131 Car -1 -1 -10 0.0000 190.1847 92.4139 257.6674 1.4226 1.5810 3.4410 -14.7873 1.8972 17.9380 -11.1171 6.4395
239 138 Car -1 -1 -10 843.9761 186.5583 905.8361 211.0348 1.6389 1.6226 4.3203 19.0163 2.6557 51.8456 -9.8734 2.4345
239 112 Car -1 -1 -10 544.2731 186.0855 594.5919 227.0370 1.2552 1.6281 3.6452 -1.4799 1.7520 25.1962 -14.2040 4.8559
239 116 Car -1 -1 -10 490.1422 183.4566 528.0989 211.6984 1.2805 1.6411 3.4740 -5.0033 1.8340 35.8488 -14.2091 4.5985
240 131 Car -1 -1 -10 0.0000 193.3470 33.5068 273.9492 1.4109 1.5967 3.6900 -14.5667 1.9077 15.5434 -11.1258 2.1791
240 138 Car -1 -1 -10 849.6688 187.0653 910.0440 210.3633 1.5177 1.6557 4.0708 18.9363 2.5491 50.6855 -9.8949 2.9954
240 112 Car -1 -1 -10 543.4356 186.1481 593.3646 226.2552 1.2474 1.6355 3.5730 -1.4604 1.7500 25.4471 -14.1660 5.2885
240 116 Car -1 -1 -10 489.0506 182.7010 526.7546 212.0524 1.3465 1.6655 3.5371 -5.1064 1.8653 36.1560 -14.2182 5.6347
241 138 Car -1 -1 -10 852.6913 185.1152 917.0817 209.8182 1.5799 1.6989 4.2387 18.8481 2.4508 49.5281 -9.8824 3.3893
241 112 Car -1 -1 -10 544.4459 184.9421 591.5403 224.8667 1.2615 1.5599 3.4702 -1.5618 1.7218 25.6644 -14.2092 5.6339
241 116 Car -1 -1 -10 488.8740 180.4158 524.4028 210.9880 1.4261 1.6905 3.5106 -5.2132 1.8274 36.4109 -14.2573 5.4517
242 138 Car -1 -1 -10 858.9711 186.6471 918.1182 211.2526 1.5320 1.6529 3.6747 18.5987 2.4846 48.2441 -9.8926 2.2330
242 112 Car -1 -1 -10 543.1628 181.8755 591.6445 223.2004 1.3332 1.6182 3.5313 -1.5836 1.6799 25.8826 -14.2030 4.8557
242 116 Car -1 -1 -10 489.7875 180.0497 525.8179 209.1014 1.3661 1.6233 3.5930 -5.1905 1.7511 36.7070 -14.2232 5.5509
243 138 Car -1 -1 -10 864.4807 185.6577 929.9270 210.7531 1.5183 1.7534 4.0504 18.7314 2.3852 47.1156 -9.9062 4.5903
243 140 Car -1 -1 -10 755.9465 182.6808 817.2476 206.9875 1.4052 1.5245 3.2770 10.6617 2.0169 43.7548 -9.6652 1.0334
243 112 Car -1 -1 -10 543.9791 181.6848 592.3201 222.4090 1.3204 1.6256 3.6956 -1.6112 1.6640 26.1315 -14.2236 5.5591
243 116 Car -1 -1 -10 490.2933 179.3617 528.8667 208.2963 1.3776 1.6670 3.5991 -5.1408 1.7285 37.0212 -14.1916 5.1333
244 138 Car -1 -1 -10 873.2770 185.3456 939.5038 211.8955 1.5693 1.5912 4.1135 18.8047 2.3915 45.8286 -9.8942 4.5175
244 140 Car -1 -1 -10 761.7083 183.8449 823.7248 209.3146 1.4270 1.5515 3.2188 10.7646 2.0961 42.6851 -9.7228 2.8350
244 112 Car -1 -1 -10 545.7179 182.0487 593.1027 222.5139 1.3252 1.6066 3.5828 -1.5118 1.6839 26.2879 -14.1874 4.4564
244 116 Car -1 -1 -10 491.3159 179.8275 528.4967 208.6925 1.3827 1.6423 3.5952 -5.1640 1.7614 37.2982 -14.2003 3.9781
245 138 Car -1 -1 -10 879.8061 189.2584 948.9288 216.8095 1.5686 1.6787 4.0278 18.7963 2.6203 44.6220 -9.8653 3.0465
245 140 Car -1 -1 -10 769.5509 186.9599 836.4109 214.1284 1.4689 1.5872 3.3977 11.0738 2.3067 41.5746 -9.7240 2.5979
245 112 Car -1 -1 -10 547.7221 185.7981 594.2906 224.5520 1.2613 1.5951 3.4425 -1.5218 1.7682 26.4519 -14.2199 5.3719
245 116 Car -1 -1 -10 493.3815 182.3991 530.0567 211.4771 1.3918 1.6802 3.3959 -5.0925 1.9107 37.4402 -14.2104 5.2875
246 138 Car -1 -1 -10 890.0672 191.1831 962.0544 219.9632 1.5848 1.6924 4.0621 18.9835 2.7288 43.4022 -12.9961 3.1266
246 140 Car -1 -1 -10 774.4330 189.0075 845.2595 217.4535 1.4806 1.6098 3.5456 11.1598 2.4168 40.4449 -9.7677 2.0508
246 112 Car -1 -1 -10 547.8054 186.4011 594.2713 225.6583 1.2823 1.6017 3.6104 -1.5116 1.8189 26.7024 -14.2059 5.4439
246 116 Car -1 -1 -10 494.2267 184.9769 529.9594 213.3141 1.3519 1.6610 3.6777 -5.1386 2.0217 37.9430 -14.2160 4.4198
247 138 Car -1 -1 -10 896.2869 192.2325 964.7054 221.8037 1.5717 1.7213 3.6689 18.6481 2.7445 42.0494 -9.8982 2.5026
247 140 Car -1 -1 -10 782.1408 191.3987 852.9939 219.6004 1.4193 1.5574 3.4326 11.2590 2.4627 39.2919 -9.7513 4.7732
247 112 Car -1 -1 -10 549.1731 187.7885 594.8266 226.7704 1.2766 1.5854 3.5475 -1.4915 1.8706 26.8520 -14.2092 4.8424
247 116 Car -1 -1 -10 495.7806 185.6668 530.0346 214.5490 1.3867 1.6720 3.5221 -5.1206 2.0963 38.1026 -14.2357 4.2451
248 138 Car -1 -1 -10 905.6201 192.8714 981.5888 223.8615 1.5980 1.6524 4.1118 18.8918 2.7786 40.9186 -9.8634 4.1410
248 140 Car -1 -1 -10 789.8025 189.5978 862.4514 219.4006 1.4640 1.5701 3.3785 11.3689 2.3781 38.1143 -9.7317 3.8288
248 112 Car -1 -1 -10 548.7179 188.5820 596.0277 226.6536 1.2504 1.5952 3.5302 -1.5090 1.8805 27.0501 -14.2392 5.0004
248 116 Car -1 -1 -10 497.2953 187.4175 532.4480 214.5481 1.3029 1.6611 3.3633 -5.0378 2.1105 38.2529 -14.2113 4.3016
249 138 Car -1 -1 -10 912.0620 192.2215 993.5911 225.1059 1.6521 1.7249 4.1732 18.8564 2.7629 39.7558 -9.8274 2.9312
249 140 Car -1 -1 -10 800.0785 191.3880 871.3182 222.4130 1.4757 1.4099 3.2940 11.5226 2.4569 36.9722 -9.7617 3.4365
249 112 Car -1 -1 -10 550.3499 187.2939 596.0366 226.0363 1.2950 1.6155 3.5201 -1.4826 1.8779 27.2882 -14.2155 5.1883
249 116 Car -1 -1 -10 498.1426 185.7316 530.2095 214.3397 1.3935 1.6282 3.6448 -5.1415 2.1195 38.7549 -14.2469 4.0349
250 138 Car -1 -1 -10 924.8067 191.1958 1005.3270 224.7649 1.6294 1.6417 4.1104 18.8725 2.6473 38.4072 -9.8652 3.5651
250 140 Car -1 -1 -10 803.5768 189.2402 884.7235 221.3303 1.4749 1.5569 3.5839 11.5507 2.3161 35.7440 -9.7283 3.0076
250 112 Car -1 -1 -10 551.1778 186.7826 596.1046 224.4957 1.2687 1.5786 3.5491 -1.4800 1.8347 27.4628 -14.2237 5.3475
250 116 Car -1 -1 -10 499.7288 183.4927 532.0475 211.7997 1.4009 1.6256 3.5949 -5.0788 2.0036 38.9801 -14.2366 5.1575
251 138 Car -1 -1 -10 933.7728 188.8192 1019.6936 224.3566 1.6851 1.7422 4.1346 18.9320 2.5473 37.3135 -9.8421 4.1161
251 140 Car -1 -1 -10 814.6312 188.1240 894.7397 218.5347 1.3578 1.5125 3.4047 11.7063 2.1178 34.6674 -9.7241 3.3037
251 112 Car -1 -1 -10 551.7994 182.7324 596.0793 220.6678 1.3090 1.5884 3.5934 -1.4559 1.7139 27.7008 -14.2032 5.5391
251 116 Car -1 -1 -10 499.5205 179.9756 534.2463 207.5772 1.3934 1.6776 3.6987 -5.0636 1.8006 39.3115 -14.2104 5.3959
252 138 Car -1 -1 -10 943.8829 188.1798 1032.3172 224.0694 1.6443 1.8032 3.9889 18.8529 2.4448 36.0516 -9.8310 4.6887
252 140 Car -1 -1 -10 821.9312 186.8809 909.2053 219.6079 1.4096 1.5993 3.6315 11.8520 2.0895 33.5955 -12.9049 4.3027
252 112 Car -1 -1 -10 552.3950 180.8831 596.5981 218.0795 1.3084 1.6023 3.5300 -1.3956 1.6397 27.9447 -14.1736 5.7962
252 116 Car -1 -1 -10 500.0181 179.6838 533.5942 206.0061 1.3397 1.6086 3.4607 -5.0867 1.7301 39.4238 -14.2031 5.0595
253 138 Car -1 -1 -10 957.5558 191.2408 1051.3398 227.3338 1.5727 1.7542 4.2792 19.0118 2.5037 34.8347 -9.8508 4.1816
253 140 Car -1 -1 -10 835.9746 189.1486 920.5927 223.5671 1.4333 1.4764 3.3103 11.9491 2.1888 32.2848 -9.6932 4.3469
253 112 Car -1 -1 -10 552.5728 182.3473 597.8212 219.6909 1.3131 1.6194 3.5876 -1.4554 1.7086 28.1716 -14.2257 5.5599
253 116 Car -1 -1 -10 502.2612 180.7610 534.2048 207.7683 1.3791 1.5759 3.6282 -5.0572 1.8362 39.8066 -14.2150 4.0412
254 138 Car -1 -1 -10 971.6121 195.0794 1066.4486 234.4081 1.6401 1.7419 4.0859 18.9787 2.7237 33.5422 -9.8406 2.6773
254 140 Car -1 -1 -10 845.0789 193.3134 932.9671 231.3082 1.5042 1.5606 3.2956 11.9973 2.4238 31.1636 -9.7397 3.2117
254 112 Car -1 -1 -10 554.1064 186.1426 597.6370 222.6703 1.2713 1.5955 3.5261 -1.3972 1.8249 28.2304 -14.1955 4.5914
254 116 Car -1 -1 -10 503.2336 183.7110 534.3938 211.3317 1.4041 1.6369 3.4851 -5.0430 2.0326 39.9243 -14.2415 5.2883
255 138 Car -1 -1 -10 984.4379 196.5066 1082.7129 237.1567 1.6250 1.7286 4.0578 18.9216 2.7365 32.2964 -9.8319 2.5655
255 140 Car -1 -1 -10 854.7440 194.8322 949.5611 233.9897 1.4859 1.5576 3.4185 12.0770 2.4365 29.9713 -9.7057 4.2409
255 112 Car -1 -1 -10 553.7115 186.6382 599.2350 222.0155 1.2315 1.5827 3.5491 -1.4154 1.8098 28.4020 -14.2423 5.3888
255 116 Car -1 -1 -10 503.8723 183.0426 536.6614 211.6375 1.4691 1.6908 3.6191 -5.0025 2.0648 40.2815 -14.2252 4.7911
256 138 Car -1 -1 -10 1001.6354 195.8107 1100.7449 238.4424 1.6453 1.6130 4.0219 18.9419 2.6821 31.0361 -9.8320 3.0278
256 140 Car -1 -1 -10 871.1684 193.4408 966.5001 233.4252 1.4567 1.4518 3.3431 12.2295 2.3099 28.6986 -9.7263 2.8227
256 112 Car -1 -1 -10 556.2447 185.3339 598.9657 221.9801 1.2979 1.5863 3.5078 -1.3378 1.8234 28.5660 -14.1894 4.4407
256 116 Car -1 -1 -10 505.7384 183.6962 536.6470 209.4008 1.3266 1.5748 3.3356 -4.9728 1.9602 40.4144 -14.2155 5.0285
257 138 Car -1 -1 -10 1015.4451 196.9322 1125.4069 240.4358 1.6000 1.7363 4.1968 19.0372 2.6514 29.8972 -9.8119 3.3697
257 140 Car -1 -1 -10 880.3721 193.0871 985.5729 235.5734 1.4834 1.5452 3.4577 12.2500 2.2886 27.5103 -9.6831 3.8153
257 112 Car -1 -1 -10 555.9721 185.7764 597.6527 220.9610 1.2548 1.5593 3.3471 -1.3600 1.7996 28.6901 -14.1819 4.9670
257 116 Car -1 -1 -10 505.4095 182.1280 536.0860 208.9608 1.3969 1.6436 3.5992 -5.0365 1.9449 40.7305 -14.2402 3.3861
258 138 Car -1 -1 -10 1034.3153 195.5069 1147.9702 242.4596 1.6541 1.7584 4.1432 19.0261 2.6030 28.5933 -9.8250 3.4098
258 140 Car -1 -1 -10 896.9467 193.8363 1001.9411 237.8736 1.4695 1.4445 3.3180 12.3062 2.2674 26.2891 -9.6915 4.4184
258 112 Car -1 -1 -10 553.1447 182.7266 597.9490 219.4204 1.3351 1.6044 3.6965 -1.4912 1.7614 29.2058 -14.2411 5.3465
258 116 Car -1 -1 -10 506.5438 181.3434 537.0807 207.5077 1.3760 1.6192 3.4838 -4.9990 1.8792 40.9263 -14.2292 4.6986
259 138 Car -1 -1 -10 1054.1472 194.7673 1170.2861 240.7465 1.5483 1.7241 3.9900 18.9804 2.4261 27.3330 -9.8148 3.8712
259 140 Car -1 -1 -10 913.7843 191.9583 1023.7984 237.5529 1.4534 1.4595 3.2993 12.4208 2.1489 25.1050 -9.6972 4.6026
259 112 Car -1 -1 -10 555.4372 182.0026 598.4022 217.4216 1.2987 1.5963 3.5423 -1.4329 1.6930 29.2338 -14.2231 5.5651
259 116 Car -1 -1 -10 506.5677 180.7485 538.8234 205.8339 1.3283 1.6147 3.4240 -4.9646 1.7972 41.0648 -14.1953 4.5091
260 138 Car -1 -1 -10 1076.7962 194.4256 1196.6219 242.7265 1.5566 1.6659 3.9467 19.0133 2.3827 26.1078 -9.8073 4.9749
260 140 Car -1 -1 -10 926.9856 191.0124 1047.9131 239.6961 1.4739 1.5683 3.4058 12.4631 2.1077 23.9564 -9.6956 3.9418
260 112 Car -1 -1 -10 557.4418 181.3523 598.7124 215.7773 1.2753 1.5837 3.6348 -1.3982 1.6454 29.5201 -14.2094 4.8550
260 116 Car -1 -1 -10 507.8216 179.8304 540.8202 204.7701 1.3331 1.6259 3.4902 -4.9032 1.7504 41.3403 -14.1813 4.1012
261 138 Car -1 -1 -10 1099.6771 193.0315 1227.0825 245.1767 1.5977 1.7211 4.0044 19.0380 2.3377 24.8813 -9.8201 4.0643
261 140 Car -1 -1 -10 945.2035 191.0061 1071.8153 243.3785 1.5000 1.5695 3.3879 12.4986 2.1039 22.7532 -9.7135 4.1797
261 112 Car -1 -1 -10 557.5458 179.6963 599.0477 215.3728 1.3412 1.6041 3.7517 -1.3812 1.6422 29.7800 -14.1977 5.5274
261 116 Car -1 -1 -10 508.1423 178.9756 541.5873 203.8396 1.3418 1.6361 3.5451 -4.9042 1.7106 41.6233 -14.1734 4.3432
262 138 Car -1 -1 -10 1130.9417 194.5103 1241.0000 249.2455 1.5897 1.6446 3.7642 19.0828 2.3437 23.6188 -9.8232 5.1161
262 140 Car -1 -1 -10 966.6776 192.9777 1101.8866 248.7691 1.5069 1.5279 3.4354 12.6027 2.1419 21.5520 -9.6989 5.4723
262 112 Car -1 -1 -10 558.5298 180.7460 599.9536 215.1836 1.2974 1.5862 3.7868 -1.3739 1.6475 30.0235 -14.2154 5.4221
262 116 Car -1 -1 -10 509.4351 177.4849 540.6268 204.0335 1.4488 1.6471 3.5666 -4.9236 1.7296 41.8538 -14.2113 4.2993
263 138 Car -1 -1 -10 1160.0105 195.4554 1241.0000 253.7132 1.5851 1.7211 3.8587 19.1615 2.3381 22.4414 -9.8527 3.9223
263 140 Car -1 -1 -10 990.2600 195.3014 1131.9408 253.3660 1.4610 1.5370 3.3624 12.6217 2.1308 20.3027 -9.7116 5.7042
263 112 Car -1 -1 -10 559.7139 182.2567 599.9845 215.6255 1.2613 1.5773 3.3772 -1.3058 1.6747 29.9678 -14.1860 5.1439
263 116 Car -1 -1 -10 510.8555 180.4459 540.1915 205.0881 1.3306 1.6227 3.5253 -4.9233 1.7915 41.9290 -14.2427 3.9373
264 138 Car -1 -1 -10 1186.5630 198.5069 1241.0000 258.4341 1.5481 1.6408 3.5318 18.9261 2.3443 21.0706 -9.7287 1.5499
264 140 Car -1 -1 -10 1017.7763 196.3552 1170.7395 258.7040 1.4658 1.4975 3.3793 12.6787 2.1232 19.0044 -9.6900 5.8056
264 112 Car -1 -1 -10 558.9925 183.3346 598.6719 217.2935 1.2890 1.5686 3.4985 -1.3825 1.7554 30.2873 -14.1992 5.6402
264 116 Car -1 -1 -10 511.2405 181.4363 542.8605 206.2613 1.3467 1.6090 3.5235 -4.8442 1.8702 42.1809 -14.1854 4.2781
265 140 Car -1 -1 -10 1048.7708 198.2295 1208.7566 263.2480 1.4168 1.4881 3.2567 12.6993 2.0828 17.7720 -9.6955 5.2507
265 112 Car -1 -1 -10 560.1965 183.6053 600.1319 216.8936 1.2679 1.5891 3.6068 -1.3431 1.7507 30.5247 -14.2006 5.7199
265 116 Car -1 -1 -10 511.8365 181.8196 545.9925 207.6340 1.4079 1.6784 3.6360 -4.7624 1.9587 42.4602 -14.1587 3.6057
266 140 Car -1 -1 -10 1081.5989 197.1466 1241.0000 269.8117 1.4697 1.4946 3.3841 12.7681 2.0658 16.5299 -9.6882 4.2969
266 112 Car -1 -1 -10 560.3087 185.8844 600.7268 218.3398 1.2331 1.5908 3.6602 -1.3495 1.8240 30.8115 -14.2143 5.1379
266 116 Car -1 -1 -10 513.2588 182.2686 542.7327 208.5273 1.4337 1.6576 3.6484 -4.8424 2.0152 42.6430 -14.2298 3.3290
267 140 Car -1 -1 -10 1120.0659 196.3211 1241.0000 278.3539 1.5140 1.5990 3.3434 12.8088 2.0595 15.4194 -9.7864 3.4157
267 112 Car -1 -1 -10 562.7442 186.1806 601.1410 218.7513 1.2470 1.5512 3.5390 -1.2889 1.8521 30.9238 -14.2018 4.4155
267 116 Car -1 -1 -10 514.1612 183.7397 546.0266 209.7041 1.4187 1.6734 3.6238 -4.7361 2.0932 42.8286 -14.1890 4.3704
268 140 Car -1 -1 -10 1164.6683 195.2853 1241.0000 281.6835 1.4570 1.5628 3.8049 13.0447 1.9467 14.3196 -9.7959 2.1328
268 112 Car -1 -1 -10 563.0592 185.9129 601.4280 218.7108 1.2686 1.5614 3.5647 -1.2436 1.8658 31.1617 -14.1777 3.9026
268 116 Car -1 -1 -10 515.6477 183.9020 547.1204 209.9134 1.4281 1.6565 3.6257 -4.6825 2.1158 43.0358 -14.1864 4.2093
269 112 Car -1 -1 -10 564.2144 183.0416 603.0429 216.6789 1.3292 1.5953 3.5372 -1.2280 1.7988 31.4193 -14.1958 6.2661
269 116 Car -1 -1 -10 516.4011 181.6217 547.8904 207.1301 1.4174 1.6845 3.5693 -4.6523 1.9646 43.1730 -14.1904 3.4683
270 112 Car -1 -1 -10 563.9827 183.2753 604.5513 215.8105 1.2913 1.6058 3.4653 -1.2135 1.7737 31.5781 -14.2215 5.2019
270 116 Car -1 -1 -10 518.3489 181.8670 548.3872 207.0721 1.4038 1.6789 3.5179 -4.5943 1.9677 43.2967 -14.2098 2.6890
271 112 Car -1 -1 -10 565.6263 186.7743 604.8746 220.5645 1.3349 1.6341 3.6256 -1.1823 1.9865 31.8937 -14.1986 4.7727
271 116 Car -1 -1 -10 519.2283 184.9562 548.1942 210.1227 1.3912 1.6646 3.7041 -4.6092 2.1557 43.6406 -14.2208 3.8228
272 112 Car -1 -1 -10 566.1930 190.6140 603.9830 223.6247 1.3017 1.5893 3.4864 -1.1226 2.1355 32.0994 -14.1564 4.8414
272 116 Car -1 -1 -10 520.6524 188.3074 549.5516 213.8144 1.4031 1.6433 3.5119 -4.5330 2.3782 43.6966 -14.2120 3.2624
273 112 Car -1 -1 -10 566.8951 192.9698 605.6139 225.6881 1.2786 1.6160 3.7030 -1.1556 2.2362 32.4321 -14.2031 5.0414
273 116 Car -1 -1 -10 521.9944 189.7103 550.3775 215.5110 1.4160 1.6505 3.6182 -4.5572 2.4877 43.9633 -14.2541 3.9891
274 112 Car -1 -1 -10 566.7324 191.4999 604.6188 225.0181 1.3330 1.6171 3.6836 -1.1550 2.2256 32.6506 -14.1785 5.0692
274 116 Car -1 -1 -10 522.1334 188.6410 552.0141 214.5629 1.4370 1.6096 3.6613 -4.4547 2.4437 44.1286 -14.1795 3.9109
275 112 Car -1 -1 -10 566.9033 188.7035 604.3601 220.9423 1.3040 1.6116 3.6534 -1.1788 2.0676 32.8793 -14.1865 6.1073
275 116 Car -1 -1 -10 521.6433 185.0945 550.4928 210.2290 1.4117 1.6333 3.7307 -4.5344 2.1962 44.3044 -14.2038 3.3724
276 112 Car -1 -1 -10 566.9630 185.8819 604.1729 216.9586 1.2806 1.6159 3.6666 -1.1967 1.9138 33.1736 -14.1894 5.6926
276 116 Car -1 -1 -10 520.8196 182.4384 551.2018 206.8648 1.3915 1.6146 3.6066 -4.5439 2.0055 44.3651 -14.1700 3.5471
277 112 Car -1 -1 -10 568.0828 179.3355 604.4555 210.3503 1.3259 1.5954 3.6213 -1.1729 1.6435 33.4650 -14.1881 4.5429
277 116 Car -1 -1 -10 522.1996 178.0834 549.7516 201.1968 1.3412 1.6260 3.5942 -4.6138 1.6783 44.5867 -14.2434 3.0727
278 112 Car -1 -1 -10 566.9604 176.5823 603.0696 206.3710 1.2923 1.5901 3.6675 -1.1981 1.4760 33.6219 -14.1685 5.3704
278 116 Car -1 -1 -10 522.2322 174.7997 552.7474 198.0623 1.3717 1.6072 3.6316 -4.4845 1.4975 44.6837 -14.1601 3.3331
279 112 Car -1 -1 -10 568.3178 175.2395 603.9514 205.4124 1.3317 1.5865 3.3244 -1.1628 1.4494 33.7998 -14.1734 4.5906
279 116 Car -1 -1 -10 522.9997 174.6024 550.4146 198.4078 1.4088 1.6242 3.5988 -4.5512 1.5223 44.8300 -14.2181 3.8153
280 112 Car -1 -1 -10 569.3582 179.7833 604.4628 209.8460 1.3145 1.5744 3.4623 -1.1179 1.6592 34.1032 -14.1616 4.4248
280 116 Car -1 -1 -10 523.2788 178.5287 551.3053 202.8353 1.4250 1.6176 3.7211 -4.5401 1.7951 45.0997 -14.2030 4.0892
281 112 Car -1 -1 -10 570.0238 186.0930 605.3830 215.1212 1.2396 1.5930 3.6205 -1.1137 1.9036 34.3267 -14.1756 4.1062
281 116 Car -1 -1 -10 522.7348 184.6710 555.7684 208.0629 1.3428 1.6291 3.6203 -4.4132 2.1117 45.0943 -14.1131 4.2583
282 112 Car -1 -1 -10 568.8618 187.0806 605.5097 217.8163 1.3251 1.6558 3.4717 -1.1736 2.0416 34.5362 -14.1965 4.6967
282 116 Car -1 -1 -10 523.3238 185.1757 552.2910 210.1380 1.4377 1.6318 3.6347 -4.5219 2.2424 45.2423 -14.1874 3.3180
283 112 Car -1 -1 -10 569.8827 187.0419 604.4345 217.5679 1.3296 1.5818 3.3903 -1.1360 2.0469 34.7399 -14.1671 5.0971
283 116 Car -1 -1 -10 523.9344 184.7369 552.2295 209.9727 1.4550 1.6522 3.8370 -4.5212 2.2359 45.4228 -14.2043 3.5462
284 112 Car -1 -1 -10 569.3521 186.4362 603.6782 214.2496 1.2127 1.5796 3.5480 -1.1465 1.9053 34.9864 -14.1519 4.1889
284 116 Car -1 -1 -10 523.5188 182.7797 553.3795 207.9475 1.4659 1.6954 3.7833 -4.5023 2.1185 45.4794 -14.1879 3.6630
285 112 Car -1 -1 -10 570.4648 182.5486 605.7117 213.4325 1.3801 1.6325 3.5751 -1.1396 1.8781 35.2107 -14.1853 4.7865
285 116 Car -1 -1 -10 525.1534 182.4971 554.1736 205.9285 1.3711 1.5937 3.5287 -4.4297 2.0032 45.4787 -14.1684 3.1546
286 112 Car -1 -1 -10 572.3489 182.3811 606.0435 212.8117 1.3705 1.5722 3.5953 -1.0882 1.8634 35.4696 -14.1810 4.7556
286 116 Car -1 -1 -10 525.7730 181.6337 555.1399 205.3869 1.3965 1.6360 3.6491 -4.3935 1.9748 45.6408 -14.1734 4.4388
287 112 Car -1 -1 -10 573.1426 186.7203 606.9843 214.0819 1.2099 1.5840 3.5472 -1.0564 1.9282 35.5462 -14.1850 4.9696
287 116 Car -1 -1 -10 525.6259 180.9192 555.3833 206.3038 1.4993 1.7205 3.8443 -4.4055 2.0339 45.8274 -14.1903 3.4390
288 112 Car -1 -1 -10 574.3680 186.5048 607.0620 214.3162 1.2394 1.5388 3.5390 -1.0315 1.9499 35.7284 -14.1855 4.6320
288 116 Car -1 -1 -10 527.2953 183.6263 558.4187 206.8667 1.3605 1.6593 3.6473 -4.2510 2.0714 45.7608 -14.1436 3.5130
289 112 Car -1 -1 -10 574.4334 182.8620 608.8125 212.7674 1.3655 1.6290 3.5929 -0.9750 1.8904 35.9897 -14.1738 4.6596
289 116 Car -1 -1 -10 527.6471 182.8862 557.7085 205.6727 1.3393 1.6626 3.5400 -4.2656 2.0010 45.7724 -14.1617 3.8849
290 112 Car -1 -1 -10 574.8518 182.7515 610.0838 209.8967 1.2398 1.5747 3.5908 -0.9585 1.7615 36.1526 -14.2145 5.5422
290 116 Car -1 -1 -10 529.5930 180.5504 559.4090 203.4339 1.3603 1.5793 3.6601 -4.1657 1.8704 45.9536 -14.1401 4.4046
291 112 Car -1 -1 -10 577.6244 183.0066 610.6688 209.5293 1.2170 1.5819 3.5953 -0.8728 1.7544 36.3351 -14.1794 5.4131
291 116 Car -1 -1 -10 530.6690 180.4829 560.2472 202.9660 1.3355 1.6205 3.5949 -4.1004 1.8403 45.8964 -14.1540 4.4894
292 151 Car -1 -1 -10 411.2989 180.9236 435.9715 198.5405 1.5079 1.6138 3.6960 -16.8877 2.2615 65.4303 -11.0923 1.1624
292 112 Car -1 -1 -10 578.4363 182.8201 612.2877 211.5760 1.3322 1.5935 3.5349 -0.8182 1.8615 36.4848 -14.1905 3.9898
292 116 Car -1 -1 -10 531.2354 182.1452 561.1738 205.5127 1.3827 1.6542 3.6677 -4.0618 1.9994 46.0118 -14.1561 3.7162
293 112 Car -1 -1 -10 581.0493 182.4933 614.4312 211.8372 1.3689 1.5863 3.6495 -0.6191 1.8841 36.6993 -14.1228 4.5988
293 116 Car -1 -1 -10 532.3873 181.8159 562.2761 206.1769 1.4461 1.6672 3.6469 -3.9912 2.0410 46.0239 -14.1585 3.9505
294 112 Car -1 -1 -10 582.0289 183.0742 614.4598 209.4062 1.2232 1.5712 3.5780 -0.6756 1.7698 36.7436 -14.1754 5.5662
294 116 Car -1 -1 -10 533.7568 180.8192 562.7121 203.8215 1.3721 1.6383 3.6054 -3.9437 1.9018 46.1246 -14.1640 3.8856
295 153 Car -1 -1 -10 383.2155 179.4933 414.1889 199.7610 1.4944 1.6256 3.7516 -16.5039 2.0317 56.4101 -14.2257 1.2705
295 112 Car -1 -1 -10 582.4543 180.2127 616.6216 208.2764 1.3302 1.5863 3.5275 -0.5316 1.7254 36.9242 -14.1046 4.8553
295 116 Car -1 -1 -10 533.5490 180.2209 561.8865 203.5280 1.3918 1.6120 3.6875 -3.9775 1.8823 46.1347 -14.1696 3.9861
296 112 Car -1 -1 -10 583.3771 183.0996 615.3837 209.9960 1.2612 1.5653 3.6744 -0.6233 1.8151 37.1155 -14.1733 5.4830
296 116 Car -1 -1 -10 534.6776 180.3065 562.5260 203.1693 1.3644 1.6163 3.5224 -3.9132 1.8586 46.0177 -14.1774 3.4284
297 155 Car -1 -1 -10 356.4567 183.3053 395.7226 207.4596 1.5689 1.6707 3.3574 -16.1979 2.3182 50.0139 -11.0080 3.6950
297 112 Car -1 -1 -10 583.4226 183.8144 615.9844 212.4711 1.3508 1.5980 3.6295 -0.5340 1.9442 37.2190 -14.1319 4.9615
297 116 Car -1 -1 -10 535.2208 183.7147 563.1828 206.7510 1.3570 1.6360 3.5520 -3.8744 2.0773 46.0171 -14.1805 3.2431
298 156 Car -1 -1 -10 339.0899 184.5477 384.6094 209.9525 1.5385 1.6980 3.3841 -16.1451 2.3286 47.0033 -10.9571 1.9496
298 112 Car -1 -1 -10 584.4063 187.2139 617.4642 216.1332 1.3503 1.6283 3.6682 -0.5190 2.1313 37.3728 -14.1561 4.3736
298 116 Car -1 -1 -10 534.3365 185.1247 561.7428 209.9083 1.4548 1.6295 3.6997 -3.9560 2.2716 46.1147 -14.1907 3.2053
299 157 Car -1 -1 -10 319.1820 183.8785 368.1466 210.2282 1.4815 1.6742 3.5921 -16.1681 2.1798 43.8748 -11.0024 3.2830
299 112 Car -1 -1 -10 584.5108 187.6435 617.8099 215.2868 1.2912 1.6152 3.4971 -0.5346 2.0945 37.3885 -14.1806 4.0455
299 116 Car -1 -1 -10 534.3578 185.2886 566.0473 209.8868 1.4450 1.6426 3.6821 -3.8143 2.2723 46.1225 -14.1144 3.3116
300 158 Car -1 -1 -10 298.4499 181.3097 349.0514 208.0482 1.4021 1.5395 3.5171 -16.1342 1.9007 40.7351 -11.0213 4.1757
300 112 Car -1 -1 -10 583.9951 186.6362 616.4407 213.7775 1.2715 1.6059 3.7046 -0.5584 2.0251 37.5640 -14.1569 4.8558
300 116 Car -1 -1 -10 534.4353 183.1936 564.3799 206.9327 1.4032 1.6283 3.6310 -3.8615 2.0896 46.0522 -14.1428 3.4980
301 159 Car -1 -1 -10 270.8251 180.2511 330.0278 209.2268 1.4003 1.6063 3.6808 -16.1289 1.8061 37.6820 -11.0256 4.4684
301 112 Car -1 -1 -10 583.9999 183.3755 616.6682 211.5932 1.3487 1.6202 3.6667 -0.5006 1.9257 37.6999 -14.1262 4.4422
301 116 Car -1 -1 -10 533.2437 182.9692 561.7720 205.7211 1.3443 1.5722 3.4652 -3.9752 2.0130 45.9263 -14.1534 3.9604
302 160 Car -1 -1 -10 240.2152 179.5575 305.5650 210.8630 1.3869 1.5154 3.6064 -16.1056 1.7253 34.5626 -11.0186 4.9448
302 112 Car -1 -1 -10 584.8005 183.4931 616.0725 209.8888 1.2658 1.5616 3.5303 -0.5093 1.8495 37.7914 -14.1337 4.4974
302 116 Car -1 -1 -10 531.8973 181.5386 560.9655 204.8547 1.3843 1.6342 3.6085 -4.0498 1.9606 46.0219 -14.1646 4.5392
303 161 Car -1 -1 -10 200.4024 180.9294 278.6357 216.1057 1.4041 1.6284 3.5090 -16.0537 1.7753 31.3698 -11.0054 5.5411
303 112 Car -1 -1 -10 585.8487 183.0753 617.9499 211.3564 1.3613 1.6073 3.7496 -0.4950 1.9268 37.9953 -14.1650 3.5295
303 116 Car -1 -1 -10 532.9711 182.4872 562.1809 205.8170 1.3793 1.6107 3.5735 -3.9703 2.0171 45.9423 -14.1539 3.5061
304 162 Car -1 -1 -10 152.9249 180.3414 245.7156 219.9165 1.4193 1.6406 3.5368 -16.0468 1.7319 28.3158 -10.9993 5.0189
304 112 Car -1 -1 -10 586.1780 182.1006 618.0658 208.2954 1.2704 1.6011 3.4897 -0.4392 1.7798 37.9718 -14.1406 3.9628
304 116 Car -1 -1 -10 532.4833 180.6009 565.9003 203.0370 1.3321 1.6028 3.4812 -3.8587 1.8442 45.8677 -14.0669 4.8865
305 163 Car -1 -1 -10 89.8819 179.0549 203.8096 223.1695 1.4007 1.7035 3.4774 -16.0552 1.6323 25.1521 -10.9793 6.6450
305 112 Car -1 -1 -10 586.2301 177.9616 618.5953 205.4234 1.3551 1.5866 3.6747 -0.4783 1.6389 38.1680 -14.1815 4.6733
305 116 Car -1 -1 -10 532.5037 176.9631 563.0225 199.3072 1.3453 1.5752 3.7833 -3.9635 1.6187 46.0411 -14.1239 3.1944
306 164 Car -1 -1 -10 12.8067 177.1217 150.7549 228.6335 1.4288 1.6732 3.4865 -16.0210 1.5699 22.0463 -10.9991 7.1404
306 112 Car -1 -1 -10 585.6299 177.8041 619.1087 203.9063 1.2956 1.6264 3.6420 -0.4005 1.5718 38.3582 -14.1046 3.7926
306 116 Car -1 -1 -10 531.3105 174.9835 562.9812 198.6662 1.4354 1.6595 3.7067 -3.9922 1.5768 45.9257 -14.1271 4.1075
307 165 Car -1 -1 -10 0.0000 179.2530 83.7368 239.7212 1.4208 1.5359 3.4032 -15.9184 1.6051 19.0258 -11.0099 4.6918
307 112 Car -1 -1 -10 587.4114 179.4087 619.1867 205.5443 1.2905 1.6088 3.5657 -0.3938 1.6552 38.3133 -14.1468 4.1413
307 116 Car -1 -1 -10 531.4345 178.9893 561.6968 200.4931 1.2816 1.5992 3.5802 -4.0225 1.6868 45.8154 -14.1343 4.3176
308 166 Car -1 -1 -10 820.8594 171.9139 867.5326 197.4279 1.9284 1.7230 4.4113 18.3578 1.8577 56.8387 -11.1394 1.1810
308 112 Car -1 -1 -10 586.5222 179.5949 619.1485 207.1140 1.3628 1.6109 3.8447 -0.4626 1.7425 38.6446 -14.1823 3.6455
308 116 Car -1 -1 -10 532.0096 178.8988 561.0217 201.7473 1.3616 1.6127 3.6438 -4.0258 1.7612 45.8115 -14.1624 3.7429
309 112 Car -1 -1 -10 586.7140 182.2162 619.3335 207.7565 1.2571 1.5510 3.4058 -0.3712 1.7799 38.5236 -14.0895 3.9740
309 116 Car -1 -1 -10 531.0059 180.5162 562.1734 203.5766 1.3677 1.5976 3.5150 -4.0147 1.8727 45.7445 -14.1158 3.6981
310 112 Car -1 -1 -10 586.0248 183.0808 616.7698 208.5484 1.2548 1.5751 3.4777 -0.4623 1.8284 38.6958 -14.1281 4.9409
310 116 Car -1 -1 -10 530.1963 180.1943 562.2793 203.4455 1.3774 1.6424 3.6508 -4.0345 1.8619 45.7458 -14.1167 3.9194
311 112 Car -1 -1 -10 587.4899 180.2599 618.4346 207.3170 1.3557 1.5717 3.6789 -0.3775 1.7756 39.0186 -14.1185 4.2324
311 116 Car -1 -1 -10 529.2325 178.7958 558.9680 201.8517 1.3706 1.6035 3.7046 -4.1691 1.7628 45.7159 -14.1527 3.2411
312 112 Car -1 -1 -10 586.5212 179.4691 616.9476 207.6042 1.4204 1.5721 3.5694 -0.4902 1.7954 39.0648 -14.1519 3.9016
312 116 Car -1 -1 -10 528.3745 179.2298 557.8674 202.3091 1.3697 1.6065 3.4679 -4.2171 1.7879 45.5343 -14.1565 4.3362
313 112 Car -1 -1 -10 586.2679 183.9145 616.9532 210.7172 1.3359 1.5852 3.4874 -0.5281 1.9642 39.1911 -14.1717 4.0682
313 116 Car -1 -1 -10 527.2719 181.9171 556.7549 205.6942 1.3943 1.6860 3.5444 -4.2823 1.9889 45.4971 -14.1834 4.9254
314 112 Car -1 -1 -10 586.6185 186.1475 616.7692 212.4199 1.2993 1.5689 3.6099 -0.5094 2.0582 39.3469 -14.1597 3.1197
314 116 Car -1 -1 -10 525.6689 182.8422 559.5226 207.0130 1.4080 1.6838 3.7410 -4.2384 2.0643 45.4879 -14.1081 3.9763
315 112 Car -1 -1 -10 585.5672 183.9160 615.9125 209.7400 1.2978 1.5823 3.3996 -0.5774 1.9297 39.4642 -14.1723 3.8510
315 116 Car -1 -1 -10 525.9885 181.3841 554.6056 205.7263 1.4249 1.6684 3.6207 -4.3807 1.9839 45.3934 -14.1984 5.0215
316 112 Car -1 -1 -10 585.5064 181.5509 615.8844 207.6204 1.3255 1.5958 3.6358 -0.5331 1.8266 39.7201 -14.1414 3.6743
316 116 Car -1 -1 -10 524.2991 178.9638 555.8381 202.9155 1.4156 1.6680 3.4644 -4.3817 1.8140 45.2664 -14.1441 4.0236
317 112 Car -1 -1 -10 584.3327 180.0388 614.5609 205.6845 1.3204 1.5975 3.4781 -0.6102 1.7352 39.8714 -14.1464 4.7657
317 116 Car -1 -1 -10 523.6812 178.4999 553.1892 201.3026 1.3430 1.5796 3.4903 -4.4726 1.7103 45.1293 -14.1604 3.7283
318 112 Car -1 -1 -10 584.9540 179.8442 615.0062 204.9159 1.2971 1.5950 3.4621 -0.5676 1.7020 40.0232 -14.1368 4.2634
318 116 Car -1 -1 -10 523.5493 178.8014 552.6537 200.7268 1.2867 1.5686 3.4700 -4.4863 1.6729 45.0506 -14.1656 3.8704
319 112 Car -1 -1 -10 586.3645 179.4934 615.5547 204.6193 1.3052 1.5536 3.4537 -0.5337 1.6908 40.1292 -14.1466 4.3592
319 116 Car -1 -1 -10 521.7851 177.4441 555.3093 200.8353 1.3773 1.6589 3.5442 -4.4460 1.6752 44.9773 -14.1127 3.8013
320 112 Car -1 -1 -10 585.8972 180.0187 615.7416 205.2006 1.3110 1.5944 3.4494 -0.5304 1.7284 40.2701 -14.1393 3.6129
320 116 Car -1 -1 -10 522.5247 178.5991 553.4695 201.0346 1.3134 1.5559 3.3349 -4.4649 1.6836 44.7706 -14.1266 3.5360
320 167 Car -1 -1 -10 0.0000 207.9847 153.4335 374.0000 1.4379 1.5852 3.7726 -3.7130 1.6534 2.4731 -14.0583 1.9286
321 112 Car -1 -1 -10 587.6883 184.0266 617.6282 208.8081 1.2755 1.6081 3.5281 -0.4613 1.9308 40.5159 -14.1548 4.9895
321 116 Car -1 -1 -10 521.9378 180.5866 552.7963 205.2754 1.4310 1.6755 3.6980 -4.5096 1.9324 44.8723 -14.1726 3.7790
321 167 Car -1 -1 -10 0.0000 202.0114 180.7783 374.0000 1.4962 1.6309 3.8352 -3.7104 1.6869 2.7599 -14.0986 3.1446
322 112 Car -1 -1 -10 588.4242 183.4353 617.5711 208.0631 1.2753 1.5716 3.5852 -0.4160 1.8988 40.6956 -14.1385 4.2380
322 116 Car -1 -1 -10 521.6706 180.3303 555.0690 203.7383 1.3533 1.6547 3.6770 -4.4326 1.8365 44.7453 -14.1218 4.3431
322 167 Car -1 -1 -10 0.0000 201.8523 209.1946 374.0000 1.4943 1.6620 3.6666 -3.7112 1.6977 3.2007 -14.1183 3.6212
323 112 Car -1 -1 -10 589.0338 179.5013 619.1473 204.9725 1.3464 1.6103 3.5162 -0.4056 1.7396 40.8541 -14.1719 3.8680
323 116 Car -1 -1 -10 521.9770 177.8556 552.1761 201.6871 1.3869 1.6365 3.6919 -4.5064 1.7098 44.6518 -14.1760 4.0055
323 167 Car -1 -1 -10 0.0000 199.0523 241.2516 374.0000 1.4784 1.6768 3.6175 -3.6821 1.6764 3.6272 -14.1316 4.3552
324 112 Car -1 -1 -10 589.6693 177.5408 619.3674 202.7333 1.3474 1.6163 3.6431 -0.3355 1.6265 41.0882 -14.1379 3.3474
324 116 Car -1 -1 -10 521.4665 176.5118 550.9365 200.1306 1.3765 1.6351 3.5844 -4.5418 1.6115 44.4493 -14.1902 4.0152
324 167 Car -1 -1 -10 0.0000 196.8995 265.0921 374.0000 1.4661 1.6614 3.7153 -3.6719 1.6599 3.9364 -14.1276 4.5760
325 112 Car -1 -1 -10 590.4921 179.2372 619.3457 204.0204 1.3233 1.5683 3.4546 -0.2903 1.7032 41.1597 -14.1210 2.4543
325 116 Car -1 -1 -10 520.6659 177.5814 548.2978 201.4395 1.3811 1.5874 3.6212 -4.6412 1.6844 44.3699 -14.2123 4.1570
325 167 Car -1 -1 -10 0.0000 197.7444 288.8295 374.0000 1.4452 1.6229 3.8676 -3.6603 1.6631 4.3638 -14.1445 4.3346
326 112 Car -1 -1 -10 590.9653 180.1182 619.4645 205.3229 1.3520 1.5675 3.4067 -0.2990 1.7862 41.3864 -14.1373 3.4133
326 116 Car -1 -1 -10 519.2696 179.2521 550.8917 203.8238 1.4132 1.6267 3.4106 -4.5752 1.8199 44.1057 -14.1512 3.5287
326 167 Car -1 -1 -10 0.0000 194.8576 306.4297 374.0000 1.4649 1.6123 3.7268 -3.6007 1.6650 4.6765 -14.1463 4.4555
327 112 Car -1 -1 -10 590.0690 183.2886 619.1193 207.7936 1.2955 1.6018 3.8061 -0.3580 1.9264 41.6852 -14.1501 4.8288
327 116 Car -1 -1 -10 517.5183 180.6104 547.3935 206.8175 1.4894 1.6986 3.6968 -4.7267 1.9837 44.0393 -14.2124 3.7567
327 167 Car -1 -1 -10 0.0000 194.8440 327.4834 374.0000 1.4861 1.6012 3.7051 -3.6460 1.7010 5.1629 -14.1096 5.9976
328 112 Car -1 -1 -10 589.5072 183.9014 618.2707 207.9630 1.2788 1.5935 3.4976 -0.4223 1.9454 41.7410 -14.1653 4.7845
328 116 Car -1 -1 -10 515.0546 182.3753 545.6633 207.5972 1.4156 1.6814 3.6497 -4.8264 2.0185 43.7841 -14.2008 3.5688
328 167 Car -1 -1 -10 0.0000 194.4998 341.4015 374.0000 1.4922 1.6203 3.7406 -3.6528 1.7156 5.5494 -14.1216 6.7189
329 112 Car -1 -1 -10 587.8709 183.7608 616.7317 207.9409 1.2903 1.6021 3.6545 -0.5186 1.9539 42.0222 -14.1689 3.3800
329 116 Car -1 -1 -10 511.8734 182.4956 543.1877 208.1531 1.4321 1.6237 3.8312 -4.9843 2.0423 43.6856 -14.1814 3.6636
329 167 Car -1 -1 -10 0.0000 194.2386 354.1275 374.0000 1.4817 1.5929 3.7893 -3.6189 1.7120 5.8516 -14.1251 6.0989
330 112 Car -1 -1 -10 585.2642 182.5824 614.4491 207.4631 1.3383 1.5801 3.7073 -0.6637 1.9328 42.1744 -14.1848 4.3469
330 116 Car -1 -1 -10 507.9378 182.6621 541.5695 207.5077 1.3787 1.6924 3.6904 -5.1154 1.9942 43.3812 -14.1667 3.8990
330 167 Car -1 -1 -10 0.0000 194.5874 365.4951 374.0000 1.4740 1.6192 3.8490 -3.6343 1.7195 6.2044 -14.1285 7.0028
331 112 Car -1 -1 -10 584.0894 179.8932 613.3841 207.0488 1.4892 1.6464 3.6820 -0.7134 1.9213 42.3916 -14.1620 3.7128
331 116 Car -1 -1 -10 504.7057 181.6512 538.8709 207.0771 1.4093 1.6283 3.5845 -5.2524 1.9563 43.0336 -14.1450 3.3797
331 167 Car -1 -1 -10 0.0000 196.4927 372.8643 374.0000 1.4348 1.5968 3.8158 -3.6208 1.7131 6.5647 -14.1479 6.9460
332 112 Car -1 -1 -10 581.7603 181.2290 610.6759 205.7025 1.3382 1.5945 3.5650 -0.8809 1.8532 42.5157 -14.1865 3.1159
332 116 Car -1 -1 -10 503.6670 181.0319 536.5340 205.7982 1.3690 1.6106 3.4396 -5.3236 1.8739 42.7723 -14.1643 4.0406
332 167 Car -1 -1 -10 0.0000 192.2402 382.9507 374.0000 1.4508 1.6507 3.8288 -3.6530 1.6878 6.8895 -14.1360 6.7929
333 112 Car -1 -1 -10 580.5147 180.1804 608.7377 204.5860 1.3455 1.6001 3.6619 -0.9593 1.7987 42.7422 -14.1662 4.4235
333 116 Car -1 -1 -10 500.1337 179.5071 532.4702 204.2600 1.3644 1.6664 3.5695 -5.5237 1.7744 42.5894 -14.2012 4.8845
333 167 Car -1 -1 -10 8.9666 189.3360 391.0877 374.0000 1.4521 1.6719 3.9101 -3.6611 1.6633 7.2600 -14.1522 7.2592
334 112 Car -1 -1 -10 578.2688 178.2517 607.0638 202.5854 1.3578 1.6152 3.6051 -1.0998 1.6930 42.9162 -14.1877 3.8119
334 116 Car -1 -1 -10 495.9328 178.1864 529.4852 202.8034 1.3545 1.6992 3.5323 -5.6958 1.6809 42.2996 -14.1984 4.0115
334 167 Car -1 -1 -10 49.7578 181.5702 400.7733 374.0000 1.4844 1.6166 3.9141 -3.6606 1.6009 7.6491 -14.1302 8.2124
335 112 Car -1 -1 -10 575.8237 178.1882 604.1617 201.4451 1.3026 1.5574 3.2580 -1.2530 1.6322 42.8559 -14.2031 3.1666
335 116 Car -1 -1 -10 492.9701 176.4089 527.3095 201.3992 1.3745 1.6207 3.3690 -5.7896 1.5896 41.8758 -14.1661 3.7376
335 167 Car -1 -1 -10 79.5958 180.4945 405.3343 359.4235 1.4572 1.6159 3.8461 -3.6827 1.5624 7.9682 -14.1286 7.9795
336 112 Car -1 -1 -10 573.7645 177.3596 601.6892 200.4400 1.3036 1.5620 3.4951 -1.4012 1.5852 43.2430 -14.1994 3.5771
336 116 Car -1 -1 -10 490.3114 176.2981 523.1503 201.5669 1.3801 1.6008 3.4744 -5.9587 1.5879 41.6735 -14.1974 5.0209
336 167 Car -1 -1 -10 107.8742 179.5066 410.2850 351.5130 1.4985 1.6453 3.8186 -3.7125 1.5934 8.3411 -14.1382 7.6259
337 169 Car -1 -1 -10 429.9404 172.8448 459.6769 193.1816 1.6723 1.6380 3.8982 -14.0123 1.6719 61.2790 -10.9963 2.1489
337 112 Car -1 -1 -10 571.8338 177.5485 599.1327 201.0946 1.3388 1.5785 3.3907 -1.5178 1.6330 43.4353 -14.1759 3.4892
337 116 Car -1 -1 -10 486.5746 177.5786 520.2387 203.8016 1.4154 1.6256 3.5441 -6.1113 1.6989 41.4186 -14.2008 4.5093
337 167 Car -1 -1 -10 131.3943 180.5933 415.8756 342.3321 1.4786 1.6272 3.8011 -3.7310 1.5926 8.6841 -14.1279 7.2946
338 112 Car -1 -1 -10 568.8059 177.5515 598.4073 202.4940 1.4248 1.6478 3.7239 -1.6742 1.7232 43.8567 -14.2139 3.7416
338 116 Car -1 -1 -10 482.9129 180.3078 519.0495 206.2408 1.3753 1.6688 3.5003 -6.1961 1.8184 41.0715 -14.1792 4.9821
338 167 Car -1 -1 -10 154.7660 182.3514 419.0742 337.6778 1.4884 1.6462 3.7966 -3.7588 1.6330 9.0500 -14.1462 7.4836
339 171 Car -1 -1 -10 409.1242 177.8573 438.1157 200.1585 1.5895 1.6005 4.0470 -14.0560 1.9822 54.4734 -11.1157 1.9830
339 112 Car -1 -1 -10 567.2731 180.3141 596.0535 204.4184 1.3691 1.6114 3.5192 -1.7918 1.8424 43.9223 -14.2158 3.8773
339 116 Car -1 -1 -10 480.4779 181.0041 516.0497 208.4636 1.4397 1.6625 3.6949 -6.3143 1.9229 40.8483 -14.1995 5.8235
339 167 Car -1 -1 -10 173.3183 184.6128 425.7482 335.4656 1.5072 1.6459 3.8250 -3.7739 1.6923 9.4190 -14.1350 7.6847
340 172 Car -1 -1 -10 395.8183 177.8844 429.1617 201.7421 1.5929 1.6958 3.7244 -13.9265 1.9619 50.9320 -11.1013 3.0929
340 112 Car -1 -1 -10 566.0839 180.3021 594.6912 204.5772 1.3872 1.6053 3.6416 -1.8842 1.8639 44.2632 -14.2187 4.1841
340 116 Car -1 -1 -10 479.5596 182.8923 513.7154 209.1240 1.3513 1.5815 3.6044 -6.3446 1.9400 40.4350 -14.2047 4.4875
340 167 Car -1 -1 -10 193.2012 184.2325 429.7766 327.6567 1.5138 1.6475 3.7832 -3.8022 1.6987 9.8064 -14.1353 8.1172
341 173 Car -1 -1 -10 380.1517 179.6873 420.2269 205.1005 1.5690 1.6544 3.8554 -13.8056 2.0383 47.5557 -11.0340 3.4935
341 112 Car -1 -1 -10 565.5791 180.5994 592.7282 203.9211 1.3374 1.6031 3.6482 -1.9321 1.8350 44.4629 -14.1788 3.0969
341 116 Car -1 -1 -10 475.6201 183.3900 512.7943 210.4707 1.3809 1.6738 3.6302 -6.4223 1.9939 40.0944 -14.1922 4.8560
341 167 Car -1 -1 -10 214.0087 185.6396 435.9458 319.2304 1.4723 1.6546 3.8117 -3.7997 1.6877 10.2238 -14.1411 7.7115
342 174 Car -1 -1 -10 362.8987 179.9450 409.5519 208.2341 1.6171 1.7546 3.8652 -13.6723 2.0709 44.1801 -11.0236 4.3182
342 112 Car -1 -1 -10 562.1471 181.4032 589.5244 204.7970 1.3499 1.5043 3.3375 -2.1764 1.8998 44.6401 -14.2409 2.1071
342 116 Car -1 -1 -10 474.1018 184.1286 511.6452 211.2535 1.3675 1.6408 3.4822 -6.4221 2.0148 39.6244 -14.1807 4.4274
342 167 Car -1 -1 -10 230.3705 186.4775 441.0343 314.2876 1.4678 1.6511 3.7893 -3.8009 1.7038 10.5825 -14.1368 7.8510
343 175 Car -1 -1 -10 343.4630 184.1458 395.2269 212.6037 1.4732 1.7273 3.8933 -13.6004 2.1442 40.8815 -11.0225 3.8057
343 112 Car -1 -1 -10 560.6748 184.9500 588.8670 208.4993 1.3476 1.5834 3.3624 -2.2529 2.1290 44.8363 -14.2355 3.6392
343 116 Car -1 -1 -10 472.1755 188.3609 508.2051 214.9877 1.3072 1.6115 3.4404 -6.5101 2.1893 39.2537 -14.2051 5.4744
343 167 Car -1 -1 -10 244.2982 187.6733 445.8818 312.6254 1.4867 1.6718 3.8805 -3.8172 1.7528 10.9899 -14.1442 7.5942
344 176 Car -1 -1 -10 320.0276 185.1653 377.5290 216.3946 1.4729 1.7033 3.7102 -13.4951 2.1430 37.3768 -11.0165 4.5333
344 112 Car -1 -1 -10 560.3041 184.5082 588.2156 208.1479 1.3555 1.6228 3.7189 -2.3050 2.1167 45.1829 -14.2194 3.1091
344 116 Car -1 -1 -10 469.3999 188.5709 507.2358 215.2633 1.2916 1.6605 3.5780 -6.5514 2.1798 38.9171 -14.2027 4.7429
344 167 Car -1 -1 -10 260.2898 186.2798 453.0638 308.5211 1.5228 1.6567 3.8516 -3.7795 1.7702 11.3420 -14.1297 7.5591
345 177 Car -1 -1 -10 291.1509 181.2393 357.0969 217.8080 1.5801 1.7031 3.7875 -13.4127 1.9976 33.9729 -11.0260 4.9832
345 112 Car -1 -1 -10 559.2337 180.0743 585.6360 203.5046 1.3804 1.5957 3.5652 -2.3857 1.8537 45.4429 -14.1820 3.2360
345 116 Car -1 -1 -10 467.1501 183.8880 506.0901 212.2860 1.3889 1.6262 3.5818 -6.5765 2.0065 38.5332 -14.1839 5.2885
345 167 Car -1 -1 -10 271.0208 184.3340 456.0530 300.1718 1.5077 1.6769 3.8818 -3.8067 1.7254 11.7155 -14.1358 7.6438
346 179 Car -1 -1 -10 255.0732 180.4501 332.1599 221.3264 1.5814 1.6968 3.8969 -13.3670 1.9251 30.6293 -11.0361 6.1120
346 112 Car -1 -1 -10 558.0787 177.3611 583.3221 200.4341 1.3789 1.5333 3.7072 -2.4923 1.6767 45.7340 -14.1747 2.8234
346 116 Car -1 -1 -10 463.7451 183.3008 503.3805 210.1192 1.2960 1.6491 3.4883 -6.6540 1.8730 38.0403 -14.1889 4.4711
346 167 Car -1 -1 -10 286.1047 182.7761 460.2894 294.3102 1.5200 1.6620 3.8118 -3.7871 1.7127 12.0771 -14.1355 7.5146
347 180 Car -1 -1 -10 210.6303 181.4794 302.1448 229.3213 1.6279 1.6353 3.9357 -13.2782 1.9780 27.2609 -11.0281 6.4336
347 181 Car -1 -1 -10 280.8269 180.9327 341.8273 213.1167 1.6328 1.6572 4.3852 -16.4703 2.1050 39.9267 -11.0207 3.3118
347 112 Car -1 -1 -10 555.2882 180.4415 581.3580 203.0282 1.3414 1.5926 3.6585 -2.6805 1.8449 45.9741 -14.1909 3.4974
347 116 Car -1 -1 -10 461.6622 184.1713 501.1523 212.1603 1.3306 1.6617 3.6723 -6.7080 1.9523 37.7199 -14.2093 5.0127
347 167 Car -1 -1 -10 298.4793 185.3976 464.9066 292.4839 1.5012 1.6980 3.8705 -3.7877 1.7529 12.5113 -14.1473 7.8997
348 182 Car -1 -1 -10 147.1925 185.6672 262.5023 241.2546 1.6067 1.7128 3.9542 -13.2450 2.0653 23.7908 -11.0373 6.8240
348 183 Car -1 -1 -10 247.0818 186.7216 318.7475 220.6143 1.5170 1.6770 4.5018 -16.4372 2.2611 36.4230 -11.0212 3.8316
348 112 Car -1 -1 -10 550.9901 182.7441 578.5710 206.2876 1.3938 1.5540 3.6334 -2.9601 2.0535 46.2033 -14.2574 2.7262
348 116 Car -1 -1 -10 457.3429 187.3701 498.3766 215.8369 1.3206 1.6744 3.5563 -6.7913 2.1054 37.1613 -14.2004 4.5455
348 167 Car -1 -1 -10 307.8900 188.1913 469.6041 292.7508 1.5038 1.6992 3.8017 -3.7770 1.8176 12.8382 -14.1325 8.1827
349 185 Car -1 -1 -10 66.9157 189.3948 213.0793 254.8486 1.5875 1.7008 3.8793 -13.1731 2.1018 20.4529 -11.0244 6.7623
349 186 Car -1 -1 -10 209.3350 188.1854 291.8927 226.5695 1.5473 1.7222 4.4469 -16.4184 2.2998 33.1399 -11.0344 4.3534
349 112 Car -1 -1 -10 550.8443 184.3515 576.7339 208.7068 1.4501 1.5937 3.4937 -3.0379 2.2198 46.4708 -14.2208 2.6837
349 116 Car -1 -1 -10 455.3116 188.2036 496.7495 218.4157 1.3883 1.6039 3.4937 -6.8087 2.2082 36.7416 -14.1804 5.0967
349 167 Car -1 -1 -10 315.7297 188.8160 470.2769 291.8969 1.5287 1.6888 3.8725 -3.8262 1.8649 13.2385 -14.1416 7.5980
350 187 Car -1 -1 -10 0.0000 187.7942 142.5919 269.7844 1.6275 1.6371 3.9356 -13.1219 2.0225 17.0532 -11.0416 6.5611
350 188 Car -1 -1 -10 164.8609 190.3271 262.0818 232.0822 1.4855 1.5876 4.4489 -16.2485 2.2606 29.7610 -11.0010 3.5046
350 112 Car -1 -1 -10 548.0328 184.8761 574.8257 207.3974 1.3342 1.6046 3.7006 -3.2089 2.1450 46.7161 -14.2382 2.6189
350 116 Car -1 -1 -10 451.1563 187.5766 493.2279 217.5163 1.3541 1.6412 3.6542 -6.9262 2.1345 36.3508 -14.2008 6.1682
350 167 Car -1 -1 -10 324.6853 189.5836 475.1034 288.3582 1.5037 1.6771 3.8589 -3.8051 1.8638 13.5753 -14.1276 8.1958
351 189 Car -1 -1 -10 0.0000 188.4753 45.1322 285.1155 1.4795 1.5985 3.9319 -13.0616 1.8187 13.6662 -11.0161 4.0747
351 190 Car -1 -1 -10 105.4964 188.4684 216.4597 234.4889 1.4484 1.5615 4.1909 -16.2311 2.0633 26.2712 -11.0339 3.5963
351 191 Car -1 -1 -10 368.5344 181.2167 403.5154 200.4067 1.4254 1.5847 3.6942 -17.6953 2.1087 57.0658 -10.9838 1.4379
351 112 Car -1 -1 -10 545.5048 181.7749 571.0355 203.6335 1.3185 1.5908 3.5411 -3.3948 1.9205 46.8345 -14.2119 2.1374
351 116 Car -1 -1 -10 447.2832 183.7106 490.2872 214.4365 1.3890 1.6109 3.6939 -6.9966 1.9571 35.8402 -14.1939 6.0314
351 167 Car -1 -1 -10 335.1807 186.1381 474.7888 280.2217 1.4994 1.6288 3.8445 -3.8341 1.7924 13.9663 -14.1419 7.6712
352 193 Car -1 -1 -10 15.5823 184.6200 168.3821 238.2522 1.4709 1.7915 4.4156 -16.3217 1.8827 22.9968 -11.0232 4.7119
352 112 Car -1 -1 -10 543.1329 180.3357 568.9729 203.3890 1.4032 1.6189 4.1098 -3.6113 1.9172 47.4127 -14.2294 2.3932
352 116 Car -1 -1 -10 440.7601 180.6363 486.9204 212.4800 1.4350 1.6799 3.6387 -7.1254 1.8359 35.2769 -14.1842 5.6238
352 167 Car -1 -1 -10 343.7830 183.4860 478.5335 274.6454 1.5098 1.6823 3.8107 -3.8174 1.7494 14.3143 -14.1539 7.7081
353 196 Car -1 -1 -10 0.0000 182.7173 99.5233 243.6515 1.4305 1.7046 4.1098 -16.2386 1.7285 19.6903 -11.0269 3.3621
353 197 Car -1 -1 -10 337.0228 175.2630 378.2065 199.4461 1.6089 1.7629 4.5403 -17.7397 1.7868 50.8224 -11.1047 1.5397
353 112 Car -1 -1 -10 539.5584 178.5293 566.1155 201.0540 1.3914 1.5898 3.6915 -3.8236 1.7803 47.4674 -14.2572 3.0406
353 116 Car -1 -1 -10 439.3631 180.1727 482.6728 212.3306 1.4287 1.6313 3.5218 -7.1505 1.7996 34.7057 -14.2204 5.2049
353 167 Car -1 -1 -10 350.4423 182.1992 480.1694 270.0322 1.5102 1.6493 3.7171 -3.8404 1.7246 14.6615 -14.1413 7.7552
354 198 Car -1 -1 -10 318.3319 176.6255 362.5130 201.7646 1.5462 1.7292 4.2231 -17.6099 1.8049 47.2278 -11.1055 1.8191
354 112 Car -1 -1 -10 537.4200 180.2995 563.7508 203.2925 1.4181 1.6675 3.8161 -3.9642 1.9315 47.7452 -14.2203 2.7777
354 116 Car -1 -1 -10 434.0265 180.8628 480.2484 212.8773 1.3926 1.6087 3.6806 -7.2266 1.7936 34.2089 -14.1943 4.4195
354 167 Car -1 -1 -10 354.1123 181.8950 483.7874 268.4251 1.5296 1.6925 3.7897 -3.8653 1.7423 15.0461 -14.1339 7.1010
355 199 Car -1 -1 -10 297.2587 178.9364 347.3732 204.8411 1.4679 1.5456 3.9260 -17.4252 1.8541 43.7905 -11.0156 3.2451
355 112 Car -1 -1 -10 535.3447 181.4291 562.0111 203.9279 1.3893 1.6424 3.7302 -4.0673 1.9817 47.9088 -14.1884 2.8746
355 116 Car -1 -1 -10 431.8011 182.1116 476.7661 214.2915 1.3738 1.5855 3.4709 -7.2396 1.8285 33.6193 -14.2110 4.6300
355 167 Car -1 -1 -10 362.7034 182.2793 485.9053 266.2831 1.5253 1.6757 3.8244 -3.8626 1.7525 15.4458 -14.1430 6.9343
356 200 Car -1 -1 -10 270.5873 182.3293 327.8866 210.4784 1.4505 1.6275 3.7271 -17.3228 2.0048 40.3085 -11.0052 1.7309
356 112 Car -1 -1 -10 534.0747 182.3162 559.5167 205.7560 1.4546 1.5792 3.4584 -4.2680 2.1088 48.0455 -14.2556 2.9564
356 116 Car -1 -1 -10 429.1713 184.1265 473.4867 217.5943 1.3860 1.4945 3.7517 -7.2617 1.9338 33.1083 -14.2179 2.2171
356 167 Car -1 -1 -10 367.7751 186.2955 489.2408 267.1140 1.4848 1.6950 3.8558 -3.8687 1.8159 15.8231 -14.1367 7.3533
357 201 Car -1 -1 -10 240.6625 182.7784 305.3817 213.2004 1.4241 1.6383 3.7000 -17.1679 1.9571 36.8564 -11.0151 4.0935
357 112 Car -1 -1 -10 533.9635 181.9455 558.1486 205.9563 1.5004 1.5535 3.4758 -4.3155 2.1315 48.2530 -14.2306 3.2378
357 167 Car -1 -1 -10 375.3312 185.1687 492.0297 264.0310 1.4881 1.7043 3.8263 -3.8375 1.7966 16.1319 -14.1452 6.5424
358 202 Car -1 -1 -10 207.4338 182.2406 281.1935 217.3978 1.4926 1.6131 3.8949 -17.0040 1.9568 33.6703 -11.0407 5.1128
358 112 Car -1 -1 -10 532.9658 182.7567 558.2562 205.7478 1.4386 1.5853 3.3728 -4.3162 2.1265 48.3642 -14.1947 2.7038
358 167 Car -1 -1 -10 380.5930 184.3866 493.4144 262.3779 1.5155 1.6746 3.8346 -3.8577 1.8104 16.5055 -14.1402 7.7096
359 203 Car -1 -1 -10 162.8801 181.1654 248.8307 218.3403 1.4164 1.5956 3.7521 -16.8669 1.7870 30.2387 -11.0273 5.5497
359 112 Car -1 -1 -10 530.7166 180.1261 556.3392 203.9354 1.5024 1.6583 4.1232 -4.5079 2.0174 48.9410 -14.2140 3.5433
359 116 Car -1 -1 -10 411.9378 183.0267 466.2342 218.4253 1.3879 1.5412 3.8715 -7.3978 1.8581 31.3670 -14.1641 2.9702
359 167 Car -1 -1 -10 386.5470 181.7999 495.4926 257.2763 1.5140 1.6628 3.7683 -3.8431 1.7461 16.8032 -14.1388 7.2016
360 205 Car -1 -1 -10 105.6305 179.5551 213.4145 221.9072 1.4308 1.6183 3.9860 -16.7644 1.7008 27.0202 -11.0180 5.7954
360 112 Car -1 -1 -10 531.7917 179.6431 555.8746 201.0483 1.3580 1.5611 3.4317 -4.4721 1.8330 48.6696 -14.2162 2.0938
360 116 Car -1 -1 -10 410.5777 182.2147 461.3709 218.3283 1.3992 1.5766 3.5717 -7.3942 1.8225 30.7537 -14.2195 2.8287
360 167 Car -1 -1 -10 391.7596 181.6241 498.6920 253.4586 1.4703 1.6760 3.8411 -3.8257 1.7026 17.1574 -14.1394 7.7051
361 206 Car -1 -1 -10 36.0428 182.0312 157.1496 230.5499 1.4128 1.5440 3.4304 -16.5491 1.7328 23.3957 -11.0189 4.6819
361 112 Car -1 -1 -10 531.1719 180.9437 557.9171 203.8705 1.4542 1.5991 4.2127 -4.4720 2.0324 49.4024 -14.1731 4.4045
361 116 Car -1 -1 -10 406.3188 182.7336 467.8257 219.1807 1.3786 1.5417 3.5471 -7.1793 1.8158 30.0869 -14.0808 2.4498
361 167 Car -1 -1 -10 398.8476 181.8989 501.2561 252.3459 1.4754 1.6738 3.7573 -3.7903 1.7185 17.4770 -14.1441 8.0107
362 207 Car -1 -1 -10 0.0000 183.4159 100.5847 241.4991 1.4307 1.6626 3.6649 -16.4734 1.7552 20.2919 -11.0163 5.7970
362 112 Car -1 -1 -10 532.2196 181.1637 557.3403 203.2611 1.4071 1.5875 3.7401 -4.4523 1.9972 49.2928 -14.1939 2.2114
362 116 Car -1 -1 -10 403.1888 183.4057 462.1901 221.3744 1.4056 1.5855 3.5635 -7.2181 1.8636 29.4983 -14.1518 2.9708
362 167 Car -1 -1 -10 405.4521 181.1211 504.1715 251.4246 1.5005 1.6631 3.8258 -3.7409 1.7266 17.7748 -14.1519 7.2322
363 112 Car -1 -1 -10 532.9173 180.9441 557.5173 202.0951 1.3519 1.6176 3.6752 -4.4496 1.9281 49.4603 -14.2153 3.2644
363 116 Car -1 -1 -10 400.0919 182.0501 459.8152 221.6376 1.4346 1.5668 3.4385 -7.1281 1.8226 28.6807 -14.1530 3.9174
363 167 Car -1 -1 -10 409.9616 178.5016 508.0536 248.3777 1.5372 1.7120 3.7291 -3.6986 1.6935 18.0468 -14.1479 7.4028
364 112 Car -1 -1 -10 533.9601 178.8070 559.2055 200.3668 1.3997 1.5568 3.5025 -4.3583 1.8240 49.6023 -14.1745 2.9371
364 116 Car -1 -1 -10 396.5999 182.0955 462.5063 220.0493 1.3370 1.5631 3.4050 -6.9701 1.7183 28.0006 -14.0880 3.3174
364 167 Car -1 -1 -10 416.1340 179.4631 510.6561 246.8750 1.5062 1.6624 3.8048 -3.6629 1.6926 18.4005 -14.1436 7.4515
365 112 Car -1 -1 -10 534.3103 181.2072 559.1864 202.2668 1.3558 1.6006 3.6863 -4.3654 1.9549 49.8304 -14.1937 2.6591
365 116 Car -1 -1 -10 391.2222 181.7658 457.9364 223.6725 1.4453 1.5806 3.5931 -7.0167 1.8071 27.4556 -14.1255 4.8863
365 167 Car -1 -1 -10 420.8716 179.9107 513.8831 246.5729 1.5129 1.7067 3.7517 -3.6154 1.7142 18.6576 -14.1490 7.0733
366 112 Car -1 -1 -10 535.2393 181.4401 563.2391 203.2172 1.4102 1.5917 3.7526 -4.2115 2.0291 50.0920 -14.1265 2.0097
366 116 Car -1 -1 -10 386.8633 184.2518 453.3702 225.2527 1.3661 1.6115 3.3448 -6.9812 1.8141 26.6540 -14.1483 4.4677
366 167 Car -1 -1 -10 428.2124 182.3390 516.9924 248.5456 1.5157 1.6727 3.7090 -3.5362 1.7893 18.9168 -14.1515 7.7390
367 112 Car -1 -1 -10 536.8058 182.7482 564.4108 203.5331 1.3461 1.5743 3.4779 -4.1243 2.0582 50.1483 -14.1191 2.2978
367 116 Car -1 -1 -10 384.2828 186.6046 450.5683 228.4033 1.3387 1.6199 3.5098 -6.9228 1.8703 26.0797 -14.1876 6.0436
367 167 Car -1 -1 -10 429.4433 182.9019 519.4841 248.4477 1.5279 1.7045 3.8141 -3.5569 1.8238 19.3110 -14.1396 7.0504
368 112 Car -1 -1 -10 537.8127 182.5670 563.6059 204.1045 1.4020 1.5829 3.4844 -4.1320 2.1033 50.3096 -14.1575 1.7490
368 116 Car -1 -1 -10 378.8837 186.6028 449.1133 230.7968 1.3748 1.5940 3.5455 -6.8449 1.8925 25.3534 -14.1648 5.8682
368 167 Car -1 -1 -10 434.5569 183.7053 522.0957 247.4093 1.5014 1.6792 3.8557 -3.5061 1.8254 19.5885 -14.1382 7.5816
369 112 Car -1 -1 -10 538.3729 183.0322 565.0019 205.4444 1.4586 1.6644 4.0806 -4.1039 2.2060 50.8925 -14.1657 2.4154
369 116 Car -1 -1 -10 371.6803 186.9807 447.9517 233.4601 1.4040 1.6069 3.5531 -6.7924 1.9220 24.6558 -14.1320 6.9840
369 167 Car -1 -1 -10 438.1436 183.5460 524.7120 247.9977 1.5430 1.7110 3.8799 -3.4705 1.8665 19.8601 -14.1419 7.4241
370 112 Car -1 -1 -10 539.1991 183.8991 563.2558 205.0434 1.3773 1.5551 3.5134 -4.1254 2.1805 50.6551 -14.1810 1.6333
370 116 Car -1 -1 -10 364.0819 187.1167 444.3722 233.9648 1.3691 1.6733 3.6791 -6.8048 1.8817 24.0608 -14.1504 6.6176
370 167 Car -1 -1 -10 442.1277 185.3398 525.2991 247.0409 1.4920 1.6917 3.7592 -3.4565 1.8728 20.0955 -14.1460 7.2433
371 112 Car -1 -1 -10 539.4702 183.4894 564.9082 204.9822 1.4134 1.5949 3.4712 -4.0790 2.1904 50.9343 -14.1595 2.4683
371 116 Car -1 -1 -10 357.6650 187.9368 438.8689 236.6882 1.3699 1.6155 3.6876 -6.7749 1.8960 23.2861 -14.1601 6.9722
371 167 Car -1 -1 -10 446.3587 184.7588 527.6336 247.1779 1.5419 1.7021 3.6681 -3.4159 1.9087 20.3652 -14.1463 7.3002
372 112 Car -1 -1 -10 539.5011 181.8719 565.8566 203.3121 1.4175 1.6377 3.8863 -4.0689 2.0836 51.3063 -14.1557 2.6968
372 116 Car -1 -1 -10 350.3500 187.0489 436.0042 238.3914 1.4040 1.6401 3.6257 -6.7187 1.8842 22.5628 -14.1526 7.5674
372 167 Car -1 -1 -10 448.3408 184.3668 529.0850 245.2469 1.5249 1.7233 3.8196 -3.4226 1.8865 20.7168 -14.1497 6.5089
373 112 Car -1 -1 -10 541.8240 183.5409 565.0010 205.1719 1.4372 1.5902 3.2556 -4.0342 2.2219 51.2743 -14.2057 1.7434
373 116 Car -1 -1 -10 343.0014 187.9994 431.1630 241.0490 1.3938 1.6260 3.6072 -6.6763 1.8904 21.8167 -14.1602 7.3030
373 167 Car -1 -1 -10 451.8249 184.6551 531.4987 246.0908 1.5642 1.7176 3.7413 -3.3820 1.9381 20.9622 -14.1412 7.2611
374 112 Car -1 -1 -10 540.7347 181.2909 568.0235 202.3307 1.4055 1.6654 3.6519 -3.9632 2.0293 51.4889 -14.1364 2.9457
374 116 Car -1 -1 -10 333.0060 185.4963 427.4684 240.1499 1.3955 1.6245 3.6858 -6.6543 1.7985 21.1271 -14.1465 6.7950
374 167 Car -1 -1 -10 455.6759 184.1688 532.2753 242.0205 1.4957 1.7112 3.7462 -3.3683 1.8593 21.2753 -14.1522 7.4475
375 112 Car -1 -1 -10 541.6333 173.4308 565.1010 195.3580 1.5123 1.6185 4.0085 -4.0701 1.5558 51.9191 -14.1986 1.9520
375 116 Car -1 -1 -10 322.4188 178.4820 423.0709 234.4911 1.4108 1.6070 3.5942 -6.6142 1.5840 20.3463 -14.1201 7.6830
375 167 Car -1 -1 -10 458.6500 177.1126 530.8747 233.5507 1.5129 1.6645 3.7462 -3.3896 1.6515 21.5227 -14.1673 6.8974
376 112 Car -1 -1 -10 543.2130 171.3013 568.4384 192.7180 1.4877 1.6244 3.6311 -3.8969 1.3802 51.9517 -14.1594 2.3013
376 116 Car -1 -1 -10 312.1039 175.4643 416.2036 234.5168 1.4412 1.6455 3.6115 -6.5910 1.5190 19.5857 -14.1527 7.3469
376 167 Car -1 -1 -10 462.4442 174.6454 535.2359 229.2276 1.5003 1.6923 3.7531 -3.3171 1.5596 21.8460 -14.1554 7.1672
377 116 Car -1 -1 -10 299.6413 175.6916 411.9002 237.6782 1.4470 1.6524 3.5932 -6.5355 1.5284 18.8047 -14.1339 7.2278
377 167 Car -1 -1 -10 465.2369 174.2702 537.2270 227.5590 1.4909 1.6736 3.8162 -3.2979 1.5386 22.2014 -14.1459 7.6006
378 112 Car -1 -1 -10 547.1384 173.5160 572.3096 192.5593 1.3278 1.5902 3.5545 -3.6351 1.3777 52.2110 -14.1413 2.0266
378 116 Car -1 -1 -10 286.5612 179.0063 405.3445 243.3619 1.4156 1.6380 3.6887 -6.5101 1.5858 18.0689 -14.1406 7.5935
378 167 Car -1 -1 -10 467.0528 175.8003 539.9251 229.3606 1.5154 1.6855 3.7133 -3.2722 1.6152 22.4835 -14.1257 7.0604
379 112 Car -1 -1 -10 547.0184 173.9968 571.5346 194.5498 1.4363 1.6518 4.0571 -3.6981 1.5234 52.7061 -14.1733 1.6138
379 116 Car -1 -1 -10 271.2976 181.3861 398.1664 249.0477 1.4045 1.6366 3.6112 -6.4702 1.6302 17.2426 -14.1304 8.0196
379 167 Car -1 -1 -10 472.1363 177.8731 541.6433 229.8042 1.4825 1.6359 3.7423 -3.2200 1.6548 22.8369 -14.1281 6.8474
380 112 Car -1 -1 -10 548.6812 173.9651 571.6252 193.1998 1.3471 1.6122 3.8418 -3.6761 1.4317 52.7317 -14.2088 1.5945
380 116 Car -1 -1 -10 256.9423 181.7624 389.2792 252.3539 1.3903 1.6085 3.6448 -6.4435 1.6170 16.4998 -14.1467 8.4829
380 167 Car -1 -1 -10 474.4462 177.6447 543.7030 227.7448 1.4522 1.6899 3.8309 -3.1985 1.6193 23.1944 -14.1363 7.2332
381 112 Car -1 -1 -10 549.7539 173.6907 575.3576 193.4407 1.3909 1.6351 4.0631 -3.4778 1.4551 53.0195 -14.1418 1.7097
381 116 Car -1 -1 -10 236.9317 182.7117 382.9451 256.8297 1.3758 1.5874 3.6588 -6.4109 1.6164 15.7322 -14.1110 8.1280
381 167 Car -1 -1 -10 477.1514 176.0286 544.9676 226.4073 1.4944 1.7141 3.7502 -3.1822 1.6065 23.5161 -14.1416 7.7147
382 112 Car -1 -1 -10 553.7122 173.5734 578.3161 192.6528 1.3530 1.5562 3.5853 -3.2343 1.4081 53.1015 -14.1262 2.2267
382 116 Car -1 -1 -10 217.2055 182.2487 370.8680 260.7062 1.3795 1.6131 3.6353 -6.4016 1.5982 14.9435 -14.1439 7.8255
382 167 Car -1 -1 -10 481.5728 175.0505 549.1336 225.5390 1.5285 1.6871 3.7633 -3.0935 1.6074 23.9019 -14.1202 7.1936
383 112 Car -1 -1 -10 553.0180 173.6171 579.7874 193.2566 1.3892 1.6302 3.4565 -3.1944 1.4474 52.9299 -14.0990 1.4455
383 116 Car -1 -1 -10 195.8133 182.0047 361.1639 266.0666 1.3931 1.6093 3.6021 -6.3486 1.5959 14.1540 -14.1434 8.4989
383 167 Car -1 -1 -10 485.0918 174.5128 549.6098 223.2045 1.5003 1.6705 3.6604 -3.0701 1.5605 24.1908 -14.1299 6.9735
383 208 Car -1 -1 -10 515.6179 166.8639 544.1100 187.1623 1.5471 1.6354 3.9179 -6.3168 1.0909 56.9883 -14.0877 1.8582
384 112 Car -1 -1 -10 554.7061 173.6052 581.5707 192.7327 1.3671 1.6013 3.6690 -3.1030 1.4252 53.5885 -14.0852 2.1381
384 116 Car -1 -1 -10 165.5643 182.6856 347.7336 273.4434 1.3938 1.5911 3.6044 -6.3249 1.5996 13.2717 -14.1381 7.8587
384 167 Car -1 -1 -10 488.0136 174.3222 550.7520 223.1531 1.5270 1.6661 3.7829 -3.0482 1.5812 24.5664 -14.1379 7.0407
385 112 Car -1 -1 -10 555.6035 172.8751 580.9555 193.8174 1.5065 1.6793 4.3784 -3.1166 1.5085 54.1007 -14.1439 2.7264
385 116 Car -1 -1 -10 134.0768 184.9988 335.1043 281.9663 1.3720 1.5823 3.6204 -6.2923 1.6129 12.4744 -14.1327 8.3134
385 167 Car -1 -1 -10 491.6795 175.3827 552.3782 222.6093 1.4943 1.6766 3.8086 -3.0059 1.5888 24.9458 -14.1482 7.4360
386 112 Car -1 -1 -10 555.7219 174.2371 579.2425 193.5214 1.3851 1.5874 3.7301 -3.1765 1.4925 53.9655 -14.1497 1.9699
386 116 Car -1 -1 -10 92.5947 185.0232 316.1046 293.2500 1.4060 1.5767 3.6175 -6.2906 1.6325 11.5922 -14.1432 7.4013
386 167 Car -1 -1 -10 493.0856 176.2048 555.6509 222.6912 1.4903 1.6766 3.7243 -2.9650 1.6168 25.2798 -14.1155 6.3704
387 112 Car -1 -1 -10 555.8700 176.3842 579.4643 196.7204 1.4559 1.6215 3.6130 -3.1716 1.7299 54.1057 -14.1547 1.9645
387 116 Car -1 -1 -10 43.7221 187.7366 298.1041 304.7068 1.3809 1.5995 3.6095 -6.2990 1.6410 10.7827 -14.1339 7.5272
387 167 Car -1 -1 -10 494.5866 177.6627 556.5150 224.1177 1.5030 1.6642 3.7430 -2.9648 1.6868 25.6283 -14.1088 5.8058
388 116 Car -1 -1 -10 0.0000 188.8517 275.0520 318.6822 1.3809 1.5861 3.5874 -6.3003 1.6412 9.9186 -14.1257 8.2131
388 167 Car -1 -1 -10 496.2542 178.7286 556.8680 225.3432 1.5240 1.7083 3.7869 -2.9682 1.7513 25.9688 -14.1266 6.6674
