0 1 Car -1 -1 -10 423.3765 179.1665 464.7335 206.2152 1.5152 1.6893 3.6880 -9.9033 1.9093 43.1434 -11.0143 4.3380
0 2 Car -1 -1 -10 347.6902 181.9486 390.9732 208.6977 1.4361 1.5574 3.4697 -13.9016 1.9850 41.7325 -11.0643 3.6755
0 0 Car -1 -1 -10 603.1859 174.1495 685.0169 237.5300 1.6364 1.6652 3.3195 0.8350 1.6767 20.4710 -14.2989 8.8744
1 1 Car -1 -1 -10 414.0854 178.2964 459.3083 207.9012 1.5481 1.7565 4.0762 -9.7156 1.8702 40.5730 -11.0466 4.0414
1 2 Car -1 -1 -10 337.0468 181.6605 385.9905 209.6416 1.4247 1.5452 3.4276 -13.5967 1.9288 39.5454 -11.0096 4.7251
1 0 Car -1 -1 -10 599.6917 174.5075 681.2119 236.6915 1.6119 1.6625 3.2860 0.7368 1.6634 20.5544 -14.3077 8.2209
2 1 Car -1 -1 -10 403.3712 179.6700 453.6279 211.1770 1.5187 1.7030 4.0645 -9.4541 1.8948 37.7191 -11.0216 4.9181
2 2 Car -1 -1 -10 325.0040 181.3281 377.7047 211.9286 1.4689 1.5626 3.5198 -13.3804 1.9295 37.4026 -11.0256 5.6743
2 0 Car -1 -1 -10 594.1086 175.3415 675.4870 237.1694 1.6009 1.6132 3.3310 0.5778 1.6785 20.6131 -14.3300 8.7902
3 1 Car -1 -1 -10 392.1256 182.6900 447.1724 216.2263 1.4682 1.6250 4.0948 -9.1545 1.9717 34.8492 -11.0075 4.9435
3 2 Car -1 -1 -10 311.2020 183.9440 367.4511 215.7137 1.4197 1.5604 3.4793 -13.1919 1.9890 35.2447 -11.0348 5.1327
3 0 Car -1 -1 -10 593.1205 177.7465 671.4371 239.9332 1.6099 1.6601 3.3073 0.5109 1.7627 20.7165 -14.2933 8.3909
4 1 Car -1 -1 -10 378.8045 184.9203 437.2362 220.3454 1.4071 1.6184 3.9690 -8.9289 1.9770 32.0415 -11.0326 5.0493
4 2 Car -1 -1 -10 294.1905 184.8365 357.3290 219.8781 1.4683 1.6474 3.2802 -12.9751 2.0445 33.0173 -11.0137 7.1153
4 0 Car -1 -1 -10 590.2886 178.9416 667.2688 240.9835 1.6038 1.6510 3.3036 0.4126 1.7941 20.7523 -14.2898 8.6270
5 1 Car -1 -1 -10 356.1723 183.1508 429.7512 223.7217 1.4726 1.7171 4.0690 -8.7443 1.9199 29.2708 -10.9824 5.5771
5 2 Car -1 -1 -10 278.7271 185.1473 344.6583 221.7795 1.4213 1.5017 3.4200 -12.7333 1.9775 30.8886 -11.0275 5.8032
5 0 Car -1 -1 -10 587.9156 178.4801 664.5845 240.2012 1.6051 1.6524 3.3013 0.3425 1.7817 20.8410 -14.2932 8.8253
6 1 Car -1 -1 -10 331.0828 182.9239 414.7021 228.9746 1.4936 1.6917 4.1760 -8.5994 1.8916 26.4011 -10.9960 6.1863
6 2 Car -1 -1 -10 253.0395 184.3311 330.1254 225.9340 1.4970 1.6611 3.3614 -12.5774 1.9796 28.6083 -11.0276 6.3181
6 0 Car -1 -1 -10 585.9559 178.4572 661.4210 239.9667 1.6052 1.6488 3.2712 0.2712 1.7813 20.8862 -14.2896 9.0267
7 1 Car -1 -1 -10 297.9850 186.4873 396.4313 237.4564 1.4369 1.6563 4.0820 -8.4655 1.9201 23.4950 -10.9766 6.3298
7 2 Car -1 -1 -10 225.6938 187.1586 312.1774 231.1819 1.4388 1.6153 3.3768 -12.4162 1.9961 26.3876 -11.0131 6.1982
7 0 Car -1 -1 -10 584.4108 179.8294 658.5610 241.1330 1.6013 1.6283 3.3162 0.2095 1.8218 21.0071 -14.2883 8.7200
8 1 Car -1 -1 -10 255.4820 187.2870 373.8370 247.2735 1.4611 1.6625 4.2093 -8.3462 1.9176 20.6934 -10.9922 7.0655
8 2 Car -1 -1 -10 193.5697 187.5565 287.2205 238.2263 1.5203 1.6385 2.9651 -12.2495 2.0405 24.0120 -11.0135 5.9516
8 0 Car -1 -1 -10 582.5144 180.6263 654.9203 242.1580 1.6091 1.6419 3.2502 0.1319 1.8545 21.0234 -14.2747 8.2372
9 1 Car -1 -1 -10 198.1031 188.3901 342.4091 258.4641 1.4471 1.6712 4.0143 -8.2286 1.8739 17.7951 -10.9954 7.0647
9 2 Car -1 -1 -10 148.8916 187.6580 261.0507 244.3337 1.5214 1.6292 3.1130 -12.1300 1.9998 21.7385 -10.9934 5.2799
9 0 Car -1 -1 -10 581.6211 180.7612 653.5927 241.2442 1.5816 1.6320 3.3000 0.0992 1.8320 21.0677 -14.2743 9.3292
10 1 Car -1 -1 -10 109.9866 188.7228 300.3142 274.6528 1.4478 1.6314 4.0406 -8.1681 1.8214 14.9364 -10.9812 8.2373
10 2 Car -1 -1 -10 93.3421 186.9659 225.1249 250.7423 1.5053 1.6432 3.2761 -12.0497 1.9191 19.4542 -11.0526 3.5950
10 0 Car -1 -1 -10 578.8482 179.2238 650.4151 240.1089 1.6101 1.6658 3.2974 0.0134 1.8129 21.1859 -14.2675 8.2115
11 1 Car -1 -1 -10 0.0000 189.4206 242.7798 301.2043 1.4562 1.6486 4.1348 -8.1227 1.7823 12.0996 -10.9737 7.3699
11 2 Car -1 -1 -10 23.7778 187.3368 181.6094 257.4082 1.4419 1.5595 3.3193 -11.9895 1.8225 17.2437 -11.0467 2.9881
11 0 Car -1 -1 -10 576.0788 178.7441 646.5655 238.1800 1.5752 1.6217 3.2993 -0.0823 1.7630 21.2124 -14.2768 8.1360
12 1 Car -1 -1 -10 0.0000 190.6151 145.3579 350.4224 1.4255 1.6371 4.3154 -8.0675 1.7038 9.1038 -11.0302 4.9985
12 2 Car -1 -1 -10 0.0000 187.3046 129.3108 269.6375 1.4276 1.5070 3.4181 -11.9231 1.7610 14.8748 -10.9348 4.5296
12 0 Car -1 -1 -10 573.0600 178.1217 644.4426 237.7775 1.5886 1.6511 3.2783 -0.1580 1.7569 21.2600 -14.2820 8.3129
13 2 Car -1 -1 -10 0.0000 190.6881 52.1719 293.0414 1.4469 1.5668 3.4288 -11.8328 1.7989 12.5094 -10.9960 3.0137
13 0 Car -1 -1 -10 571.8282 178.6965 640.2095 238.2858 1.5886 1.6396 3.2846 -0.2368 1.7755 21.3036 -14.2615 8.3489
14 0 Car -1 -1 -10 569.1159 177.8774 637.2526 238.1427 1.6141 1.6545 3.3378 -0.3222 1.7755 21.3719 -14.2584 7.5911
15 0 Car -1 -1 -10 567.4444 176.7705 633.9104 236.3797 1.6061 1.6459 3.2769 -0.3938 1.7319 21.3859 -14.2512 8.5032
16 0 Car -1 -1 -10 565.8815 175.1610 631.1571 234.0340 1.6021 1.6617 3.2344 -0.4571 1.6765 21.4598 -14.2411 7.8017
17 0 Car -1 -1 -10 564.6856 175.1212 627.5854 233.8532 1.6048 1.6683 3.2397 -0.5277 1.6781 21.5268 -14.2212 8.8651
18 0 Car -1 -1 -10 560.4800 175.7291 625.7445 234.8586 1.6108 1.6667 3.1887 -0.6173 1.7035 21.4939 -14.2491 7.8938
19 0 Car -1 -1 -10 561.0242 176.4163 623.8382 235.7825 1.6171 1.6821 3.3115 -0.6409 1.7325 21.5784 -14.2211 7.8695
20 0 Car -1 -1 -10 560.6886 176.5802 622.4271 235.8132 1.6180 1.6807 3.1696 -0.6626 1.7382 21.5586 -14.2145 8.1669
21 0 Car -1 -1 -10 559.7248 176.5004 622.5195 235.7836 1.6215 1.6626 3.1948 -0.6778 1.7395 21.6069 -14.2321 8.3713
22 0 Car -1 -1 -10 560.8582 177.5456 622.5469 237.1223 1.6283 1.6693 3.1979 -0.6607 1.7802 21.6415 -14.2193 8.0229
23 0 Car -1 -1 -10 559.8246 177.2804 623.0571 236.8371 1.6305 1.7042 3.3186 -0.6749 1.7748 21.7343 -14.2236 7.5838
24 0 Car -1 -1 -10 561.9463 177.1667 623.3359 236.3480 1.6237 1.6623 3.2308 -0.6347 1.7639 21.7157 -14.2188 8.1141
25 0 Car -1 -1 -10 562.7108 176.0063 623.0573 234.1416 1.6036 1.6711 3.2114 -0.6269 1.7062 21.7399 -14.2066 8.1194
26 0 Car -1 -1 -10 562.6137 175.7824 622.7980 233.5596 1.6011 1.6794 3.1279 -0.6312 1.6964 21.7732 -14.2047 7.6762
27 0 Car -1 -1 -10 564.0222 174.8017 623.4119 232.9866 1.6177 1.6636 3.2204 -0.5775 1.6814 21.8157 -14.1841 7.0667
28 0 Car -1 -1 -10 565.1082 174.2501 624.1101 231.9603 1.6113 1.6571 3.2409 -0.5511 1.6572 21.8792 -14.1822 7.2383
29 0 Car -1 -1 -10 565.7745 173.5359 625.6920 231.0778 1.6181 1.6910 3.1394 -0.5125 1.6407 21.9280 -14.1779 8.6878
30 0 Car -1 -1 -10 567.8545 173.5430 627.3681 229.7119 1.5809 1.6806 3.2053 -0.4487 1.6038 21.9746 -14.1700 8.1385
31 0 Car -1 -1 -10 569.2853 173.6226 629.0310 230.3360 1.5976 1.6815 3.2320 -0.4422 1.6232 22.0307 -14.1963 7.5535
32 0 Car -1 -1 -10 570.6134 175.2612 628.9130 232.4243 1.6070 1.6542 3.1938 -0.4138 1.6864 22.0545 -14.1859 6.9320
33 0 Car -1 -1 -10 571.4761 175.2037 630.3964 233.1830 1.6395 1.6778 3.0948 -0.3363 1.7169 22.0914 -14.1576 7.3443
34 0 Car -1 -1 -10 572.6878 176.1338 631.5725 233.6431 1.6266 1.6845 3.1483 -0.3414 1.7352 22.1994 -14.1821 7.7939
35 0 Car -1 -1 -10 573.5339 176.4400 631.8212 233.5523 1.6213 1.6721 3.0959 -0.2909 1.7400 22.2430 -14.1594 7.6437
36 0 Car -1 -1 -10 572.9018 175.4358 632.4618 232.4958 1.6288 1.7152 3.2175 -0.3109 1.7151 22.3787 -14.1709 7.4510
37 0 Car -1 -1 -10 575.9283 174.7061 633.7622 230.3400 1.5949 1.6702 3.1968 -0.2579 1.6570 22.4209 -14.1768 7.2086
38 0 Car -1 -1 -10 575.4552 174.9133 633.5307 230.1369 1.5869 1.6594 3.2463 -0.2814 1.6563 22.5218 -14.1921 7.6267
39 0 Car -1 -1 -10 575.9981 174.7549 634.5653 230.2472 1.6047 1.6793 3.2041 -0.2570 1.6690 22.6214 -14.1928 7.8211
40 0 Car -1 -1 -10 577.5963 175.6286 634.2632 230.5111 1.5915 1.6575 3.2076 -0.1962 1.6854 22.7038 -14.1564 7.6894
41 0 Car -1 -1 -10 577.4600 175.9858 634.7521 231.6790 1.6208 1.6834 3.1456 -0.1975 1.7269 22.7669 -14.1607 8.3973
42 0 Car -1 -1 -10 578.0340 175.7427 634.7508 231.1326 1.6195 1.6717 3.1408 -0.1646 1.7176 22.8347 -14.1446 7.2592
43 0 Car -1 -1 -10 578.6011 176.6325 634.7796 231.3551 1.6021 1.6631 3.1350 -0.1732 1.7308 22.9227 -14.1557 7.3303
44 0 Car -1 -1 -10 578.8326 177.1036 634.9836 231.9369 1.6109 1.6701 3.1187 -0.1688 1.7561 23.0144 -14.1569 7.3384
45 0 Car -1 -1 -10 578.3093 178.2849 634.1017 233.6443 1.6266 1.6667 3.1583 -0.2140 1.8131 23.1205 -14.1721 7.6308
46 0 Car -1 -1 -10 578.3787 177.7805 634.1871 232.9691 1.6317 1.6754 3.0793 -0.2189 1.8011 23.1830 -14.1775 6.4982
47 0 Car -1 -1 -10 576.9944 177.8893 632.3947 232.2293 1.6124 1.6663 3.1195 -0.2117 1.7860 23.2594 -14.1408 6.6061
48 0 Car -1 -1 -10 577.1579 176.6779 632.9884 231.0529 1.6253 1.6872 3.1157 -0.2232 1.7578 23.3586 -14.1554 7.3074
49 0 Car -1 -1 -10 577.2481 177.5380 632.5503 231.4864 1.6123 1.6758 3.2051 -0.2339 1.7755 23.4621 -14.1581 6.7414
50 0 Car -1 -1 -10 577.0242 179.3680 631.7123 232.9361 1.5991 1.6656 3.1537 -0.2800 1.8265 23.5368 -14.1774 7.0503
51 0 Car -1 -1 -10 576.0781 178.7740 631.2256 233.1959 1.6351 1.6871 3.1769 -0.3012 1.8428 23.6484 -14.1762 7.3938
52 0 Car -1 -1 -10 576.0778 178.9924 630.0996 231.7288 1.5895 1.6580 3.1245 -0.3036 1.8050 23.7000 -14.1667 7.2515
53 0 Car -1 -1 -10 573.2042 177.2380 627.9914 229.9454 1.5997 1.6835 3.1954 -0.3274 1.7542 23.7647 -14.1322 6.6775
54 0 Car -1 -1 -10 573.2808 177.5244 627.9475 229.7249 1.5918 1.6886 3.1627 -0.3337 1.7569 23.8657 -14.1356 7.6626
55 0 Car -1 -1 -10 572.0749 176.4535 626.0291 228.8943 1.6072 1.6715 3.2352 -0.4181 1.7353 23.9697 -14.1578 7.2100
56 0 Car -1 -1 -10 572.1356 174.9304 625.6250 226.9860 1.6066 1.6604 3.1569 -0.3878 1.6805 23.9726 -14.1349 5.8410
57 13 Car -1 -1 -10 1103.8485 162.0396 1176.7759 194.3547 2.0363 1.7380 3.9196 34.7732 1.3552 47.4814 -11.0676 1.0238
57 0 Car -1 -1 -10 570.0134 174.5902 623.8744 226.2835 1.5991 1.6767 3.2115 -0.5102 1.6613 24.0628 -14.1738 6.9139
58 0 Car -1 -1 -10 570.2126 177.2452 624.0971 230.1597 1.6308 1.6818 3.1812 -0.4817 1.7877 24.1106 -14.1594 7.5458
59 0 Car -1 -1 -10 568.2721 180.0317 620.9697 232.7881 1.6175 1.6514 3.1553 -0.6077 1.8745 24.1779 -14.1888 7.2972
60 0 Car -1 -1 -10 567.5668 182.7407 620.7714 235.3036 1.6038 1.6687 3.1805 -0.5720 1.9581 24.2225 -14.1560 7.3967
61 0 Car -1 -1 -10 564.8930 181.7372 617.7759 233.8372 1.6018 1.6663 3.1945 -0.6278 1.9214 24.3271 -14.1332 7.7405
62 0 Car -1 -1 -10 564.0766 174.5178 617.2738 225.9271 1.6168 1.6805 3.1136 -0.6592 1.6769 24.3485 -14.1390 7.7461
63 0 Car -1 -1 -10 563.5931 170.3564 617.1182 220.8986 1.5978 1.6750 3.2291 -0.6509 1.5192 24.4354 -14.1208 7.6246
64 0 Car -1 -1 -10 564.8738 171.1988 618.1250 221.8898 1.6066 1.6891 3.1731 -0.6794 1.5545 24.4768 -14.1671 6.8973
65 0 Car -1 -1 -10 564.6783 175.5132 617.7809 226.6376 1.6119 1.6909 3.1811 -0.7355 1.7088 24.5547 -14.1963 8.0213
66 0 Car -1 -1 -10 563.9549 178.8361 616.5220 230.2105 1.6121 1.6779 3.1523 -0.7227 1.8298 24.6118 -14.1669 7.5908
67 0 Car -1 -1 -10 563.9697 178.4593 616.5849 229.9017 1.6193 1.6838 3.1901 -0.7350 1.8241 24.6890 -14.1742 6.9434
68 16 Car -1 -1 -10 503.3079 180.0925 529.0962 198.8268 1.4549 1.6685 4.1209 -7.7487 2.0751 59.7092 -11.0128 1.1764
68 15 Car -1 -1 -10 1124.3618 172.5921 1228.1136 201.8673 1.5378 1.6527 4.1229 30.5636 1.5244 39.0992 -9.2351 1.5326
68 0 Car -1 -1 -10 564.7440 175.9325 617.2339 226.7677 1.6167 1.6851 3.1563 -0.7096 1.7295 24.7450 -14.1717 7.0335
69 17 Car -1 -1 -10 496.5870 178.8177 523.5273 198.3874 1.4495 1.6382 4.0222 -7.8419 1.9353 56.7030 -11.0154 1.5583
69 0 Car -1 -1 -10 564.0977 174.8890 616.3259 225.3611 1.6155 1.6822 3.1590 -0.7274 1.6904 24.8242 -14.1657 7.3514
70 15 Car -1 -1 -10 1166.2902 170.8084 1241.0000 202.3101 1.5301 1.6436 3.8827 30.4877 1.4311 36.1547 -9.2702 1.0505
70 18 Car -1 -1 -10 492.1192 177.8686 525.9114 198.4325 1.4430 1.5870 3.7710 -7.4807 1.8292 53.5511 -10.8799 1.8717
70 0 Car -1 -1 -10 564.7497 173.9266 616.5063 224.5253 1.6268 1.6711 3.1999 -0.7364 1.6666 24.8979 -14.1787 7.5563
71 15 Car -1 -1 -10 1188.5735 168.8882 1241.0000 203.1255 1.6080 1.7299 4.1744 30.7173 1.4221 34.8426 -9.3801 1.7788
71 18 Car -1 -1 -10 487.8420 178.9065 520.1208 200.7427 1.4420 1.6195 3.9003 -7.4361 1.8842 50.7032 -14.1157 1.6900
71 0 Car -1 -1 -10 564.9718 173.2674 615.9013 223.6651 1.6263 1.6458 3.0878 -0.7056 1.6418 24.8650 -14.1554 6.5000
72 18 Car -1 -1 -10 480.4806 179.3353 512.2299 202.3868 1.4194 1.5701 3.9286 -7.4730 1.8645 47.5252 -11.0212 3.4584
72 0 Car -1 -1 -10 563.9215 174.9304 615.4875 224.8819 1.6142 1.6764 3.1517 -0.7351 1.6912 25.0379 -14.1563 7.7052
73 20 Car -1 -1 -10 538.2302 177.0712 565.2184 197.5298 1.5319 1.6829 4.1620 -4.5902 1.8777 56.9966 -10.9667 1.6540
73 18 Car -1 -1 -10 471.5827 180.1903 509.5603 205.3237 1.4432 1.5958 3.8884 -7.3556 1.9165 44.5447 -10.9656 3.1209
73 0 Car -1 -1 -10 565.1023 175.1607 616.2316 224.7184 1.6046 1.6667 3.1500 -0.7090 1.6903 25.1002 -14.1586 7.5316
74 21 Car -1 -1 -10 536.0473 177.1434 567.3622 198.6545 1.5075 1.6260 4.0313 -4.3064 1.8382 53.4798 -10.8977 1.2101
74 18 Car -1 -1 -10 464.3319 180.5753 502.1046 208.0090 1.4582 1.6122 4.0067 -7.2782 1.9247 41.5252 -11.0327 3.6572
74 0 Car -1 -1 -10 566.2116 174.2824 617.7261 224.1301 1.6203 1.6823 3.3044 -0.6744 1.6739 25.2191 -14.1618 7.7682
75 22 Car -1 -1 -10 529.8623 178.5220 556.7412 201.3852 1.4844 1.7152 4.2785 -4.6211 1.8956 50.1120 -11.0533 1.5745
75 18 Car -1 -1 -10 452.2241 182.9886 494.4989 211.6751 1.3965 1.5789 3.8825 -7.2623 1.9645 38.4570 -11.0118 4.8025
75 0 Car -1 -1 -10 565.7675 174.9702 617.7537 224.9144 1.6232 1.7014 3.2333 -0.6993 1.7024 25.2330 -14.1730 7.7341
76 23 Car -1 -1 -10 525.3944 177.7487 556.7248 202.3132 1.4847 1.7078 4.2906 -4.4403 1.8161 46.6332 -11.0173 2.9911
76 18 Car -1 -1 -10 438.5827 182.9449 485.3620 214.9382 1.4304 1.6017 3.6808 -7.2173 1.9502 35.2834 -11.0154 4.0987
76 0 Car -1 -1 -10 566.0581 175.2879 617.0035 224.7402 1.6138 1.6744 3.1618 -0.6861 1.7049 25.2995 -14.1588 7.6272
77 24 Car -1 -1 -10 520.6047 178.0006 554.7947 203.8685 1.4455 1.6721 4.0508 -4.3101 1.7682 43.1571 -11.0034 2.6467
77 18 Car -1 -1 -10 421.1889 183.4649 474.6721 218.4423 1.4190 1.6093 3.7994 -7.2349 1.9232 32.3445 -11.0137 4.6268
77 0 Car -1 -1 -10 566.8301 175.3368 616.9889 224.0955 1.5917 1.6498 3.2539 -0.6751 1.6850 25.3633 -14.1588 7.4592
78 25 Car -1 -1 -10 512.0421 181.2248 551.0177 210.2883 1.4685 1.7132 4.3901 -4.3182 1.9576 39.9240 -11.0030 4.4117
78 18 Car -1 -1 -10 399.4401 186.3262 464.1820 226.7707 1.4649 1.6578 3.7892 -7.1948 2.0480 29.3036 -10.9842 4.9838
78 0 Car -1 -1 -10 567.4831 177.8321 618.0424 227.6488 1.6194 1.6667 3.1716 -0.6447 1.8059 25.3747 -14.1571 7.5869
79 26 Car -1 -1 -10 504.9179 187.3623 546.1056 220.0250 1.4610 1.7112 4.2920 -4.2352 2.2365 36.3745 -11.0282 5.4277
79 18 Car -1 -1 -10 375.4376 193.4033 448.1390 239.5211 1.4486 1.6151 3.7212 -7.1432 2.2477 26.1816 -10.9946 5.1248
79 0 Car -1 -1 -10 567.1960 183.5011 617.5776 233.2025 1.5962 1.6685 3.2320 -0.6776 1.9973 25.5140 -14.1680 7.6964
80 27 Car -1 -1 -10 494.6217 187.5726 540.6576 223.8053 1.4601 1.6827 4.2921 -4.1959 2.1781 33.0073 -11.0256 5.3564
80 18 Car -1 -1 -10 345.2516 197.4049 429.3587 248.9762 1.3891 1.5974 3.8340 -7.0965 2.2450 23.2073 -11.0172 4.9595
80 0 Car -1 -1 -10 566.5722 183.6398 617.7525 233.4824 1.6004 1.6959 3.2764 -0.6873 2.0076 25.5496 -14.1688 7.6938
81 28 Car -1 -1 -10 481.3137 187.1157 534.3109 227.4651 1.4463 1.6604 4.3186 -4.1512 2.0744 29.5783 -11.0191 6.4728
81 18 Car -1 -1 -10 302.9883 196.8327 405.9125 258.0723 1.4232 1.5960 3.7428 -7.0415 2.1550 20.1237 -11.0107 6.7772
81 0 Car -1 -1 -10 568.9472 182.7961 618.3677 230.7831 1.5449 1.6391 3.3790 -0.5908 1.9216 25.6186 -14.1393 6.8628
82 30 Car -1 -1 -10 463.8102 186.5444 526.6842 234.2237 1.5011 1.6659 4.2806 -4.1022 2.0377 26.1050 -11.0127 7.1550
82 18 Car -1 -1 -10 242.7448 198.9941 375.1203 271.5285 1.3901 1.5454 3.7878 -7.0078 2.0784 17.0894 -10.9917 6.0048
82 0 Car -1 -1 -10 569.2701 182.0306 619.5441 230.4253 1.5645 1.6719 3.2756 -0.6318 1.9121 25.6287 -14.1795 7.8382
83 31 Car -1 -1 -10 441.1672 186.6044 516.2883 240.3965 1.4558 1.6474 4.2473 -4.0742 1.9304 22.7490 -11.0079 7.9636
83 18 Car -1 -1 -10 153.1982 200.5590 331.7575 290.6466 1.3856 1.5801 3.7087 -7.0059 1.9989 14.0999 -10.9876 7.4979
83 0 Car -1 -1 -10 569.0592 180.4717 619.3257 229.6817 1.6044 1.6743 3.1699 -0.6056 1.8922 25.6206 -14.1589 6.3816
84 32 Car -1 -1 -10 409.9715 185.1670 501.6532 249.8342 1.4703 1.6427 4.2088 -4.0449 1.8368 19.3317 -11.0169 8.0409
84 18 Car -1 -1 -10 6.9655 202.9660 262.2080 324.8789 1.4063 1.5447 3.6055 -6.9972 1.9422 11.0217 -11.0026 6.9052
84 0 Car -1 -1 -10 569.6143 177.9819 619.4290 227.0556 1.6135 1.6607 3.1456 -0.5671 1.8072 25.6261 -14.1410 7.4508
85 33 Car -1 -1 -10 362.3098 184.7801 483.8185 266.0165 1.4804 1.6275 4.3242 -4.0022 1.7805 15.9581 -11.0102 6.5608
85 18 Car -1 -1 -10 0.0000 206.0279 164.6214 374.0000 1.3895 1.6196 3.9807 -7.0029 1.8526 8.0434 -11.0321 5.4409
85 0 Car -1 -1 -10 570.4498 176.3563 620.0040 225.0786 1.6144 1.6576 3.1495 -0.5379 1.7472 25.7072 -14.1363 7.4175
86 34 Car -1 -1 -10 284.4988 187.5699 455.1614 296.0936 1.4808 1.6345 4.3142 -3.9923 1.7827 12.6073 -11.0180 7.4724
86 0 Car -1 -1 -10 570.8366 176.5052 620.7117 225.5322 1.6251 1.6699 3.1261 -0.5416 1.7636 25.7224 -14.1503 7.9220
87 35 Car -1 -1 -10 131.1621 192.4427 414.4386 355.3558 1.4916 1.6401 4.3524 -3.9773 1.8039 9.3076 -11.0001 6.9608
87 0 Car -1 -1 -10 570.6197 177.7603 620.9082 226.8972 1.6205 1.6822 3.2155 -0.5582 1.8070 25.7449 -14.1605 7.4607
88 36 Car -1 -1 -10 0.0000 198.9007 336.8699 374.0000 1.4701 1.6381 4.3229 -3.9288 1.7636 5.9492 -11.0044 6.3674
88 0 Car -1 -1 -10 571.0782 177.5983 620.8721 226.7611 1.6226 1.6658 3.2252 -0.5418 1.8030 25.7521 -14.1545 6.5092
89 37 Car -1 -1 -10 0.0000 207.8033 149.6094 374.0000 1.5415 1.6415 3.9365 -3.9846 1.7765 2.8592 -10.9781 3.5637
89 0 Car -1 -1 -10 570.9648 177.4430 620.5385 226.6840 1.6271 1.6602 3.1585 -0.5701 1.8014 25.7425 -14.1680 7.0954
90 0 Car -1 -1 -10 570.3740 177.3915 620.5413 226.7906 1.6346 1.6816 3.1809 -0.5684 1.8072 25.7776 -14.1601 8.2333
91 0 Car -1 -1 -10 569.9037 176.7257 619.9756 225.7213 1.6254 1.6791 3.1531 -0.5739 1.7726 25.7742 -14.1525 7.4704
92 0 Car -1 -1 -10 570.3581 175.9907 619.7139 224.3707 1.6060 1.6551 3.1334 -0.6127 1.7253 25.7573 -14.1800 7.4452
93 0 Car -1 -1 -10 570.0859 175.1917 620.2505 223.8821 1.6176 1.6785 3.2887 -0.5738 1.7069 25.7886 -14.1572 6.4388
94 0 Car -1 -1 -10 570.1431 176.5997 619.5157 225.5661 1.6248 1.6570 3.0959 -0.6141 1.7671 25.7603 -14.1766 7.8205
95 0 Car -1 -1 -10 568.3199 177.3965 618.0401 225.8793 1.6025 1.6644 3.1932 -0.6238 1.7751 25.7517 -14.1471 8.0195
96 0 Car -1 -1 -10 567.8753 177.9745 617.4645 226.3866 1.5938 1.6562 3.2220 -0.6340 1.7881 25.7095 -14.1435 6.5176
97 0 Car -1 -1 -10 567.8009 177.4201 617.4228 226.5547 1.6187 1.6569 3.1569 -0.6795 1.7917 25.6724 -14.1718 7.9952
98 0 Car -1 -1 -10 566.5817 176.0637 616.7288 225.2814 1.6237 1.6706 3.1845 -0.7101 1.7453 25.6322 -14.1715 7.7071
99 0 Car -1 -1 -10 565.2665 174.9140 615.2447 223.8128 1.6130 1.6589 3.2543 -0.7360 1.6911 25.5819 -14.1592 6.3912
100 0 Car -1 -1 -10 564.1659 175.8574 613.8854 225.3847 1.6260 1.6476 3.1599 -0.8046 1.7392 25.4938 -14.1785 6.8622
101 0 Car -1 -1 -10 563.9247 177.5800 614.4100 227.5204 1.6252 1.6655 3.1285 -0.7878 1.8022 25.3727 -14.1730 6.0223
102 0 Car -1 -1 -10 562.9503 179.1910 614.6578 229.0638 1.6157 1.7051 3.1294 -0.7883 1.8528 25.3645 -14.1657 6.4485
103 0 Car -1 -1 -10 562.2710 178.6383 613.1560 228.5438 1.6096 1.6699 3.2423 -0.8409 1.8261 25.3056 -14.1773 7.7171
104 45 Car -1 -1 -10 865.5902 160.5569 914.4553 191.4959 1.9719 1.7459 3.3459 18.4343 1.1885 47.7163 -14.2097 1.4059
104 0 Car -1 -1 -10 560.9201 176.8878 612.8545 227.4745 1.6372 1.6741 3.1579 -0.7951 1.7873 25.1925 -14.1242 7.0616
105 46 Car -1 -1 -10 844.4645 168.8511 893.3719 191.3215 1.5171 1.6353 4.0280 18.1380 1.2472 50.8040 -14.2477 1.0363
105 0 Car -1 -1 -10 561.4806 176.1837 613.1149 226.5338 1.6274 1.6855 3.1803 -0.8404 1.7513 25.1507 -14.1715 8.3997
106 45 Car -1 -1 -10 886.9667 159.6955 935.2217 192.0098 1.9240 1.7028 2.9717 18.4697 1.1409 44.4543 -14.1499 1.1049
106 0 Car -1 -1 -10 562.1650 176.4000 614.0990 226.0828 1.5983 1.6887 3.2288 -0.8057 1.7300 25.0829 -14.1680 7.8820
107 47 Car -1 -1 -10 523.5014 179.0003 544.9412 196.7142 1.5623 1.6965 3.9555 -7.0289 2.1507 67.0272 -11.0265 1.7568
107 46 Car -1 -1 -10 866.3447 167.6237 913.8243 190.7935 1.4639 1.5958 3.8847 18.3576 1.1338 47.5326 -14.1439 1.3901
107 45 Car -1 -1 -10 894.0050 159.0706 949.5877 194.4012 2.0259 1.7030 3.3328 18.5277 1.2359 43.0932 -14.2075 1.4211
107 0 Car -1 -1 -10 562.5422 176.8972 613.8756 226.4713 1.5873 1.6634 3.1648 -0.8003 1.7366 24.9697 -14.1683 8.0877
108 0 Car -1 -1 -10 564.3018 176.3569 615.7186 226.2031 1.5943 1.6617 3.1690 -0.7359 1.7234 24.9085 -14.1655 7.7610
109 45 Car -1 -1 -10 882.9472 167.4075 939.4762 191.6583 1.4233 1.6097 4.1000 18.4376 1.1040 44.4306 -14.1842 1.5810
109 0 Car -1 -1 -10 563.5760 176.6998 615.9004 226.5238 1.5835 1.6823 3.1545 -0.7478 1.7245 24.7805 -14.1698 6.6673
110 52 Car -1 -1 -10 510.3924 179.4697 540.1318 200.2310 1.5525 1.6948 3.4452 -6.6706 2.0907 56.8729 -10.9175 1.8020
110 51 Car -1 -1 -10 933.6010 156.5284 993.1741 194.4768 1.9320 1.5549 3.1248 18.6690 1.1012 38.3190 -14.1704 1.2090
110 45 Car -1 -1 -10 893.4546 168.5799 950.6535 193.2417 1.3967 1.5300 3.8790 18.4214 1.1550 42.8427 -14.1970 2.3695
110 0 Car -1 -1 -10 563.6036 175.5723 615.7063 226.4040 1.6187 1.6717 3.1506 -0.7169 1.7182 24.7287 -14.1490 7.1322
111 53 Car -1 -1 -10 505.0661 178.1265 534.4349 201.7354 1.6625 1.7571 4.0035 -6.7062 2.0702 53.7249 -11.0136 2.3907
111 45 Car -1 -1 -10 906.1757 166.9151 966.3718 193.3084 1.4366 1.5417 3.7548 18.5187 1.1137 41.1952 -14.2034 3.7352
111 0 Car -1 -1 -10 564.0272 175.8862 616.2308 226.4758 1.6059 1.6712 3.1408 -0.7024 1.7166 24.6724 -14.1504 7.5306
112 54 Car -1 -1 -10 500.8545 180.3907 533.3792 203.4419 1.5129 1.6933 3.6162 -6.4760 2.0588 50.3898 -10.9614 2.7248
112 45 Car -1 -1 -10 917.0550 167.1667 980.8456 193.8595 1.3961 1.4939 4.0079 18.5607 1.0990 39.7693 -14.1796 3.7974
112 0 Car -1 -1 -10 565.3423 175.9782 617.4216 226.7926 1.6063 1.6616 3.1498 -0.6828 1.7201 24.5996 -14.1649 7.6340
113 55 Car -1 -1 -10 492.9919 181.3375 528.3979 207.1770 1.5783 1.6735 3.5695 -6.4690 2.1537 47.0854 -10.9506 3.2677
113 51 Car -1 -1 -10 926.8399 169.5362 998.7137 196.9370 1.3731 1.5507 4.3216 18.6082 1.2072 38.3477 -14.1814 3.2410
113 0 Car -1 -1 -10 564.8954 178.1217 617.4397 229.2750 1.6016 1.6697 3.1945 -0.6664 1.7928 24.5286 -14.1512 6.7115
114 56 Car -1 -1 -10 484.5631 181.9342 521.1941 209.8237 1.5868 1.6953 3.4472 -6.5083 2.1615 43.9063 -10.9880 3.8549
114 45 Car -1 -1 -10 943.3583 169.2592 1016.5735 198.4499 1.3996 1.4744 4.0369 18.6549 1.2276 36.6481 -14.1913 3.9335
114 0 Car -1 -1 -10 565.3561 178.3685 618.3003 229.7730 1.6052 1.6787 3.1964 -0.6325 1.8049 24.4764 -14.1438 7.5185
115 57 Car -1 -1 -10 475.3380 180.3355 516.3557 209.7066 1.5424 1.6769 3.5671 -6.4096 1.9825 40.6066 -10.9744 3.3125
115 45 Car -1 -1 -10 957.8052 164.0074 1039.0604 196.2570 1.4766 1.6189 4.0769 18.7495 1.0719 35.1062 -14.1813 4.3772
115 0 Car -1 -1 -10 565.1076 175.4297 618.5096 227.1493 1.6234 1.6883 3.1227 -0.6437 1.7164 24.3756 -14.1519 7.7189
116 58 Car -1 -1 -10 464.3602 178.5366 508.4775 211.0318 1.5717 1.6716 3.7388 -6.3903 1.8816 37.4261 -11.0017 5.3598
116 45 Car -1 -1 -10 974.6224 163.7394 1059.0072 194.7856 1.3545 1.5079 4.0948 18.7589 0.9572 33.5480 -14.1701 4.9422
116 0 Car -1 -1 -10 566.4495 174.0232 619.0706 225.1420 1.6059 1.6586 3.1960 -0.5987 1.6483 24.3406 -14.1431 7.9645
117 59 Car -1 -1 -10 451.7355 178.8254 501.1865 215.5956 1.6207 1.6655 3.5713 -6.3028 1.9187 34.1717 -10.9901 5.7548
117 45 Car -1 -1 -10 991.5168 160.3067 1082.6455 194.9387 1.4379 1.5524 4.0626 18.7792 0.9173 32.0065 -14.1641 4.7276
117 0 Car -1 -1 -10 568.0980 173.9101 621.3262 225.6395 1.6211 1.6743 3.1306 -0.5704 1.6593 24.2621 -14.1655 6.8468
118 62 Car -1 -1 -10 435.1476 182.1010 491.4823 224.0733 1.6529 1.7505 3.4452 -6.2573 2.0716 30.9078 -11.0070 7.3732
118 63 Car -1 -1 -10 523.3938 179.3175 551.6868 198.5323 1.5227 1.6179 3.9030 -6.0684 2.0837 60.5605 -10.8945 1.2872
118 45 Car -1 -1 -10 1013.1833 162.2186 1109.0388 196.6358 1.3532 1.4533 3.9884 18.8236 0.9354 30.3806 -14.1660 5.3712
118 0 Car -1 -1 -10 568.9095 175.4167 621.7486 227.3540 1.6164 1.6562 3.1473 -0.5194 1.7083 24.1899 -14.1459 7.7744
119 64 Car -1 -1 -10 414.7675 186.5214 479.2225 232.8892 1.5978 1.7054 3.4932 -6.2111 2.1551 27.6469 -11.0028 7.1676
119 65 Car -1 -1 -10 519.8226 181.3270 546.1588 201.6622 1.5121 1.6452 3.9993 -6.1070 2.2092 57.3251 -10.9896 1.4461
119 49 Car -1 -1 -10 1032.0075 167.8138 1139.1156 204.8897 1.3760 1.4423 4.1666 18.8414 1.1893 28.8801 -14.1678 4.5131
119 0 Car -1 -1 -10 566.9582 178.3484 620.9318 230.4648 1.6025 1.6864 3.2109 -0.5287 1.7990 24.1395 -14.1252 7.5951
120 66 Car -1 -1 -10 385.2477 187.3713 462.5084 241.1338 1.6186 1.7178 3.4519 -6.2423 2.1443 24.3804 -10.9940 7.2661
120 67 Car -1 -1 -10 512.2286 182.5257 547.4704 204.4877 1.5295 1.7786 4.2829 -6.0228 2.2892 54.4250 -10.8930 1.9693
120 45 Car -1 -1 -10 1049.5371 170.4711 1170.8869 210.1110 1.3867 1.5382 4.3360 18.7881 1.3037 27.4216 -14.1575 3.4648
120 0 Car -1 -1 -10 569.4772 178.8774 623.3289 230.9028 1.5889 1.6743 3.2698 -0.5033 1.8040 24.0687 -14.1586 5.9207
121 68 Car -1 -1 -10 349.7657 182.5916 442.0348 244.2443 1.6157 1.7110 3.4002 -6.2141 1.9245 21.1484 -11.0001 7.8766
121 69 Car -1 -1 -10 508.2952 177.5802 536.7004 200.2591 1.5157 1.6832 4.1371 -6.1964 1.8652 51.1979 -11.0375 2.3887
121 45 Car -1 -1 -10 1077.1971 164.5181 1210.4829 205.7164 1.3510 1.4810 4.2523 18.8654 1.0780 25.8162 -14.1830 3.5074
121 0 Car -1 -1 -10 567.8730 173.8615 621.4966 226.1384 1.6220 1.6683 3.1516 -0.5228 1.6581 24.0211 -14.1373 8.5234
122 71 Car -1 -1 -10 298.4646 181.9505 414.5851 255.4708 1.6120 1.6836 3.3850 -6.2146 1.8599 17.9350 -10.9898 8.1840
122 72 Car -1 -1 -10 501.3542 175.1308 538.1146 200.0447 1.5777 1.6631 4.1478 -6.0103 1.7369 48.2066 -10.9239 4.2065
122 45 Car -1 -1 -10 1104.0184 162.5895 1241.0000 208.9068 1.4203 1.5391 4.3426 18.8892 1.1059 24.3086 -14.1565 6.2422
122 0 Car -1 -1 -10 567.5325 171.6905 621.6415 223.8857 1.6175 1.6777 3.1278 -0.5547 1.5818 23.9376 -14.1571 6.9909
123 73 Car -1 -1 -10 222.9344 185.6658 377.0317 277.3699 1.5932 1.6831 3.4276 -6.1970 1.8856 14.7284 -10.9984 7.3264
123 74 Car -1 -1 -10 492.3859 177.3607 530.8728 202.4302 1.4614 1.7323 4.4258 -6.1210 1.7573 45.0870 -10.9783 4.6142
123 45 Car -1 -1 -10 1132.1662 157.5108 1241.0000 209.3121 1.4874 1.5588 4.3141 18.9033 1.0472 22.8912 -14.1624 4.5053
123 0 Car -1 -1 -10 567.3132 170.9227 622.1527 223.0855 1.6113 1.6941 3.1612 -0.5235 1.5520 23.8691 -14.1408 7.6785
124 75 Car -1 -1 -10 96.7727 190.2894 320.2579 312.8140 1.5843 1.6845 3.4153 -6.2026 1.9046 11.5259 -11.0004 7.6931
124 76 Car -1 -1 -10 483.1672 177.4004 525.3643 204.9059 1.4867 1.7730 4.3687 -6.1133 1.7650 41.9152 -10.9856 3.7232
124 45 Car -1 -1 -10 1169.0434 152.3136 1241.0000 205.3220 1.4314 1.5906 3.8994 18.8740 0.8771 21.4337 -14.1408 2.5538
124 0 Car -1 -1 -10 568.4001 170.6451 622.9093 223.2731 1.6191 1.6777 3.1904 -0.5134 1.5515 23.8040 -14.1535 6.8332
125 77 Car -1 -1 -10 0.0000 198.1862 232.1308 374.0000 1.5364 1.6030 3.4838 -6.1739 1.8937 8.4196 -10.9988 5.9650
125 78 Car -1 -1 -10 474.1794 180.2433 517.8782 209.9606 1.4656 1.7322 4.2039 -6.0926 1.8844 38.7446 -11.0075 4.5718
125 0 Car -1 -1 -10 569.3923 172.7675 623.6838 225.6619 1.6251 1.6688 3.1662 -0.4861 1.6228 23.7622 -14.1539 8.0199
126 79 Car -1 -1 -10 461.7505 182.7267 512.4239 216.3658 1.5051 1.6936 4.3707 -6.0563 2.0251 35.7737 -10.9766 4.2740
126 80 Car -1 -1 -10 0.0000 215.2532 71.3105 374.0000 1.5132 1.6197 3.9287 -6.0637 1.9347 5.1437 -11.0720 2.3887
126 0 Car -1 -1 -10 568.4282 174.7265 623.1620 228.2882 1.6312 1.6755 3.2025 -0.4858 1.6972 23.6872 -14.1401 7.4106
127 81 Car -1 -1 -10 442.6455 186.3320 503.0933 223.9008 1.5007 1.7929 4.2948 -6.1386 2.1498 32.5533 -10.9647 7.3452
127 0 Car -1 -1 -10 567.8672 177.4401 622.4210 230.1621 1.5898 1.6673 3.1560 -0.4805 1.7504 23.6197 -14.1244 7.7698
128 82 Car -1 -1 -10 427.5613 186.7808 490.9829 228.9524 1.5154 1.7014 4.3052 -6.1105 2.1268 29.5012 -10.9968 6.6134
128 0 Car -1 -1 -10 568.2975 177.2103 623.0416 230.2312 1.5959 1.6692 3.1627 -0.4606 1.7482 23.5703 -14.1226 7.4067
129 83 Car -1 -1 -10 402.3671 188.6207 479.5717 234.3587 1.4377 1.6902 4.3567 -6.1135 2.0631 26.3987 -10.9658 7.2062
129 0 Car -1 -1 -10 567.3387 175.9085 622.7083 229.5336 1.6180 1.6843 3.1244 -0.5022 1.7245 23.5081 -14.1373 8.6357
130 85 Car -1 -1 -10 369.6134 187.4636 463.7821 241.3266 1.4855 1.7587 4.4735 -6.1651 2.0050 23.3790 -10.9711 7.9678
130 0 Car -1 -1 -10 566.7863 173.9689 622.9826 227.7884 1.6242 1.7032 3.1368 -0.4760 1.6632 23.4218 -14.1187 7.1025
131 87 Car -1 -1 -10 329.4500 188.5166 440.6226 251.8509 1.4908 1.6833 4.3457 -6.1981 1.9785 20.2565 -10.9729 7.9136
131 0 Car -1 -1 -10 567.1296 173.4978 622.3887 227.4468 1.6258 1.6682 3.1461 -0.5059 1.6484 23.3524 -14.1367 7.1782
132 88 Car -1 -1 -10 271.1517 192.8145 414.1007 270.4199 1.4815 1.7136 4.4957 -6.1965 2.0197 17.1852 -10.9882 8.1553
132 0 Car -1 -1 -10 566.8628 174.5649 622.7418 228.5563 1.6186 1.6836 3.1582 -0.4950 1.6780 23.3127 -14.1311 8.0103
133 89 Car -1 -1 -10 184.5784 197.6952 378.3247 296.3901 1.4733 1.6985 4.4789 -6.2006 2.0388 14.1578 -10.9773 8.8050
133 0 Car -1 -1 -10 567.5063 175.4381 623.8008 230.2084 1.6287 1.6873 3.2708 -0.5112 1.7183 23.2627 -14.1587 8.6038
134 90 Car -1 -1 -10 37.5471 203.8532 322.7395 337.2632 1.4437 1.6756 4.4796 -6.2289 2.0179 11.1028 -10.9817 7.7840
134 84 Car -1 -1 -10 637.3423 176.3319 661.9703 196.4778 1.5284 1.6458 3.7932 3.0936 1.8143 57.3185 -14.1644 1.5683
134 0 Car -1 -1 -10 566.7515 177.4064 622.7754 232.2921 1.6189 1.6742 3.1131 -0.5425 1.7751 23.1196 -14.1637 6.7474
135 91 Car -1 -1 -10 0.0000 213.1242 240.4076 374.0000 1.4546 1.7497 4.4453 -6.2194 2.0296 8.0596 -10.9827 4.9302
135 0 Car -1 -1 -10 565.8598 179.1875 621.3653 233.3820 1.5903 1.6569 3.1158 -0.5399 1.8071 23.0950 -14.1398 7.3181
136 91 Car -1 -1 -10 0.0000 224.0620 92.3390 374.0000 1.4983 1.6575 4.2402 -6.2693 2.0279 5.3041 -10.9572 3.3075
136 84 Car -1 -1 -10 633.9277 175.8568 667.3111 201.0918 1.8138 1.8094 3.7609 2.9913 2.0485 54.3200 -14.2770 1.2540
136 0 Car -1 -1 -10 566.0793 179.4636 621.5379 233.8508 1.5863 1.6491 3.1742 -0.5047 1.8123 23.0302 -14.1222 8.2555
137 0 Car -1 -1 -10 566.7516 177.9696 623.1552 233.5971 1.6241 1.6709 3.1500 -0.5292 1.7985 22.9509 -14.1609 8.4392
138 84 Car -1 -1 -10 643.7680 177.0019 673.0686 199.5550 1.5216 1.6222 3.8386 3.3802 1.8285 51.3602 -14.1926 1.5369
138 0 Car -1 -1 -10 566.6886 177.4382 623.2612 231.6695 1.5781 1.6644 3.1510 -0.4608 1.7338 22.8552 -14.1165 6.5863
139 95 Car -1 -1 -10 827.0772 168.8558 863.9654 187.8438 1.4744 1.6075 3.9971 18.8691 1.1643 58.0345 -11.0108 1.2619
139 84 Car -1 -1 -10 646.4183 173.7238 672.0538 197.2910 1.5580 1.6651 3.5719 3.3917 1.6205 49.6917 -14.0413 2.5566
139 0 Car -1 -1 -10 569.4760 174.4024 626.3716 229.7104 1.6197 1.6759 3.1569 -0.4599 1.6725 22.8261 -14.1743 8.1780
140 96 Car -1 -1 -10 858.1781 162.6559 901.0230 187.7226 1.7018 1.6857 3.6609 18.9077 1.0098 50.8237 -14.1248 1.1539
140 84 Car -1 -1 -10 645.2268 173.8714 677.0461 197.2089 1.4972 1.5756 3.7390 3.3592 1.5685 48.3828 -14.2192 1.8550
140 0 Car -1 -1 -10 569.2547 172.7056 626.3132 227.7684 1.6173 1.6768 3.1183 -0.4313 1.6133 22.7631 -14.1538 6.5468
141 96 Car -1 -1 -10 868.8111 161.7098 910.5590 187.5154 1.6940 1.6380 3.7608 19.0249 0.9628 49.2994 -14.0614 3.2668
141 93 Car -1 -1 -10 840.0778 165.0884 883.5955 186.4559 1.5669 1.7279 4.2981 19.1345 0.9978 55.0784 -14.1622 1.1388
141 84 Car -1 -1 -10 648.8628 173.3600 678.2099 197.2891 1.4916 1.6117 3.7685 3.4137 1.5262 46.9412 -14.1415 2.3171
141 0 Car -1 -1 -10 569.7786 172.9443 627.4675 228.2581 1.6212 1.6918 3.1398 -0.3715 1.6246 22.7249 -14.1313 6.8325
142 96 Car -1 -1 -10 873.6982 161.1562 922.6655 187.8691 1.7014 1.6549 3.7695 19.0228 0.9567 47.8605 -14.1651 2.3205
142 84 Car -1 -1 -10 652.5092 174.5179 680.5955 199.8426 1.5192 1.6009 3.7399 3.4917 1.6287 45.4276 -14.1021 2.6406
142 0 Car -1 -1 -10 572.5681 174.2338 629.9134 229.6162 1.6139 1.6784 3.0998 -0.3302 1.6606 22.6661 -14.1549 8.6411
143 96 Car -1 -1 -10 886.0034 159.7760 933.9788 189.6291 1.8393 1.6531 3.6416 19.1571 1.0339 46.2973 -14.1069 3.5209
143 93 Car -1 -1 -10 854.3484 166.2227 901.3509 189.1106 1.5803 1.6687 4.2375 19.1960 1.1228 51.9663 -11.0353 2.3401
143 84 Car -1 -1 -10 652.7292 173.8206 685.4554 200.5148 1.5536 1.5695 3.7580 3.5314 1.6155 44.0322 -14.1699 2.7979
143 0 Car -1 -1 -10 574.6517 175.1093 630.7375 230.5203 1.6050 1.6352 3.1597 -0.2487 1.6810 22.6117 -14.1299 7.5046
144 96 Car -1 -1 -10 895.5014 162.3024 948.6697 191.7294 1.7499 1.7223 3.9020 19.3087 1.1228 44.8822 -14.1045 3.2663
144 93 Car -1 -1 -10 862.3657 165.8063 911.3607 190.3326 1.6386 1.6979 4.7206 19.2992 1.1681 50.5789 -10.9767 1.2631
144 84 Car -1 -1 -10 656.9082 177.3573 688.8302 204.0946 1.4844 1.5566 3.3672 3.6159 1.7594 42.3127 -14.1434 2.1670
144 0 Car -1 -1 -10 574.4349 175.6448 632.4030 231.9180 1.6207 1.6784 3.1633 -0.1894 1.7145 22.5469 -14.1031 7.6648
145 96 Car -1 -1 -10 906.5212 163.2819 960.2539 193.8324 1.7543 1.6802 3.8046 19.3346 1.2050 43.3721 -14.0869 3.7252
145 93 Car -1 -1 -10 871.5746 167.7600 921.7267 190.8768 1.5010 1.6656 4.1996 19.3506 1.1706 48.9629 -14.1563 2.6322
145 84 Car -1 -1 -10 660.8694 177.4018 692.6888 204.5003 1.4483 1.5593 3.3600 3.7065 1.7167 40.8269 -14.1150 3.3757
145 0 Car -1 -1 -10 576.9677 175.9888 634.4614 232.5928 1.6254 1.6686 3.2028 -0.1209 1.7307 22.5241 -14.1050 6.6254
146 96 Car -1 -1 -10 915.2740 163.7254 973.6297 195.4562 1.7587 1.6767 3.8053 19.3140 1.2531 41.9059 -14.1197 3.3775
146 93 Car -1 -1 -10 879.5684 168.1135 933.6258 192.5031 1.5299 1.6623 4.1457 19.3672 1.2329 47.3720 -14.1907 1.1010
146 84 Car -1 -1 -10 660.5817 176.1694 695.2270 205.3140 1.5061 1.5383 3.7110 3.6435 1.6968 39.5643 -14.1400 3.6381
146 0 Car -1 -1 -10 578.4847 175.9041 636.1519 232.5782 1.6214 1.6656 3.1904 -0.0671 1.7235 22.4401 -14.0997 6.8823
147 96 Car -1 -1 -10 928.5207 163.1815 989.3503 196.1515 1.7594 1.6903 3.7018 19.4121 1.2436 40.3741 -14.1103 4.6833
147 84 Car -1 -1 -10 665.8291 178.2234 699.7827 207.5911 1.4439 1.5900 3.6592 3.7562 1.7411 38.0209 -14.0886 3.2146
147 0 Car -1 -1 -10 579.2366 176.5910 636.6799 232.9067 1.6077 1.6589 3.1394 -0.0683 1.7323 22.3963 -14.1126 6.1118
148 96 Car -1 -1 -10 938.5808 166.8343 1003.7614 199.2300 1.6670 1.6447 3.7974 19.4163 1.3576 39.0304 -14.1299 5.0208
148 93 Car -1 -1 -10 897.0812 171.2187 954.3157 195.8168 1.4524 1.6528 4.1818 19.4468 1.3562 44.7060 -14.1551 3.6588
148 84 Car -1 -1 -10 669.7147 177.6743 704.4571 208.2576 1.4459 1.5872 3.6396 3.8241 1.7030 36.5630 -14.0755 3.2503
148 0 Car -1 -1 -10 580.2379 175.7204 638.5440 233.2166 1.6426 1.6790 3.1412 -0.0532 1.7380 22.3448 -14.1297 7.3767
149 99 Car -1 -1 -10 844.5015 169.3039 879.3418 189.0392 1.5135 1.5031 3.2547 19.8349 1.2416 56.9891 -14.1785 1.1937
149 96 Car -1 -1 -10 950.9996 163.0784 1019.9413 201.6914 1.9033 1.6707 3.8132 19.3813 1.4218 37.4900 -14.1121 4.0606
149 93 Car -1 -1 -10 907.8265 171.7820 968.0433 198.5970 1.5248 1.6918 4.2695 19.4984 1.4642 43.1689 -14.1281 4.4439
149 84 Car -1 -1 -10 668.9231 178.7589 706.3629 211.8901 1.5058 1.5541 3.4453 3.7000 1.8082 35.1590 -14.1062 3.8054
149 0 Car -1 -1 -10 582.2664 176.0065 641.1273 233.8212 1.6469 1.6907 3.1330 0.0029 1.7515 22.2890 -14.1363 7.9485
150 96 Car -1 -1 -10 964.8069 169.8488 1037.5808 207.3894 1.7771 1.6890 3.7744 19.4222 1.6352 36.0684 -14.1031 4.8420
150 93 Car -1 -1 -10 918.0228 176.1951 981.4424 202.9461 1.4456 1.6452 4.3119 19.5001 1.6490 41.6869 -14.1333 4.9872
150 84 Car -1 -1 -10 668.7918 181.6391 712.4039 215.2740 1.4454 1.5630 3.2819 3.6584 1.8744 33.5380 -14.1683 3.8007
150 0 Car -1 -1 -10 583.8270 178.9157 641.9215 235.7272 1.5998 1.6664 3.2166 0.0810 1.8012 22.2957 -14.1081 7.6685
151 96 Car -1 -1 -10 978.8314 164.7757 1054.5459 205.5771 1.8539 1.6549 3.6304 19.3785 1.4872 34.6177 -14.1115 5.6352
151 93 Car -1 -1 -10 928.4812 174.1337 994.3013 200.6976 1.3972 1.6092 4.2101 19.4765 1.4727 40.2591 -14.1403 3.8003
151 84 Car -1 -1 -10 672.4447 180.4315 716.8913 214.6506 1.4112 1.5557 3.4538 3.6919 1.7685 32.2534 -14.1445 3.4177
151 0 Car -1 -1 -10 584.9166 176.7853 643.6531 233.9419 1.6143 1.6782 3.2788 0.0944 1.7449 22.2522 -14.1252 6.8931
152 96 Car -1 -1 -10 992.8683 160.4554 1075.0166 200.8216 1.7511 1.6662 3.7565 19.3621 1.2136 33.2029 -14.1037 6.1599
152 93 Car -1 -1 -10 936.5794 168.9064 1010.0656 196.9644 1.4276 1.6678 4.3994 19.4557 1.2271 38.9273 -14.1597 4.8697
152 84 Car -1 -1 -10 676.6914 176.0211 722.2122 211.3166 1.4040 1.5546 3.4214 3.7145 1.5468 30.7284 -14.1242 4.6973
152 0 Car -1 -1 -10 585.8388 172.8735 644.6373 229.3556 1.6107 1.6781 3.1982 0.1302 1.6117 22.1883 -14.1193 8.8963
153 96 Car -1 -1 -10 1009.9426 154.6307 1099.3720 199.0332 1.8400 1.7390 3.7170 19.4317 1.0852 31.7841 -14.1032 5.0609
153 93 Car -1 -1 -10 957.2176 166.4788 1024.9333 194.5774 1.3701 1.5551 4.0070 19.5275 1.0596 37.2229 -14.0823 3.0518
153 84 Car -1 -1 -10 677.5066 175.9553 728.4353 213.8337 1.4335 1.5840 3.3919 3.6730 1.5671 29.2901 -14.1512 5.3453
153 0 Car -1 -1 -10 587.4378 172.8484 646.5464 229.5576 1.6120 1.6818 3.1222 0.1861 1.6122 22.0872 -14.1146 7.3921
154 96 Car -1 -1 -10 1028.1931 154.2080 1124.4253 200.5399 1.8245 1.6973 3.7354 19.4167 1.0906 30.3004 -14.1104 7.0749
154 93 Car -1 -1 -10 965.5640 166.6074 1044.8425 196.6975 1.4107 1.6280 4.1010 19.5108 1.1182 35.8920 -14.1584 4.4762
154 84 Car -1 -1 -10 682.1576 177.7354 734.2476 217.4364 1.4134 1.5202 3.3922 3.6808 1.6134 27.8050 -14.1446 5.1657
154 0 Car -1 -1 -10 588.5098 174.8657 647.2725 232.4176 1.6220 1.6701 3.2280 0.2562 1.6886 22.1021 -14.0869 6.9746
155 96 Car -1 -1 -10 1047.4631 154.5694 1150.4648 202.7385 1.8013 1.6761 3.7253 19.3872 1.1179 28.8670 -14.1064 5.8516
155 93 Car -1 -1 -10 978.5197 166.0017 1064.1712 198.2531 1.4485 1.6190 4.2225 19.5250 1.1411 34.5318 -14.1589 4.4149
155 84 Car -1 -1 -10 687.0343 178.9121 741.8824 221.1210 1.4145 1.5549 3.4379 3.7135 1.6511 26.4042 -14.1225 6.5452
155 0 Car -1 -1 -10 590.6611 175.3343 649.8547 233.4706 1.6357 1.6774 3.1139 0.2686 1.7171 22.0028 -14.1206 8.5411
156 96 Car -1 -1 -10 1065.2509 153.9260 1185.8985 205.6914 1.8306 1.8143 3.9450 19.4418 1.1616 27.4982 -14.1233 3.5732
156 93 Car -1 -1 -10 994.1876 166.1864 1084.7877 199.9724 1.4490 1.6348 4.1811 19.4969 1.1634 33.0385 -14.1443 5.8559
156 84 Car -1 -1 -10 690.6582 178.5833 749.8044 223.7938 1.4340 1.5168 3.3345 3.7038 1.6460 24.9790 -14.1435 4.5830
156 0 Car -1 -1 -10 591.6282 175.5231 651.0757 233.7697 1.6337 1.6813 3.1541 0.3170 1.7213 21.9816 -14.1091 7.4410
157 96 Car -1 -1 -10 1093.4788 151.7264 1215.6015 208.4088 1.8964 1.6821 3.6491 19.4065 1.1899 25.9761 -14.1201 5.4391
157 93 Car -1 -1 -10 1011.1895 166.7108 1108.2204 200.8165 1.3916 1.5925 4.2680 19.4963 1.1413 31.5740 -14.1345 5.4194
157 84 Car -1 -1 -10 693.7593 180.1601 757.9242 227.6621 1.4040 1.5678 3.5684 3.6752 1.6622 23.6681 -14.1258 4.9434
157 0 Car -1 -1 -10 593.9626 175.4026 653.1245 233.6111 1.6293 1.6683 3.1163 0.3641 1.7126 21.9055 -14.1178 8.0170
158 96 Car -1 -1 -10 1120.2042 152.8959 1241.0000 210.0685 1.7940 1.6387 3.7005 19.3597 1.1681 24.5298 -14.0834 4.2599
158 93 Car -1 -1 -10 1028.1704 165.4828 1132.1548 201.7231 1.4123 1.6340 4.1878 19.4962 1.1254 30.2126 -14.1337 6.0659
158 84 Car -1 -1 -10 699.1961 179.7199 768.3314 230.4799 1.4031 1.5576 3.5504 3.6782 1.6318 22.2093 -14.1249 5.9441
158 0 Car -1 -1 -10 594.7783 174.7010 654.9272 233.6829 1.6466 1.6890 3.2097 0.4078 1.7071 21.8671 -14.1129 7.6595
159 96 Car -1 -1 -10 1149.8707 150.5446 1241.0000 211.7051 1.8024 1.6586 3.6142 19.3729 1.1453 23.1004 -14.0964 5.4175
159 93 Car -1 -1 -10 1047.7402 163.8686 1158.8322 201.5971 1.3930 1.5599 4.1306 19.4303 1.0616 28.7117 -14.1486 3.2256
159 84 Car -1 -1 -10 706.0113 179.2537 779.4333 233.5637 1.4029 1.5292 3.3620 3.6795 1.6021 20.7249 -14.1241 5.8616
159 0 Car -1 -1 -10 595.8792 173.9453 655.0956 232.0764 1.6237 1.6618 3.1525 0.4525 1.6595 21.8215 -14.0948 7.1498
160 96 Car -1 -1 -10 1182.3228 149.2781 1241.0000 212.6397 1.7081 1.6480 4.0107 19.3289 1.0729 21.5072 -14.0662 1.8800
160 93 Car -1 -1 -10 1065.9814 162.9853 1188.4005 204.8740 1.4727 1.6321 4.1203 19.4571 1.1261 27.4436 -14.1609 2.8020
160 84 Car -1 -1 -10 711.2057 179.2781 794.7584 239.3062 1.4298 1.5500 3.5370 3.6813 1.6181 19.3345 -14.1329 6.7898
160 0 Car -1 -1 -10 597.0469 174.5078 657.1923 233.1947 1.6304 1.6811 3.1578 0.4943 1.6843 21.7454 -14.0962 7.8954
161 93 Car -1 -1 -10 1089.7140 165.0901 1229.3662 208.5919 1.4308 1.6554 4.3690 19.4904 1.1758 25.9221 -14.1476 5.7740
161 84 Car -1 -1 -10 718.7104 180.2504 809.2488 245.9883 1.4417 1.5440 3.4514 3.6724 1.6438 17.9445 -14.1274 7.4509
161 0 Car -1 -1 -10 599.0181 175.2233 658.7029 233.5313 1.6154 1.6685 3.1593 0.5669 1.6925 21.7434 -14.0807 7.0222
162 93 Car -1 -1 -10 1114.3010 164.4160 1241.0000 209.8192 1.4090 1.5967 4.2059 19.3954 1.1475 24.5109 -14.1620 6.1578
162 84 Car -1 -1 -10 727.4676 181.0457 827.9689 253.0408 1.4342 1.5116 3.4368 3.6628 1.6413 16.4851 -14.1320 7.7589
162 0 Car -1 -1 -10 600.6628 175.3908 659.7630 233.8362 1.6132 1.6437 3.1243 0.5565 1.6952 21.6345 -14.1099 7.2558
163 93 Car -1 -1 -10 1139.7139 163.5013 1241.0000 213.5022 1.4689 1.6446 4.1003 19.3928 1.1945 23.2615 -14.1586 4.0873
163 84 Car -1 -1 -10 737.3342 181.2591 851.2372 261.0726 1.4394 1.5160 3.3519 3.6588 1.6345 15.0389 -14.1373 7.8348
163 0 Car -1 -1 -10 600.6278 175.0201 660.6926 233.9911 1.6262 1.6697 3.1647 0.6083 1.6964 21.6380 -14.0845 7.3821
164 93 Car -1 -1 -10 1172.0983 159.3213 1241.0000 214.9281 1.5436 1.6173 3.7897 19.3701 1.1683 21.9431 -14.1649 1.8264
164 84 Car -1 -1 -10 747.5087 182.5855 878.4592 272.2857 1.4317 1.5247 3.5032 3.6311 1.6400 13.6553 -14.1263 7.0906
164 0 Car -1 -1 -10 601.1536 175.2276 661.6226 233.9171 1.6140 1.6751 3.1558 0.5906 1.6906 21.5715 -14.1077 7.0615
165 84 Car -1 -1 -10 760.6169 184.9657 914.5793 285.8388 1.4118 1.5479 3.4264 3.6220 1.6463 12.2272 -14.1300 8.4709
165 0 Car -1 -1 -10 601.4407 177.0506 661.5017 236.4197 1.6217 1.6605 3.1171 0.5913 1.7564 21.5126 -14.1076 7.7796
166 84 Car -1 -1 -10 775.8357 187.0129 960.1828 303.6865 1.3969 1.5674 3.5416 3.6015 1.6454 10.8561 -14.1167 7.1372
166 0 Car -1 -1 -10 602.0046 178.1167 662.1171 237.3628 1.6069 1.6546 3.1556 0.5889 1.7753 21.4433 -14.1183 7.6096
167 104 Car -1 -1 -10 157.1144 178.1832 220.5226 196.7969 1.5456 1.7184 4.3618 -36.0178 2.0107 61.7505 -12.7137 1.0503
167 84 Car -1 -1 -10 795.8962 187.8165 1020.4525 327.8802 1.4202 1.5432 3.4447 3.5686 1.6518 9.4160 -14.1239 7.4589
167 0 Car -1 -1 -10 602.1546 177.9446 662.3393 237.5486 1.6104 1.6505 3.2194 0.6075 1.7733 21.4034 -14.1087 7.6881
168 84 Car -1 -1 -10 826.7966 187.3302 1112.1438 361.2574 1.4326 1.5350 3.3747 3.5613 1.6265 7.9345 -14.1073 6.8435
168 0 Car -1 -1 -10 601.4187 176.9938 662.7820 236.6962 1.6159 1.6808 3.1128 0.6030 1.7477 21.3262 -14.1075 7.8302
169 84 Car -1 -1 -10 856.0150 191.2583 1241.0000 374.0000 1.3782 1.5629 3.4588 3.5284 1.5901 6.5498 -14.1222 6.9579
169 0 Car -1 -1 -10 601.4798 176.8210 662.7535 237.5188 1.6369 1.6717 3.1121 0.6092 1.7628 21.2472 -14.1021 7.8312
170 84 Car -1 -1 -10 903.9349 192.1993 1241.0000 374.0000 1.4061 1.5303 3.5223 3.5024 1.5915 5.1298 -14.1266 5.7603
170 0 Car -1 -1 -10 601.6594 177.7986 662.7881 238.4730 1.6236 1.6586 3.2178 0.5789 1.7803 21.1904 -14.1222 7.7362
171 84 Car -1 -1 -10 973.1791 192.0346 1241.0000 374.0000 1.4496 1.5836 3.5873 3.4765 1.5960 3.6870 -14.1238 3.9803
171 0 Car -1 -1 -10 600.3935 177.9436 662.4002 238.7177 1.6213 1.6784 3.1717 0.5710 1.7820 21.1219 -14.1117 8.0854
172 84 Car -1 -1 -10 1088.2311 198.4625 1241.0000 374.0000 1.4487 1.5978 3.9076 3.3764 1.5967 2.1577 -14.0753 1.1779
172 0 Car -1 -1 -10 600.6616 179.5314 662.5723 239.9641 1.5992 1.6698 3.1274 0.5813 1.8089 21.0300 -14.1071 7.2469
173 0 Car -1 -1 -10 601.7339 179.7218 663.5264 240.4221 1.5985 1.6588 3.1453 0.5917 1.8134 20.9477 -14.1164 6.8311
174 0 Car -1 -1 -10 600.8722 179.1592 664.1623 241.0485 1.6258 1.6926 3.1496 0.6013 1.8226 20.8775 -14.1067 7.3802
175 0 Car -1 -1 -10 600.3048 178.2354 663.8668 240.5444 1.6308 1.6894 3.1595 0.5851 1.7980 20.7632 -14.1074 7.1541
176 0 Car -1 -1 -10 600.6344 178.1580 663.5375 239.5411 1.6005 1.6650 3.1350 0.5731 1.7645 20.6717 -14.1134 7.8616
177 0 Car -1 -1 -10 600.3547 177.8153 662.8928 239.5220 1.6012 1.6463 3.1603 0.5637 1.7541 20.5799 -14.1097 7.5427
178 0 Car -1 -1 -10 600.8879 177.0275 664.4329 238.8591 1.5949 1.6606 3.2250 0.6043 1.7232 20.4736 -14.0990 7.2336
179 0 Car -1 -1 -10 598.7872 176.0517 664.5405 238.7104 1.6168 1.7118 3.2189 0.5232 1.7147 20.3935 -14.1324 7.6822
180 0 Car -1 -1 -10 599.8887 176.3742 664.4479 239.3597 1.6158 1.6731 3.2193 0.5549 1.7232 20.3134 -14.1190 8.2238
181 0 Car -1 -1 -10 599.2837 177.1885 663.3786 239.7518 1.5955 1.6550 3.2151 0.5251 1.7272 20.2417 -14.1228 7.5795
182 0 Car -1 -1 -10 599.3977 174.5649 664.4973 237.9099 1.6215 1.6746 3.0911 0.5087 1.6732 20.1004 -14.1420 7.5183
183 0 Car -1 -1 -10 599.6837 173.9048 664.4097 236.8423 1.6051 1.6555 3.1343 0.5142 1.6369 20.0188 -14.1379 7.6457
184 0 Car -1 -1 -10 597.1272 172.6712 663.0129 235.6301 1.6045 1.6799 3.2057 0.4919 1.6002 20.0035 -14.1189 7.7208
185 0 Car -1 -1 -10 596.4766 171.0579 663.2767 235.1698 1.6262 1.6955 3.1765 0.4907 1.5810 19.9059 -14.1148 8.7676
186 0 Car -1 -1 -10 597.4048 171.6590 663.2890 235.0705 1.6056 1.6684 3.1514 0.4642 1.5757 19.8438 -14.1387 8.0428
187 0 Car -1 -1 -10 597.1860 172.4515 663.3940 235.6435 1.5950 1.6718 3.2310 0.4553 1.5852 19.8291 -14.1424 8.4148
188 0 Car -1 -1 -10 596.4352 172.2355 662.5294 235.7127 1.5968 1.6637 3.1582 0.4757 1.5816 19.7449 -14.1152 7.9715
189 0 Car -1 -1 -10 596.2575 172.3773 662.7784 236.0777 1.5978 1.6696 3.2305 0.4753 1.5862 19.7285 -14.1156 7.6848
190 0 Car -1 -1 -10 596.8834 172.6639 663.2604 236.0588 1.5865 1.6616 3.1852 0.4478 1.5821 19.6499 -14.1409 7.8420
191 0 Car -1 -1 -10 597.2647 173.0022 663.2408 238.1127 1.6260 1.6491 3.0858 0.4863 1.6307 19.5816 -14.1181 6.8877
192 0 Car -1 -1 -10 595.3868 174.2876 661.8145 239.8097 1.6278 1.6597 3.0949 0.4822 1.6702 19.5744 -14.0933 7.8293
193 0 Car -1 -1 -10 596.6717 175.5982 662.9216 240.0892 1.5953 1.6519 3.1972 0.4650 1.6763 19.5918 -14.1243 7.2841
194 0 Car -1 -1 -10 596.2840 175.4641 664.3770 240.0989 1.5963 1.6945 3.2474 0.4717 1.6734 19.5804 -14.1280 7.9645
195 0 Car -1 -1 -10 595.7357 176.0036 663.9583 240.3617 1.5895 1.6998 3.1978 0.4478 1.6823 19.5743 -14.1358 7.0254
196 0 Car -1 -1 -10 596.2674 175.7595 665.1988 241.0023 1.6071 1.7032 3.1660 0.4382 1.6925 19.5147 -14.1593 7.3927
197 0 Car -1 -1 -10 597.5283 174.9420 664.9993 239.8831 1.6091 1.6814 3.1474 0.4793 1.6706 19.5513 -14.1383 7.4063
198 0 Car -1 -1 -10 596.8220 175.0391 663.4711 240.1431 1.6123 1.6616 3.1322 0.4907 1.6767 19.5584 -14.1129 6.8485
199 0 Car -1 -1 -10 597.7311 173.8806 664.8454 239.4868 1.6287 1.6723 3.1352 0.4639 1.6591 19.5361 -14.1486 8.3863
200 0 Car -1 -1 -10 597.7914 173.2753 664.4122 238.1363 1.6149 1.6616 3.1187 0.5111 1.6276 19.5597 -14.1152 7.7187
201 0 Car -1 -1 -10 597.7138 173.7542 664.5514 238.4306 1.6084 1.6677 3.1600 0.5218 1.6352 19.5881 -14.1092 8.1411
202 0 Car -1 -1 -10 596.7139 174.2216 663.1748 239.4573 1.6226 1.6615 3.1052 0.5073 1.6631 19.5933 -14.0993 8.2930
203 0 Car -1 -1 -10 597.4074 175.0036 662.9895 239.5860 1.6084 1.6436 3.1241 0.4850 1.6720 19.6484 -14.1192 7.6359
204 0 Car -1 -1 -10 597.7534 175.9008 664.1258 240.3294 1.6030 1.6656 3.2161 0.4738 1.6934 19.7111 -14.1390 7.5601
205 0 Car -1 -1 -10 596.6161 175.7900 663.3101 240.4010 1.6111 1.6774 3.1729 0.4835 1.6983 19.7371 -14.1178 7.6865
206 0 Car -1 -1 -10 596.9093 175.8725 663.9215 240.4947 1.6120 1.6863 3.2043 0.4895 1.7018 19.7620 -14.1216 7.8856
207 0 Car -1 -1 -10 597.2332 176.0030 663.5434 240.0932 1.6011 1.6727 3.1784 0.5115 1.6949 19.7944 -14.1077 7.2467
208 0 Car -1 -1 -10 597.5177 176.2686 662.9285 240.2165 1.6001 1.6530 3.1809 0.4903 1.7019 19.8279 -14.1193 7.5780
209 0 Car -1 -1 -10 596.2988 176.1594 661.7850 240.0224 1.6038 1.6608 3.1880 0.4691 1.7027 19.8963 -14.1149 7.5474
210 0 Car -1 -1 -10 595.2444 176.3491 661.2539 240.7854 1.6226 1.6792 3.1624 0.4492 1.7273 19.9391 -14.1155 7.2435
211 0 Car -1 -1 -10 594.9074 174.9212 660.0649 238.4443 1.6079 1.6588 3.1386 0.4073 1.6699 19.9384 -14.1302 8.3486
212 0 Car -1 -1 -10 592.5510 174.2823 658.0905 237.7212 1.6097 1.6723 3.2007 0.4006 1.6529 20.0094 -14.0999 7.5973
213 0 Car -1 -1 -10 591.9177 174.9858 656.3785 237.5901 1.5923 1.6500 3.0874 0.3409 1.6564 20.0136 -14.1191 7.3717
214 0 Car -1 -1 -10 589.3035 175.9200 653.4720 238.2200 1.5868 1.6506 3.1710 0.2907 1.6796 20.1429 -14.1073 7.3422
215 0 Car -1 -1 -10 587.6300 175.4672 651.0641 237.3429 1.5837 1.6383 3.1099 0.2489 1.6629 20.1828 -14.1003 7.7812
216 0 Car -1 -1 -10 586.1229 174.9159 649.9810 237.3212 1.6044 1.6511 3.1210 0.1652 1.6670 20.2143 -14.1336 6.7092
217 0 Car -1 -1 -10 584.6827 173.9806 649.0857 236.8179 1.6292 1.6768 3.1259 0.1685 1.6638 20.3447 -14.1125 8.1247
218 0 Car -1 -1 -10 583.3658 173.8668 648.1721 236.8037 1.6399 1.6936 3.1126 0.0948 1.6711 20.4086 -14.1422 7.3455
219 0 Car -1 -1 -10 582.9550 174.7037 646.3158 236.5254 1.6169 1.6669 3.0982 0.1033 1.6739 20.5273 -14.1176 7.9318
220 0 Car -1 -1 -10 583.1363 175.0226 646.5194 236.2238 1.6044 1.6737 3.1434 0.0465 1.6715 20.6143 -14.1585 7.4676
221 0 Car -1 -1 -10 581.5348 174.9557 644.6485 235.9961 1.6137 1.6784 3.1384 0.0267 1.6791 20.7538 -14.1420 7.1007
222 0 Car -1 -1 -10 579.8730 175.5437 642.9521 236.1996 1.6069 1.6744 3.1261 0.0601 1.6910 20.8582 -14.0862 6.3704
223 0 Car -1 -1 -10 581.4744 175.5009 643.1208 236.7536 1.6347 1.6568 3.1074 0.0163 1.7176 20.9430 -14.1355 7.1076
224 0 Car -1 -1 -10 580.9500 176.3330 642.2941 237.1363 1.6220 1.6549 3.1331 0.0452 1.7314 21.0198 -14.1049 6.8088
225 0 Car -1 -1 -10 580.9718 176.2853 641.8279 236.6076 1.6231 1.6552 3.0998 0.0347 1.7316 21.1643 -14.1078 7.3502
226 0 Car -1 -1 -10 579.3339 176.3823 640.5938 236.1691 1.6155 1.6735 3.1470 -0.0110 1.7277 21.2756 -14.1126 7.1744
227 0 Car -1 -1 -10 579.6749 176.3017 640.2396 235.7116 1.6140 1.6620 3.1142 -0.0243 1.7239 21.3520 -14.1210 7.5251
228 0 Car -1 -1 -10 577.3448 177.8327 638.6340 237.1936 1.6106 1.6884 3.2436 -0.0393 1.7708 21.5070 -14.0961 7.0230
229 0 Car -1 -1 -10 578.5628 178.8281 638.4856 237.4668 1.5972 1.6619 3.3057 -0.0601 1.7907 21.6574 -14.1196 6.7390
230 0 Car -1 -1 -10 577.8172 178.4303 637.3270 236.8127 1.6002 1.6597 3.3041 -0.0531 1.7819 21.7786 -14.0981 6.6108
231 0 Car -1 -1 -10 576.6473 178.5155 635.9809 236.4291 1.5944 1.6612 3.2718 -0.1283 1.7790 21.8311 -14.1232 7.0403
232 0 Car -1 -1 -10 576.0548 178.2652 635.5799 236.5784 1.6150 1.6657 3.3740 -0.1059 1.7934 22.0185 -14.0971 6.4728
233 0 Car -1 -1 -10 575.7253 177.4271 634.5192 234.6856 1.6009 1.6669 3.1913 -0.1519 1.7512 22.0418 -14.1156 6.5727
234 0 Car -1 -1 -10 577.2115 176.9526 634.8073 233.2999 1.5837 1.6397 3.2753 -0.1301 1.7194 22.1704 -14.1180 7.5066
235 0 Car -1 -1 -10 575.8411 176.9231 633.7780 233.3966 1.5952 1.6571 3.2867 -0.1418 1.7307 22.2900 -14.1029 7.0740
236 0 Car -1 -1 -10 575.1456 176.6147 634.6605 233.7472 1.6226 1.6790 3.2822 -0.1383 1.7484 22.3877 -14.0918 7.7624
237 0 Car -1 -1 -10 574.3150 176.9549 633.9648 233.7897 1.6204 1.6933 3.2475 -0.1631 1.7579 22.4675 -14.0934 7.9125
238 0 Car -1 -1 -10 575.1676 176.8483 633.7240 233.3816 1.6206 1.6703 3.1429 -0.1572 1.7545 22.5144 -14.0936 8.4802
239 0 Car -1 -1 -10 575.3691 176.6467 633.7702 232.6548 1.6126 1.6705 3.1974 -0.1532 1.7405 22.6273 -14.0930 7.1383
240 0 Car -1 -1 -10 575.5589 176.6073 634.5327 232.0004 1.6046 1.6734 3.1229 -0.1401 1.7315 22.7198 -14.0836 7.7024
241 0 Car -1 -1 -10 575.7790 176.8657 635.0767 232.4345 1.6106 1.6921 3.1823 -0.1268 1.7467 22.7788 -14.0854 7.1452
242 0 Car -1 -1 -10 576.5917 177.3669 633.7848 232.6617 1.6087 1.6701 3.2101 -0.1363 1.7625 22.8931 -14.0976 7.0940
243 0 Car -1 -1 -10 576.5457 176.9766 636.2254 232.0344 1.6026 1.6715 3.2250 -0.0964 1.7434 22.9131 -14.0708 7.1803
244 0 Car -1 -1 -10 578.9815 175.7809 636.7018 229.6071 1.5787 1.6447 3.3930 -0.0490 1.6798 23.0906 -14.0789 7.6942
245 0 Car -1 -1 -10 578.4725 174.9036 636.1412 229.4798 1.6174 1.6945 3.1829 -0.0701 1.6881 23.1316 -14.0911 8.8417
246 0 Car -1 -1 -10 578.7099 174.8867 635.4324 229.5866 1.6209 1.6797 3.2576 -0.0771 1.6912 23.1632 -14.0967 8.0312
247 0 Car -1 -1 -10 580.5612 175.0964 636.7590 229.4084 1.6135 1.6675 3.3389 -0.0253 1.6915 23.2770 -14.0943 7.9382
248 0 Car -1 -1 -10 581.3661 174.6908 637.6125 229.0552 1.6220 1.6901 3.3449 -0.0092 1.6861 23.3384 -14.1050 7.1940
249 0 Car -1 -1 -10 580.8535 175.0687 638.0527 229.6224 1.6304 1.6843 3.2203 -0.0013 1.7075 23.3474 -14.0848 8.2668
250 0 Car -1 -1 -10 582.4436 175.1147 638.9665 229.3491 1.6206 1.6651 3.3144 0.0404 1.6996 23.3984 -14.0842 7.6948
251 0 Car -1 -1 -10 582.2991 175.2050 641.6110 229.2756 1.6199 1.6923 3.3244 0.0836 1.7024 23.4855 -14.0607 7.3508
252 0 Car -1 -1 -10 584.3867 174.7715 640.7744 228.0155 1.6054 1.6743 3.1901 0.0990 1.6726 23.5104 -14.0811 8.3578
253 111 Car -1 -1 -10 694.8667 174.1482 742.2913 208.8521 1.5367 1.5974 4.0347 5.0303 1.6019 34.1231 -11.0051 1.3599
253 0 Car -1 -1 -10 585.6707 175.4103 642.6660 228.6237 1.6014 1.6837 3.3276 0.1544 1.6914 23.5878 -14.0760 8.2830
254 111 Car -1 -1 -10 697.2285 175.1091 745.0280 210.7628 1.5150 1.6136 3.9010 4.9573 1.6242 32.8638 -14.1264 1.2587
254 0 Car -1 -1 -10 587.2920 177.3419 645.2230 229.9588 1.5782 1.6699 3.3192 0.2235 1.7364 23.6535 -14.0575 8.3836
255 0 Car -1 -1 -10 589.0385 177.3642 645.4191 230.1460 1.5855 1.6835 3.3312 0.2548 1.7446 23.6784 -14.0758 7.4521
256 0 Car -1 -1 -10 590.6893 177.2389 646.7844 229.9854 1.5869 1.6604 3.2851 0.3029 1.7415 23.6825 -14.0686 8.4097
257 113 Car -1 -1 -10 702.4427 175.7260 764.7537 215.5499 1.4603 1.5853 3.7955 4.7924 1.5826 28.6846 -11.0652 1.1963
257 0 Car -1 -1 -10 591.5846 177.0727 648.3724 229.2276 1.5705 1.6623 3.3646 0.3466 1.7199 23.7472 -14.0603 8.3551
258 114 Car -1 -1 -10 933.7651 166.6642 1016.2861 189.6725 1.5168 1.7467 4.6897 24.4712 1.1091 48.5181 -12.6011 1.3296
258 113 Car -1 -1 -10 700.8806 176.1966 754.1369 216.1303 1.5184 1.6445 3.8957 4.7277 1.6656 29.7284 -14.1134 1.1733
258 0 Car -1 -1 -10 592.2390 177.2121 649.9504 229.4544 1.5767 1.6695 3.2447 0.3815 1.7307 23.7451 -14.0490 7.8319
259 0 Car -1 -1 -10 593.5423 177.2591 649.8491 229.0638 1.5632 1.6680 3.3458 0.4031 1.7194 23.7938 -14.0631 7.8965
260 0 Car -1 -1 -10 595.1445 177.1916 650.4773 229.5016 1.5831 1.6702 3.2250 0.4364 1.7364 23.7741 -14.0708 7.5806
261 0 Car -1 -1 -10 595.9850 176.4339 650.6955 228.9748 1.5998 1.6870 3.1997 0.4542 1.7266 23.8367 -14.0801 7.8807
262 0 Car -1 -1 -10 598.0305 175.8532 651.7494 228.5204 1.6076 1.6551 3.2045 0.4611 1.7138 23.8336 -14.1063 7.4541
263 0 Car -1 -1 -10 599.6332 176.7090 653.1468 228.4021 1.5750 1.6526 3.2387 0.5471 1.7119 23.8915 -14.0822 7.3319
264 0 Car -1 -1 -10 599.3995 176.9067 653.4890 229.4187 1.6006 1.6710 3.1935 0.5415 1.7443 23.8802 -14.0862 7.5110
265 0 Car -1 -1 -10 601.6492 177.3654 655.7646 229.5796 1.5895 1.6615 3.1788 0.6315 1.7495 23.8880 -14.0694 7.3370
266 0 Car -1 -1 -10 602.5979 177.3903 656.3424 229.1081 1.5766 1.6609 3.1548 0.6090 1.7372 23.8798 -14.1027 8.0292
267 0 Car -1 -1 -10 603.7411 177.3663 657.7514 229.3636 1.5856 1.6703 3.1564 0.6659 1.7455 23.8945 -14.0917 8.1520
268 0 Car -1 -1 -10 603.3875 177.4163 657.8261 229.7283 1.5955 1.6847 3.1439 0.6727 1.7572 23.8996 -14.0845 7.7289
269 117 Car -1 -1 -10 588.7644 177.0994 616.1992 195.9270 1.4956 1.6893 4.0704 -0.6165 1.8640 60.4129 -10.8505 1.7565
269 0 Car -1 -1 -10 604.5338 177.2389 658.8071 229.8332 1.6066 1.6795 3.1631 0.6786 1.7621 23.9163 -14.1024 8.6890
270 118 Car -1 -1 -10 583.9223 178.2437 609.7016 197.8762 1.4670 1.5895 4.1009 -1.0352 1.9104 57.1920 -10.8999 1.4117
270 0 Car -1 -1 -10 605.1651 177.2233 659.3972 229.8463 1.6085 1.6789 3.1466 0.6946 1.7634 23.9179 -14.1043 7.5912
271 119 Car -1 -1 -10 577.9911 179.0212 609.6916 200.0212 1.4728 1.6211 4.1574 -1.1957 1.9540 54.0691 -13.9695 1.4392
271 0 Car -1 -1 -10 606.3488 177.4678 660.4624 229.3722 1.5846 1.6769 3.1525 0.7685 1.7484 23.9356 -14.0794 7.2234
272 0 Car -1 -1 -10 606.3545 177.5377 660.1491 229.8025 1.5969 1.6676 3.1347 0.7521 1.7631 23.9385 -14.0869 8.1293
272 120 Car -1 -1 -10 568.2520 179.0114 605.3809 201.2237 1.4614 1.6569 4.2078 -1.6170 1.9155 50.9366 -10.7843 1.5512
273 121 Car -1 -1 -10 563.3532 178.2839 598.2551 202.0459 1.4683 1.6855 3.9132 -1.9110 1.8420 47.5626 -10.8722 3.0593
273 0 Car -1 -1 -10 608.4465 177.2126 662.4030 229.8817 1.6097 1.6715 3.1814 0.8207 1.7646 23.9501 -14.0866 7.8453
273 120 Car -1 -1 -10 530.2815 179.5451 566.9109 201.7227 1.4546 1.5832 3.8375 -4.2897 1.9429 50.5819 -10.8070 2.2080
274 122 Car -1 -1 -10 555.2507 178.6215 591.7758 204.1207 1.4668 1.7181 3.8771 -2.2322 1.8383 44.4199 -10.9045 3.4073
274 0 Car -1 -1 -10 608.7591 177.4591 662.3739 228.9202 1.5733 1.6617 3.1557 0.8033 1.7368 23.9514 -14.1006 8.5039
274 120 Car -1 -1 -10 520.2995 179.3132 552.8794 202.8320 1.4493 1.5886 3.9409 -4.8266 1.8934 47.5634 -10.9526 1.0813
275 123 Car -1 -1 -10 545.6250 179.5178 586.3796 206.0601 1.3978 1.6464 4.2283 -2.4954 1.7997 41.2853 -10.8885 3.3005
275 0 Car -1 -1 -10 608.2480 175.6473 662.4443 228.1665 1.6128 1.6794 3.2818 0.8095 1.7126 24.0088 -14.0938 6.7142
275 120 Car -1 -1 -10 510.5931 178.0922 550.8478 204.1942 1.5080 1.6490 4.0603 -4.8832 1.8477 44.6340 -10.8899 1.5566
276 125 Car -1 -1 -10 536.4450 177.9367 579.4570 208.2483 1.4828 1.6519 3.9168 -2.7219 1.7651 37.9974 -10.9057 3.7686
276 0 Car -1 -1 -10 609.3439 174.8429 662.9916 226.7945 1.6022 1.6654 3.1437 0.8366 1.6731 23.9808 -14.0918 7.2277
276 120 Car -1 -1 -10 496.4401 179.1570 541.5901 205.7753 1.4213 1.7374 4.4873 -5.2527 1.8080 41.9195 -10.9183 2.2019
277 126 Car -1 -1 -10 524.7210 177.4272 571.9074 209.9300 1.4510 1.6644 3.9956 -2.9541 1.6852 34.8391 -10.9228 4.8991
277 0 Car -1 -1 -10 610.9046 174.1801 665.4607 225.6704 1.5904 1.6913 3.1606 0.8398 1.6377 23.9522 -14.1294 6.9862
277 120 Car -1 -1 -10 483.1528 178.3118 530.6618 207.4539 1.4406 1.6398 4.0664 -5.4798 1.7484 38.5464 -10.9099 3.8317
278 127 Car -1 -1 -10 510.2913 178.3244 564.1026 213.7697 1.4264 1.6910 3.9649 -3.1682 1.6826 31.7029 -10.9213 6.6122
278 0 Car -1 -1 -10 611.7995 174.1664 665.0110 225.9475 1.5996 1.6508 3.1570 0.8947 1.6465 23.9770 -14.0991 7.4367
278 120 Car -1 -1 -10 467.1611 180.6871 522.1416 211.1331 1.3668 1.6463 4.2007 -5.6669 1.7782 35.6842 -10.8895 3.0051
279 128 Car -1 -1 -10 494.5438 179.4391 555.3221 219.9619 1.4534 1.7085 3.9186 -3.3275 1.7326 28.5400 -10.9308 7.0806
279 0 Car -1 -1 -10 612.4672 174.9093 666.7145 226.7841 1.6009 1.6850 3.2143 0.9377 1.6744 24.0345 -14.0966 6.6737
279 120 Car -1 -1 -10 449.8112 180.3187 504.6499 215.8544 1.4592 1.6077 3.6514 -5.9120 1.8128 32.2756 -10.9422 3.7789
280 129 Car -1 -1 -10 474.3671 180.1352 543.4885 226.9571 1.4699 1.6491 3.9235 -3.4951 1.7457 25.2831 -10.9332 8.3613
280 0 Car -1 -1 -10 611.8430 174.4419 666.1510 226.1119 1.5971 1.6868 3.1941 0.9040 1.6539 24.0220 -14.1060 7.3143
280 120 Car -1 -1 -10 425.1820 181.4578 495.0818 220.1088 1.4185 1.6543 3.9195 -6.0646 1.7941 29.4261 -10.8834 5.2877
281 130 Car -1 -1 -10 448.7777 181.6715 528.8960 233.9126 1.4119 1.6306 3.7836 -3.6529 1.7058 22.0843 -10.9408 6.8160
281 0 Car -1 -1 -10 614.0403 174.0234 667.5338 226.1786 1.6202 1.6684 3.1350 0.9858 1.6622 24.0880 -14.0911 7.9490
281 120 Car -1 -1 -10 399.9815 182.2447 474.1969 225.9283 1.4257 1.6213 3.7009 -6.2443 1.7925 26.2571 -10.9353 4.6602
282 131 Car -1 -1 -10 415.0529 183.2712 513.7657 245.8522 1.4188 1.6135 3.8760 -3.7531 1.7221 18.9979 -10.9363 7.7897
282 0 Car -1 -1 -10 614.2325 174.9519 667.5398 226.8103 1.6065 1.6645 3.1123 1.0278 1.6816 24.0915 -14.0657 7.4677
282 120 Car -1 -1 -10 363.7860 185.1217 451.9378 235.0363 1.4025 1.5598 3.9221 -6.4442 1.8323 23.2548 -10.9413 4.7475
283 132 Car -1 -1 -10 365.0005 184.9250 491.0535 262.2765 1.4150 1.6053 3.8158 -3.8619 1.7116 15.7550 -10.9394 7.8361
283 0 Car -1 -1 -10 615.6154 174.6711 668.7034 226.5342 1.6111 1.6589 3.0995 1.0394 1.6762 24.1140 -14.0848 7.1066
283 120 Car -1 -1 -10 316.1847 186.0381 423.6111 244.2424 1.3902 1.5269 3.8933 -6.6001 1.7944 20.1143 -10.9427 4.7867
284 133 Car -1 -1 -10 286.5157 187.5282 459.6777 288.9732 1.4295 1.6274 3.8113 -3.9905 1.7272 12.6726 -10.9439 7.5479
284 0 Car -1 -1 -10 615.8852 174.9229 668.4343 226.2777 1.5958 1.6445 3.1429 1.0537 1.6701 24.1666 -14.0772 7.5368
284 120 Car -1 -1 -10 251.7987 186.8412 388.7019 257.2338 1.3945 1.5543 3.9382 -6.7239 1.7646 17.0770 -10.9627 4.6154
285 134 Car -1 -1 -10 159.2563 189.6503 412.7402 333.5240 1.4430 1.6039 3.8327 -4.0390 1.7122 9.6155 -10.9773 7.9986
285 0 Car -1 -1 -10 617.4713 174.7996 670.0448 225.9990 1.5947 1.6472 3.1623 1.0798 1.6647 24.2089 -14.0940 7.5413
285 120 Car -1 -1 -10 153.1194 189.3234 341.9121 279.4704 1.4026 1.6113 3.9825 -6.8055 1.7673 13.9573 -10.9819 4.1095
286 135 Car -1 -1 -10 0.0000 196.2172 334.4023 374.0000 1.4117 1.5848 3.8452 -4.0975 1.6847 6.4747 -10.9694 7.0442
286 0 Car -1 -1 -10 618.8787 173.8337 672.5462 225.4978 1.6198 1.6871 3.1597 1.1161 1.6553 24.2802 -14.1124 7.0504
286 120 Car -1 -1 -10 0.0000 192.8476 269.9988 312.9680 1.3957 1.5497 3.7210 -6.8856 1.7502 10.8930 -10.9631 4.0555
287 136 Car -1 -1 -10 0.0000 206.3201 177.1679 374.0000 1.4155 1.5699 3.7454 -4.0988 1.6671 3.5348 -10.9871 4.5812
287 0 Car -1 -1 -10 618.8594 174.6903 672.1066 225.7282 1.5982 1.6759 3.1132 1.1185 1.6644 24.2867 -14.1067 7.3340
287 120 Car -1 -1 -10 0.0000 195.4535 177.5029 374.0000 1.3953 1.5821 4.0877 -6.9366 1.7119 8.0224 -10.9588 3.6999
288 0 Car -1 -1 -10 619.6446 174.0599 672.7309 225.4494 1.6190 1.6631 3.1128 1.1197 1.6627 24.3664 -14.1279 7.5471
289 0 Car -1 -1 -10 620.4145 174.1281 672.7085 225.0814 1.6073 1.6553 3.1317 1.1556 1.6536 24.4257 -14.1092 8.2111
290 0 Car -1 -1 -10 620.5682 174.6665 672.6364 225.0478 1.5911 1.6526 3.1444 1.1604 1.6570 24.4938 -14.1091 7.5027
291 0 Car -1 -1 -10 619.9509 174.9552 672.4203 225.9847 1.6111 1.6676 3.2136 1.1914 1.6878 24.5632 -14.0828 6.8930
292 0 Car -1 -1 -10 620.0385 175.7172 671.8268 225.9570 1.5867 1.6495 3.2011 1.1684 1.6912 24.6065 -14.0937 6.8985
