0 0 Car -1 -1 -10 459.1818 180.4592 568.1838 216.1796 1.4621 1.6556 4.4032 -4.0971 1.7967 30.8108 -12.5345 5.5543
0 1 Car -1 -1 -10 655.8094 180.0489 689.0047 207.5308 1.7086 1.8744 4.5154 4.2112 2.2162 48.4846 -10.8303 4.9473
1 0 Car -1 -1 -10 468.3464 180.5559 579.1519 215.7727 1.4457 1.7186 4.5339 -3.6635 1.7846 30.8532 -12.5662 5.1821
1 1 Car -1 -1 -10 655.4283 180.0802 689.4581 207.4036 1.6971 1.9009 4.5849 4.2180 2.2076 48.5144 -10.8245 4.9930
2 0 Car -1 -1 -10 484.4277 180.6557 591.8336 216.0073 1.4491 1.6979 4.4642 -3.0682 1.7942 30.9357 -12.6097 5.0530
2 1 Car -1 -1 -10 655.1944 180.4603 689.7941 207.0728 1.6481 1.8881 4.6096 4.2221 2.1856 48.5130 -10.8134 5.1938
3 0 Car -1 -1 -10 497.1469 180.4426 604.0981 216.2213 1.4634 1.7288 4.4544 -2.5830 1.8010 31.0094 -12.6528 5.4042
3 1 Car -1 -1 -10 654.8233 179.9914 691.7360 206.9011 1.6710 1.9485 4.5415 4.2761 2.1752 48.5096 -10.7889 5.1493
4 0 Car -1 -1 -10 509.6399 179.9227 615.6544 215.1271 1.4395 1.7121 4.4467 -2.1231 1.7562 31.1273 -12.7076 5.4774
4 1 Car -1 -1 -10 655.1095 179.8741 691.9715 207.7907 1.7350 1.8898 4.5300 4.2898 2.2305 48.4723 -10.7758 5.1605
5 0 Car -1 -1 -10 521.5827 180.0864 628.3807 215.0834 1.4303 1.7722 4.4303 -1.5941 1.7569 31.2772 -12.7459 6.2768
5 1 Car -1 -1 -10 654.0641 180.0417 689.5067 206.9150 1.6682 1.8074 4.5147 4.1698 2.1753 48.4686 -10.7808 3.8785
6 0 Car -1 -1 -10 532.8029 180.2917 639.9921 215.1511 1.4265 1.7025 4.4191 -1.0931 1.7644 31.4162 -12.7933 6.9188
6 1 Car -1 -1 -10 654.5650 179.8993 691.3922 207.1837 1.6950 1.9579 4.5139 4.2523 2.1922 48.4732 -10.7925 5.0939
7 0 Car -1 -1 -10 544.9626 180.2896 650.9289 214.6469 1.4123 1.7072 4.3661 -0.5898 1.7526 31.6168 -12.8167 6.4367
7 1 Car -1 -1 -10 654.9182 180.2532 691.0303 206.9704 1.6517 1.9281 4.6883 4.2530 2.1746 48.4672 -10.8012 4.7852
8 0 Car -1 -1 -10 555.3306 179.8724 663.1861 214.5635 1.4287 1.7023 4.4472 -0.0831 1.7529 31.8025 -12.8758 5.6293
8 1 Car -1 -1 -10 655.4430 180.0765 690.9777 206.6598 1.6498 1.9161 4.5489 4.2698 2.1599 48.5054 -10.8032 4.8899
9 0 Car -1 -1 -10 567.3733 179.8546 673.2724 214.3342 1.4248 1.7023 4.3758 0.4137 1.7506 31.9910 -12.9158 6.2840
9 1 Car -1 -1 -10 655.3408 179.9736 691.3497 206.9783 1.6746 1.8665 4.5839 4.2756 2.1772 48.4614 -10.7857 4.5301
10 0 Car -1 -1 -10 579.8762 179.5556 684.9630 214.4222 1.4493 1.7228 4.3807 0.9677 1.7648 32.2759 -12.9695 5.7643
10 1 Car -1 -1 -10 656.5562 179.8957 691.5265 206.9321 1.6880 1.8743 4.2543 4.3208 2.1839 48.5015 -10.7936 3.9979
11 0 Car -1 -1 -10 590.8675 179.1207 694.9482 214.2262 1.4674 1.6952 4.4237 1.4606 1.7655 32.5303 -13.0309 6.3864
11 1 Car -1 -1 -10 661.8336 179.9083 690.6030 205.2923 1.5857 1.6690 4.0793 4.4500 2.0803 48.4062 -10.8406 2.3915
12 0 Car -1 -1 -10 602.5017 179.6558 702.3665 214.1616 1.4517 1.6500 4.3291 1.9143 1.7783 32.8293 -13.0759 5.5927
13 0 Car -1 -1 -10 614.1789 179.7657 712.3010 213.8752 1.4468 1.6213 4.3690 2.4379 1.7824 33.1683 -13.1116 6.4525
14 0 Car -1 -1 -10 625.2334 179.6238 720.1922 213.4459 1.4500 1.6641 4.3285 2.9160 1.7835 33.5987 -13.1638 6.4303
15 0 Car -1 -1 -10 635.2281 179.8057 726.8245 213.3967 1.4535 1.6840 4.2994 3.3486 1.8005 34.0054 -13.2162 5.9234
16 0 Car -1 -1 -10 647.4370 179.8289 732.6026 212.8382 1.4450 1.6396 4.1873 3.8236 1.7974 34.4205 -13.2842 5.7344
17 0 Car -1 -1 -10 658.0106 179.4525 738.9843 212.5236 1.4691 1.6324 4.1167 4.2830 1.8066 34.8569 -13.3230 5.7775
18 0 Car -1 -1 -10 667.6028 179.7341 744.4163 212.0673 1.4548 1.6352 4.0533 4.7122 1.8115 35.3454 -13.3653 4.8569
18 1 Car -1 -1 -10 655.6087 180.3757 686.6666 207.6198 1.6915 1.8221 4.5107 4.1215 2.2217 48.4615 -10.8529 4.0347
19 0 Car -1 -1 -10 675.1779 179.0483 750.1474 211.4006 1.4812 1.6956 4.1088 5.1244 1.8080 35.9283 -13.4049 5.7842
19 1 Car -1 -1 -10 656.0705 180.0409 688.0076 207.1656 1.6864 1.8508 4.5615 4.1886 2.1939 48.5190 -10.8450 4.2521
20 0 Car -1 -1 -10 684.6475 179.4845 755.5827 210.9489 1.4624 1.6711 4.0763 5.5856 1.8176 36.5143 -13.4377 6.1684
20 1 Car -1 -1 -10 656.5946 179.9056 687.5500 207.6271 1.7222 1.8554 4.6445 4.1875 2.2201 48.4818 -10.8620 5.0543
21 0 Car -1 -1 -10 692.3214 179.7416 760.0657 210.3669 1.4420 1.6932 4.1764 5.9969 1.8176 37.1290 -13.4931 5.6639
21 1 Car -1 -1 -10 654.5629 180.0627 691.1020 207.5443 1.7082 1.9305 4.4705 4.2424 2.2168 48.4834 -10.7895 4.9236
21 6 Car -1 -1 -10 257.1451 177.0712 324.6223 200.7584 1.5554 1.6194 4.0590 -21.7483 1.8517 49.2500 -9.7297 1.2594
22 0 Car -1 -1 -10 699.3135 179.5740 763.4528 210.1324 1.4642 1.6843 4.2123 6.3707 1.8368 37.7539 -13.5327 6.2461
22 1 Car -1 -1 -10 654.6421 180.2918 691.5072 207.3734 1.6799 1.9475 4.5038 4.2591 2.2048 48.4791 -10.7890 5.2161
23 0 Car -1 -1 -10 706.5463 179.8563 766.3753 209.6646 1.4527 1.6566 4.1695 6.7482 1.8471 38.3981 -13.5673 5.6917
23 1 Car -1 -1 -10 655.0858 179.8143 691.4343 207.4359 1.7179 1.9293 4.5363 4.2738 2.2095 48.5059 -10.7932 4.9909
24 0 Car -1 -1 -10 712.8645 179.8481 770.5912 209.3449 1.4620 1.6571 4.2446 7.1517 1.8628 39.0660 -13.5876 5.4263
24 1 Car -1 -1 -10 655.4639 180.0656 690.9643 207.4261 1.7019 1.9463 4.4885 4.2709 2.2111 48.5224 -10.8091 5.1276
25 0 Car -1 -1 -10 719.0447 179.8905 771.8710 208.8213 1.4581 1.6460 4.3380 7.4897 1.8689 39.7835 -13.6488 4.3184
25 1 Car -1 -1 -10 655.6590 179.9694 690.1466 207.4858 1.7105 1.9149 4.5807 4.2503 2.2133 48.5253 -10.8199 4.8962
26 0 Car -1 -1 -10 724.5871 180.5243 773.5416 208.1613 1.4148 1.5944 4.3054 7.8210 1.8698 40.4829 -13.6730 4.7745
26 1 Car -1 -1 -10 655.2702 179.9851 689.6642 207.4711 1.7077 1.8951 4.5473 4.2165 2.2110 48.4802 -10.8172 5.2386
27 0 Car -1 -1 -10 729.5075 180.2510 773.5322 207.8420 1.4442 1.6126 4.0941 8.0826 1.8889 41.1421 -13.7240 5.0002
27 1 Car -1 -1 -10 654.8081 180.2871 689.6035 207.4706 1.6882 1.9521 4.5523 4.2044 2.2134 48.5347 -10.8239 5.0728
28 0 Car -1 -1 -10 732.3982 179.8963 775.4999 206.8728 1.4418 1.6570 4.1473 8.3847 1.8735 41.9591 -13.7370 4.2509
28 1 Car -1 -1 -10 654.5227 180.0752 691.6979 207.5040 1.7011 1.9834 4.6000 4.2641 2.2113 48.4886 -10.7949 4.9290
28 6 Car -1 -1 -10 256.5734 177.7501 322.9483 201.0142 1.5151 1.6108 4.0729 -21.7928 1.8594 49.1575 -9.8196 1.2287
29 0 Car -1 -1 -10 734.6386 179.9975 775.7003 206.8411 1.4641 1.6523 4.1012 8.6108 1.9095 42.7386 -13.7515 4.7261
29 1 Car -1 -1 -10 654.3131 180.1612 691.4271 207.1881 1.6758 1.9633 4.5906 4.2492 2.1922 48.5061 -10.7911 5.2228
30 0 Car -1 -1 -10 738.0253 179.4669 775.2903 206.7159 1.5199 1.6634 3.9644 8.8360 1.9380 43.4311 -13.7967 4.4040
30 1 Car -1 -1 -10 654.8119 180.3616 691.4108 207.0739 1.6558 1.9289 4.5066 4.2611 2.1856 48.4771 -10.7889 5.0848
31 0 Car -1 -1 -10 739.6979 180.8724 777.2502 206.6552 1.4552 1.6846 4.1184 9.1321 1.9729 44.3272 -13.7893 5.1773
31 1 Car -1 -1 -10 654.6404 179.6958 691.8064 207.2852 1.7177 1.9818 4.4981 4.2726 2.2009 48.5149 -10.7915 4.9139
32 0 Car -1 -1 -10 741.8789 181.4516 774.8513 206.5356 1.4379 1.7220 4.2673 9.3069 2.0043 45.2137 -13.8620 4.7613
32 1 Car -1 -1 -10 654.4242 180.3287 692.2704 207.3009 1.6695 1.9359 4.5981 4.2791 2.1975 48.4753 -10.7734 4.9119
33 0 Car -1 -1 -10 743.4192 181.6428 777.4137 206.2396 1.4360 1.6881 4.2824 9.6127 2.0254 46.0596 -13.8269 4.1662
33 1 Car -1 -1 -10 654.8735 179.9797 691.8269 207.3293 1.6998 1.9308 4.5789 4.2852 2.2038 48.5542 -10.7846 5.0299
34 0 Car -1 -1 -10 745.0812 181.2940 775.8048 205.8069 1.4632 1.6480 4.3207 9.7994 2.0398 46.9566 -13.8584 3.9192
34 1 Car -1 -1 -10 656.3932 179.8201 691.5591 207.4495 1.7130 1.8387 4.6601 4.3164 2.2049 48.4432 -10.7937 5.0730
35 0 Car -1 -1 -10 746.8299 180.7501 774.8966 205.5620 1.5174 1.6593 4.2687 10.0093 2.0662 47.8416 -13.8922 3.8360
35 1 Car -1 -1 -10 655.4720 180.0281 691.2540 207.6729 1.7167 1.8490 4.5390 4.2766 2.2230 48.4693 -10.7838 4.7753
36 0 Car -1 -1 -10 749.2198 181.3233 774.7291 205.2238 1.4877 1.6128 4.0790 10.2281 2.0841 48.6107 -13.9184 3.2941
36 1 Car -1 -1 -10 654.9751 180.3477 692.1080 207.4883 1.6801 1.9416 4.5971 4.2908 2.2093 48.4666 -10.7856 5.3334
37 0 Car -1 -1 -10 747.6944 181.2481 776.1068 204.9115 1.5011 1.6233 4.1597 10.4412 2.1040 49.5679 -13.8592 3.9572
37 1 Car -1 -1 -10 655.9512 179.8296 692.4415 207.5793 1.7212 1.8356 4.6667 4.3354 2.2142 48.4761 -10.7724 5.2727
38 0 Car -1 -1 -10 749.8508 181.1394 775.9130 203.6784 1.4617 1.5599 4.0908 10.7186 2.0678 50.5704 -13.8717 3.1106
38 1 Car -1 -1 -10 655.5692 180.0066 692.3270 206.9803 1.6730 1.8841 4.6144 4.3214 2.1786 48.5085 -10.7777 4.8804
39 0 Car -1 -1 -10 749.9828 181.9700 777.8911 205.0996 1.5251 1.6595 4.1332 11.0011 2.2046 51.5359 -13.8552 3.7429
39 1 Car -1 -1 -10 655.8133 180.1232 689.2690 207.4947 1.7015 1.9424 4.5614 4.2252 2.2150 48.5289 -10.8419 4.2488
40 0 Car -1 -1 -10 749.1870 181.3602 776.7004 203.5494 1.4959 1.6509 3.8395 11.0907 2.1374 52.3068 -13.8481 1.5412
40 1 Car -1 -1 -10 655.3428 179.9483 692.3077 207.1746 1.6913 1.9368 4.5563 4.3135 2.1926 48.5160 -10.7850 5.2025
41 0 Car -1 -1 -10 749.9298 182.2225 774.1689 203.9695 1.4873 1.6685 3.9839 11.2363 2.2075 53.3082 -13.9078 1.9427
41 1 Car -1 -1 -10 655.5094 179.9175 690.9899 207.0386 1.6851 1.9154 4.5961 4.2757 2.1845 48.5362 -10.8046 4.6435
42 1 Car -1 -1 -10 655.9752 179.8648 690.8782 207.2243 1.7010 1.9153 4.5922 4.2869 2.1966 48.5349 -10.8131 4.7597
43 0 Car -1 -1 -10 752.0972 182.2766 775.1805 202.0690 1.4058 1.6251 3.7391 11.6803 2.1520 55.1239 -13.9536 1.2396
43 1 Car -1 -1 -10 655.8013 180.0852 691.1662 207.6188 1.7056 1.8701 4.6467 4.2840 2.2162 48.4484 -10.7980 4.9272
44 0 Car -1 -1 -10 750.3141 182.2354 773.0216 202.1510 1.4424 1.6164 3.8311 11.7552 2.1998 56.1942 -13.9594 1.2490
44 1 Car -1 -1 -10 655.4741 180.0306 691.0430 207.5281 1.7111 1.9494 4.4805 4.2739 2.2178 48.5228 -10.8085 5.0399
45 0 Car -1 -1 -10 752.1067 182.3719 774.6964 202.7575 1.5061 1.6485 3.9133 12.1287 2.2899 57.3152 -13.9545 1.5643
45 1 Car -1 -1 -10 655.4492 179.9243 690.9509 207.4297 1.7119 1.9460 4.4823 4.2690 2.2110 48.5124 -10.8090 5.0399
46 1 Car -1 -1 -10 654.8700 180.1904 690.5890 207.5496 1.7009 1.9415 4.4703 4.2371 2.2187 48.5091 -10.8049 5.1356
47 1 Car -1 -1 -10 655.7600 179.7979 690.8210 207.3506 1.7146 1.9095 4.5308 4.2752 2.2050 48.5135 -10.8084 4.6411
48 1 Car -1 -1 -10 655.2197 180.4267 691.4593 207.1724 1.6572 1.9195 4.5733 4.2803 2.1923 48.5152 -10.7934 4.8789
49 1 Car -1 -1 -10 656.0511 180.1057 691.3717 207.4927 1.6970 1.8318 4.5994 4.2974 2.2087 48.4368 -10.7886 5.0979
50 1 Car -1 -1 -10 655.7337 179.9348 689.1967 207.6927 1.7276 1.9155 4.5220 4.2175 2.2274 48.5059 -10.8354 5.0860
51 1 Car -1 -1 -10 653.9785 180.4770 690.2521 207.6310 1.6824 1.9732 4.5542 4.1954 2.2206 48.4837 -10.8067 5.2896
52 1 Car -1 -1 -10 655.2864 180.1211 691.3792 207.4858 1.6955 1.9365 4.6551 4.2783 2.2091 48.4858 -10.8019 4.8533
53 1 Car -1 -1 -10 654.9953 180.2974 691.3013 207.5486 1.6926 1.9589 4.5192 4.2687 2.2185 48.5344 -10.8001 5.0688
54 0 Car -1 -1 -10 749.2857 185.7263 768.9839 201.7864 1.3686 1.6236 3.6630 13.7061 2.5905 66.5305 -13.9755 1.0514
54 1 Car -1 -1 -10 655.0914 180.2369 691.5161 207.5538 1.6926 1.9143 4.6066 4.2753 2.2141 48.4791 -10.7907 5.2997
55 1 Car -1 -1 -10 654.4425 180.0215 691.3067 207.6164 1.7156 1.9413 4.4599 4.2448 2.2212 48.4764 -10.7866 5.1451
55 6 Car -1 -1 -10 257.0933 176.9028 324.2539 200.4780 1.5450 1.6388 4.0792 -21.7530 1.8298 49.2350 -9.7649 1.0061
56 1 Car -1 -1 -10 655.6576 179.9062 690.7126 207.1706 1.6941 1.9227 4.5833 4.2690 2.1924 48.5152 -10.8128 4.4790
57 1 Car -1 -1 -10 655.0598 180.2675 691.0427 207.2935 1.6766 1.9421 4.5645 4.2608 2.2004 48.5162 -10.8027 5.0486
58 1 Car -1 -1 -10 655.3270 179.8483 690.9713 207.4692 1.7204 1.9489 4.4628 4.2658 2.2141 48.5162 -10.8070 4.8886
58 6 Car -1 -1 -10 257.1406 177.2627 324.1081 200.7477 1.5404 1.6367 4.0316 -21.7634 1.8502 49.2446 -9.7363 1.3554
59 1 Car -1 -1 -10 654.9026 180.1553 691.2732 207.5402 1.6978 1.9396 4.6066 4.2615 2.2136 48.4860 -10.7975 5.2186
59 6 Car -1 -1 -10 255.7743 177.3969 322.9023 200.8865 1.5355 1.6230 4.0829 -21.8245 1.8548 49.1917 -9.7748 1.0543
60 1 Car -1 -1 -10 654.4770 180.1104 691.4674 207.4274 1.6919 1.9551 4.6195 4.2516 2.2043 48.4524 -10.7924 4.8063
61 1 Car -1 -1 -10 654.4809 180.0770 691.3780 207.5740 1.7086 1.9668 4.5001 4.2509 2.2185 48.4958 -10.7929 5.2183
62 1 Car -1 -1 -10 654.7980 180.2288 691.7818 207.4946 1.6922 1.9777 4.5919 4.2811 2.2138 48.5483 -10.7954 5.5318
63 1 Car -1 -1 -10 654.3343 180.1317 691.4502 207.5178 1.7007 1.9307 4.4847 4.2464 2.2142 48.4757 -10.7808 5.2454
64 1 Car -1 -1 -10 656.2224 179.9328 691.3476 207.5067 1.7094 1.8383 4.6158 4.3017 2.2089 48.4289 -10.7935 5.0589
65 1 Car -1 -1 -10 654.3605 180.6186 692.2626 207.4594 1.6591 1.9562 4.5481 4.2728 2.2069 48.4370 -10.7762 5.1196
66 1 Car -1 -1 -10 655.1683 180.1549 691.7551 207.3602 1.6894 1.9239 4.5050 4.2862 2.2048 48.4957 -10.7872 5.0608
67 1 Car -1 -1 -10 655.7651 180.2753 692.2061 207.4555 1.6857 1.8878 4.5592 4.3222 2.2099 48.5003 -10.7819 4.9060
68 1 Car -1 -1 -10 655.0436 179.9398 691.3296 207.1416 1.6912 1.9214 4.5446 4.2716 2.1920 48.5369 -10.7923 4.7480
69 1 Car -1 -1 -10 655.6435 179.8679 691.0857 207.0121 1.6871 1.9152 4.5675 4.2816 2.1827 48.5200 -10.8045 4.6284
70 1 Car -1 -1 -10 655.3498 179.9676 692.1747 207.5032 1.7090 1.9079 4.5955 4.3074 2.2116 48.4921 -10.7820 4.8559
71 1 Car -1 -1 -10 655.2472 179.9876 691.9936 207.5036 1.7092 1.9341 4.5780 4.3002 2.2134 48.5202 -10.7886 5.0278
72 1 Car -1 -1 -10 655.0501 180.1368 692.2071 207.2752 1.6825 1.9212 4.6033 4.2997 2.1972 48.5013 -10.7802 4.9963
73 1 Car -1 -1 -10 654.3817 180.1137 692.5340 207.5238 1.6999 1.9318 4.5450 4.2852 2.2124 48.4663 -10.7659 5.0047
74 1 Car -1 -1 -10 656.1467 179.8480 690.8785 207.1810 1.6989 1.9196 4.5804 4.2902 2.1930 48.5101 -10.8166 4.6624
75 1 Car -1 -1 -10 655.0092 180.3079 691.4041 207.4197 1.6846 1.9488 4.4928 4.2730 2.2112 48.5425 -10.7955 5.3860
76 1 Car -1 -1 -10 655.0006 180.2799 692.0466 207.6570 1.6955 1.9281 4.6007 4.2893 2.2199 48.4644 -10.7840 5.2042
