0 0 Car -1 -1 -10 874.6804 205.6084 1241.0000 374.0000 1.2693 1.5676 3.6710 3.2511 1.5949 5.2849 -14.0804 5.5003
1 0 Car -1 -1 -10 899.3255 204.5596 1241.0000 374.0000 1.3248 1.6199 3.8238 3.2666 1.6079 4.4926 -14.1021 4.4673
2 0 Car -1 -1 -10 927.5760 207.6838 1241.0000 374.0000 1.3438 1.6061 3.9509 3.2575 1.6243 3.8081 -10.9736 3.9550
3 0 Car -1 -1 -10 964.9728 195.7679 1241.0000 374.0000 1.4316 1.6815 4.2602 3.3339 1.5952 2.9942 -14.1534 3.4457
4 0 Car -1 -1 -10 1024.4525 196.7253 1241.0000 374.0000 1.4174 1.6344 4.2855 3.0939 1.5678 2.3051 -14.0132 1.7622
16 7 Car -1 -1 -10 706.0285 172.5685 747.7275 209.0103 1.6284 1.5890 3.9683 5.5770 1.6160 34.3600 -13.8805 2.3558
24 9 Car -1 -1 -10 394.2103 176.2289 450.6350 204.7451 1.6362 1.5864 3.9038 -11.4035 1.8521 43.9861 -10.7242 1.6445
27 11 Car -1 -1 -10 472.2349 170.9629 516.9257 194.4314 1.6488 1.6743 4.0086 -8.4296 1.5163 52.8486 -13.8516 1.1360
28 12 Car -1 -1 -10 237.3847 177.3006 275.3743 201.6638 1.5508 1.6380 4.3081 -24.0646 1.8667 48.9695 -14.7555 1.0027
31 11 Car -1 -1 -10 468.7039 172.1579 510.1258 199.4066 1.7950 1.6666 4.0504 -8.3786 1.7495 49.7108 -11.4683 1.0965
31 13 Car -1 -1 -10 413.3015 175.4043 451.9990 196.5548 1.9454 1.7580 3.7211 -16.9190 2.1966 68.9123 -10.6176 1.6304
32 13 Car -1 -1 -10 413.2854 172.1790 453.8213 192.9174 1.9096 1.7290 4.0919 -16.7630 1.8478 68.6565 -10.6307 1.1749
36 9 Car -1 -1 -10 451.4725 172.8439 481.1044 199.9274 1.5029 1.6195 3.8679 -8.4318 1.5027 42.0944 -14.3415 1.3833
61 21 Car -1 -1 -10 521.2508 173.6030 571.7340 192.6045 1.5514 1.6087 3.8873 -5.3286 1.6158 60.3547 -9.1259 1.0718
63 21 Car -1 -1 -10 512.8127 173.9369 565.5537 193.3852 1.5472 1.6314 3.9629 -5.7980 1.6380 58.9051 -9.1304 1.5211
65 27 Car -1 -1 -10 941.9104 172.7982 995.1111 216.4569 1.4543 1.6103 3.8436 12.9169 1.4528 26.1115 -13.6762 1.4147
70 30 Car -1 -1 -10 396.5545 174.7327 465.6239 198.0699 1.5243 1.6998 4.2062 -12.0740 1.6547 48.6377 -12.3388 1.4820
72 30 Car -1 -1 -10 411.7161 174.8675 486.5502 198.0848 1.4818 1.6554 4.5165 -10.4756 1.6158 47.0408 -12.5745 1.0151
77 34 Car -1 -1 -10 713.9640 175.8368 752.7319 206.9018 1.4628 1.5858 4.1206 6.2660 1.6235 36.5888 -13.8803 1.3148
78 21 Car -1 -1 -10 455.6800 176.2315 518.0614 199.7108 1.5147 1.6214 3.7706 -8.2337 1.7463 48.1508 -9.1779 3.2235
79 21 Car -1 -1 -10 444.4484 176.6549 513.5826 202.0063 1.6076 1.6748 4.1755 -8.6539 1.8658 47.5562 -9.1412 1.9289
80 21 Car -1 -1 -10 443.1475 177.4994 509.0494 203.3637 1.6137 1.6497 3.8734 -8.7055 1.9239 46.8056 -9.1511 3.4953
81 21 Car -1 -1 -10 434.7314 176.5693 506.1741 202.1378 1.5737 1.6416 4.1841 -8.9369 1.8183 46.1109 -9.1706 3.3804
82 21 Car -1 -1 -10 435.8554 176.4954 502.3788 201.9208 1.5415 1.5819 3.7930 -8.8733 1.7770 45.3449 -9.1689 4.7888
83 21 Car -1 -1 -10 429.3522 175.8645 498.9136 200.5944 1.4763 1.6046 3.9248 -9.0573 1.6686 44.6952 -9.1490 5.1370
84 21 Car -1 -1 -10 424.9038 176.2850 495.4773 202.6693 1.5490 1.6075 3.9141 -9.1574 1.7648 44.0012 -9.1504 4.6117
85 21 Car -1 -1 -10 421.7029 177.5579 491.7314 203.6491 1.5027 1.6206 3.7922 -9.2207 1.7938 43.3064 -9.1538 4.1665
86 21 Car -1 -1 -10 414.4129 177.7609 487.5110 204.1271 1.4947 1.6055 3.9107 -9.4122 1.7934 42.6167 -9.1815 5.1435
87 21 Car -1 -1 -10 411.6734 177.0338 483.4657 203.7288 1.4911 1.5991 3.7462 -9.4492 1.7412 41.8949 -9.1893 4.7245
88 21 Car -1 -1 -10 404.8648 176.5937 480.0078 203.3493 1.4686 1.6121 3.8769 -9.5934 1.6892 41.2234 -9.1709 5.1546
89 21 Car -1 -1 -10 399.2149 175.8307 474.6751 203.2913 1.4847 1.5643 3.8303 -9.7338 1.6572 40.4988 -9.1788 5.4868
90 21 Car -1 -1 -10 394.6170 176.2131 470.8968 203.4233 1.4444 1.5772 3.7924 -9.8038 1.6359 39.8281 -9.1788 5.6259
91 37 Car -1 -1 -10 716.6035 175.4697 838.3709 221.5408 1.5345 1.6404 4.0740 5.9137 1.6329 25.6167 -9.1013 2.3438
91 21 Car -1 -1 -10 385.5191 178.6782 465.5035 207.7117 1.5070 1.5623 3.9250 -10.0256 1.8330 39.1359 -9.1972 5.6167
92 21 Car -1 -1 -10 382.2316 179.4939 462.4696 208.2863 1.4657 1.5086 3.8974 -10.0331 1.8314 38.4910 -9.1785 5.9903
93 21 Car -1 -1 -10 375.8771 179.8710 458.2778 210.1139 1.5091 1.6166 3.8651 -10.1239 1.8890 37.7977 -9.1952 5.3392
94 21 Car -1 -1 -10 369.5683 179.8469 453.3691 210.5889 1.5102 1.5756 3.8598 -10.2266 1.8814 37.1133 -9.2290 4.8124
95 21 Car -1 -1 -10 361.6673 180.2426 447.4891 212.1628 1.5361 1.6641 3.8403 -10.3995 1.9224 36.4820 -9.2204 5.5389
96 21 Car -1 -1 -10 357.8037 180.1542 443.3187 212.5631 1.5291 1.6344 3.7580 -10.4124 1.9042 35.8136 -9.1958 5.2422
97 21 Car -1 -1 -10 350.7091 179.6004 437.4581 213.0206 1.5515 1.6279 3.7325 -10.5423 1.8920 35.1771 -9.2063 3.8525
98 41 Car -1 -1 -10 722.7682 179.1075 757.7913 209.7988 1.4249 1.5777 3.7981 6.4681 1.7571 36.2961 -13.9994 1.0459
98 21 Car -1 -1 -10 344.8895 180.0387 431.2309 213.9381 1.5402 1.6109 3.6317 -10.6291 1.8961 34.4971 -9.1899 4.2730
99 41 Car -1 -1 -10 724.4643 179.1701 761.6829 209.7875 1.3903 1.5527 3.8386 6.5822 1.7208 35.6599 -13.8865 2.2681
99 21 Car -1 -1 -10 332.3414 181.7490 425.7483 214.0130 1.4295 1.5814 3.9067 -10.8437 1.8616 33.8223 -9.2056 4.6887
100 41 Car -1 -1 -10 724.2026 179.2546 760.3297 210.6326 1.4018 1.5620 3.7525 6.4290 1.7309 35.0526 -13.9111 2.3224
100 21 Car -1 -1 -10 330.8513 179.9071 415.9591 212.9905 1.4477 1.5545 3.3853 -10.8759 1.7825 33.1231 -9.2314 3.4662
101 21 Car -1 -1 -10 322.6718 178.9243 407.7432 213.5957 1.4894 1.5281 3.3168 -11.0398 1.7724 32.4866 -9.2056 3.5367
102 43 Car -1 -1 -10 84.0274 177.2091 185.3392 210.4163 1.5086 1.5983 3.7258 -22.2861 1.7184 33.8482 -9.3979 1.2649
102 21 Car -1 -1 -10 310.4344 177.4222 400.5344 212.8802 1.4945 1.5411 3.4771 -11.2621 1.7040 31.8696 -9.1850 4.1179
103 21 Car -1 -1 -10 296.6957 176.6198 398.6289 212.9742 1.5014 1.6265 3.8608 -11.3603 1.6708 31.2126 -9.2289 2.8825
104 21 Car -1 -1 -10 292.6981 178.2736 401.0256 214.3865 1.4550 1.6257 4.0580 -11.1712 1.6941 30.6022 -12.3773 1.5447
105 41 Car -1 -1 -10 724.7634 175.8516 770.1915 210.5989 1.4234 1.5488 3.7048 6.0863 1.5646 31.8993 -13.8307 1.3836
105 21 Car -1 -1 -10 278.5732 179.5212 391.1068 218.0277 1.5082 1.6732 4.1237 -11.4362 1.7970 29.9535 -9.2086 2.4431
106 21 Car -1 -1 -10 270.9402 180.0885 387.5073 219.6592 1.5100 1.7133 4.1364 -11.3893 1.8162 29.2453 -9.2221 1.7585
107 21 Car -1 -1 -10 260.1691 180.6259 373.0315 220.5939 1.4924 1.6923 3.8862 -11.6743 1.8152 28.6795 -9.2030 2.4848
109 21 Car -1 -1 -10 243.1684 180.5230 357.6963 220.3763 1.4276 1.5850 3.7258 -11.7424 1.7303 27.3533 -9.2584 1.1913
123 49 Car -1 -1 -10 671.7299 173.8150 702.5644 197.0656 1.5256 1.6491 4.0105 5.2228 1.5946 49.5208 -14.1466 1.1552
128 52 Car -1 -1 -10 0.0000 179.2956 86.2749 256.5421 1.4831 1.6333 3.7935 -13.4084 1.6283 15.1272 -9.2729 1.7114
129 52 Car -1 -1 -10 0.0000 180.6295 66.3821 255.8083 1.3867 1.6066 3.8160 -13.3863 1.5525 14.4237 -9.3596 3.4644
130 52 Car -1 -1 -10 0.0000 178.1068 38.7434 259.2386 1.4307 1.6109 3.7647 -13.4573 1.5394 13.8659 -9.3112 1.7771
132 55 Car -1 -1 -10 894.3464 163.2554 957.8494 192.6604 1.6232 1.6918 4.3541 18.3574 1.0937 41.8985 -13.2863 1.1685
139 57 Car -1 -1 -10 1050.5389 171.0522 1241.0000 270.9887 1.7171 1.7296 4.1366 11.4112 1.6865 14.6338 -11.3427 2.2673
156 57 Car -1 -1 -10 1119.0155 175.1538 1241.0000 260.4729 1.6334 1.6593 3.6151 12.8210 1.6854 15.0364 -12.7606 1.4369
162 57 Car -1 -1 -10 1131.8016 180.8045 1241.0000 280.5112 1.6070 1.6104 3.8845 11.5983 1.7555 12.6011 -12.5481 1.4108
163 57 Car -1 -1 -10 1150.3752 184.2723 1241.0000 291.9862 1.6288 1.6743 4.0133 11.6541 1.8420 12.2992 -12.7273 2.0711
164 57 Car -1 -1 -10 1170.2120 184.5318 1241.0000 293.9995 1.6079 1.6698 3.9925 11.7080 1.8168 11.8492 -12.6681 3.1112
165 57 Car -1 -1 -10 1185.5763 183.9416 1241.0000 289.9980 1.5167 1.5684 3.7523 11.5162 1.7074 11.4478 -12.6489 1.0073
199 65 Car -1 -1 -10 719.1867 177.7459 754.1189 209.3817 1.3684 1.5136 3.8353 5.8521 1.6118 33.8367 -13.9890 1.3771
240 76 Car -1 -1 -10 555.4316 174.4456 595.8632 195.0204 1.5817 1.6702 3.4405 -2.7961 1.7134 57.6500 -14.7365 1.1569
268 82 Car -1 -1 -10 0.0000 158.1378 139.2470 220.2535 1.7363 1.6140 3.6678 -16.2015 1.3253 21.3880 -9.1835 2.2855
292 91 Car -1 -1 -10 732.0851 177.8497 803.0291 224.0002 1.4960 1.5974 3.5560 5.4588 1.6861 25.5904 -14.1817 1.0074
316 93 Car -1 -1 -10 776.0692 172.1590 853.4744 201.0925 1.5427 1.6672 4.1215 11.3731 1.5060 40.1569 -13.0444 1.1330
338 96 Car -1 -1 -10 1029.7468 170.3772 1223.8908 227.7334 1.4394 1.5706 4.1009 13.4970 1.3776 19.0287 -9.4933 1.6388
