0 0 Car -1 -1 -10 476.4742 163.5266 513.3994 193.6280 1.5557 1.6547 3.8497 -6.0640 0.6799 38.6041 -11.2384 3.9444
0 2 Car -1 -1 -10 497.1194 165.8416 524.4232 190.3059 1.4758 1.6374 4.1329 -5.9921 0.5929 44.8083 -11.1363 2.5090
0 1 Car -1 -1 -10 1033.4507 164.4820 1172.2997 208.9800 1.6163 1.6636 4.0822 18.6097 1.0360 26.5678 -9.4538 2.9584
1 0 Car -1 -1 -10 476.0577 163.0170 513.7128 193.5041 1.5740 1.6987 3.9769 -6.0736 0.6728 38.6319 -11.2347 3.5045
1 2 Car -1 -1 -10 497.9329 167.2055 524.6403 191.0933 1.4408 1.6014 3.9232 -5.9427 0.6403 44.6947 -14.2767 1.4408
1 1 Car -1 -1 -10 1035.2584 163.3245 1171.2362 208.5363 1.6429 1.6308 3.9451 18.5778 1.0203 26.5070 -9.4228 2.3449
2 0 Car -1 -1 -10 476.2833 163.1620 513.0573 193.8136 1.5807 1.6833 4.0390 -6.0829 0.6880 38.6156 -11.2251 3.2224
2 2 Car -1 -1 -10 497.1114 164.0996 524.5220 190.7828 1.6100 1.6096 4.0885 -5.9260 0.6218 44.7733 -11.0993 2.7409
2 1 Car -1 -1 -10 1038.2146 168.6571 1170.7803 209.7228 1.4880 1.5884 3.8129 18.5850 1.0604 26.4503 -12.5446 2.8177
3 0 Car -1 -1 -10 478.0430 163.1479 512.3771 193.5275 1.5661 1.6536 3.8919 -6.0343 0.6730 38.5171 -11.1991 3.2068
3 2 Car -1 -1 -10 496.7178 163.9746 527.0465 190.6343 1.6090 1.6014 4.1237 -5.8541 0.6130 44.7706 -11.0506 2.4970
3 1 Car -1 -1 -10 1038.8510 168.7622 1172.3193 210.1329 1.4952 1.5872 3.8238 18.5938 1.0725 26.4094 -12.5311 3.0006
4 0 Car -1 -1 -10 478.2877 162.3722 512.9894 193.6807 1.6128 1.6475 3.8641 -6.0050 0.6804 38.4786 -11.2053 3.1857
4 2 Car -1 -1 -10 497.8287 166.8357 524.2106 190.3611 1.4167 1.5787 4.1166 -5.9160 0.5952 44.7102 -11.1129 3.0475
4 1 Car -1 -1 -10 1039.7322 167.3121 1179.3848 209.8740 1.5308 1.6359 3.9787 18.6878 1.0580 26.3470 -12.5135 2.6996
5 0 Car -1 -1 -10 477.5810 163.9099 512.9822 193.1770 1.5029 1.6191 3.8110 -6.0031 0.6524 38.3416 -11.2226 3.4701
5 2 Car -1 -1 -10 496.9232 164.8349 524.2065 190.8425 1.5647 1.5694 3.8601 -5.9899 0.6236 44.5670 -11.1625 2.5544
5 1 Car -1 -1 -10 1037.4572 162.2030 1184.0364 209.2863 1.6907 1.7381 4.1649 18.7269 1.0352 26.3528 -12.5181 1.8835
6 0 Car -1 -1 -10 480.1465 166.0417 513.0665 194.0801 1.4413 1.6077 3.7750 -5.9297 0.6995 38.3471 -11.1886 3.7358
6 2 Car -1 -1 -10 497.8238 165.5824 534.4106 191.1849 1.5432 1.5420 3.5018 -5.5458 0.6454 44.4320 -10.8952 1.0621
6 1 Car -1 -1 -10 1036.0717 160.5276 1181.2197 209.1545 1.7545 1.7845 4.1702 18.7138 1.0354 26.4276 -9.4389 3.3935
7 0 Car -1 -1 -10 478.1531 167.4240 513.5407 194.5186 1.3842 1.5835 3.9101 -5.9521 0.7176 38.2012 -11.2273 3.4273
7 1 Car -1 -1 -10 1036.0874 157.9189 1180.8964 209.8590 1.8687 1.7679 4.1772 18.6743 1.0578 26.3747 -9.4525 3.6631
8 0 Car -1 -1 -10 478.9904 167.8019 513.0514 196.1260 1.4390 1.5648 3.6864 -5.8906 0.7953 37.8851 -11.2132 3.6274
8 1 Car -1 -1 -10 1037.1488 166.0379 1193.0511 212.0898 1.6451 1.7587 4.4623 18.7790 1.1300 26.2070 -9.3910 2.8226
9 0 Car -1 -1 -10 477.3299 168.1252 515.4763 196.4900 1.4354 1.5611 3.7352 -5.8583 0.8106 37.7849 -11.2720 2.9078
9 2 Car -1 -1 -10 498.1231 171.1066 525.4154 194.9624 1.4282 1.5956 3.8752 -5.8106 0.8672 44.3343 -14.2407 1.4985
9 1 Car -1 -1 -10 1042.4691 164.4937 1204.1982 211.3799 1.6712 1.7933 4.6360 19.0268 1.1022 26.1310 -9.4086 3.7833
10 3 Car -1 -1 -10 523.1722 168.3174 561.1356 185.6908 1.6295 1.6772 3.7629 -6.0171 0.4880 68.3430 -13.5522 1.5190
10 0 Car -1 -1 -10 479.2937 167.5858 514.7013 196.2949 1.4435 1.5374 3.6592 -5.7814 0.7956 37.5053 -11.2351 2.0985
10 1 Car -1 -1 -10 1041.3458 163.7626 1207.3430 211.5527 1.6944 1.8179 4.7329 18.9876 1.1025 26.0371 -9.3973 4.0723
11 0 Car -1 -1 -10 483.5670 166.9629 515.5791 196.1103 1.4599 1.5400 3.7028 -5.6228 0.7833 37.3696 -11.1788 2.8710
11 1 Car -1 -1 -10 1047.1840 161.8299 1206.0760 210.1966 1.7109 1.7289 4.5286 18.9767 1.0520 25.8879 -9.4170 2.9915
12 0 Car -1 -1 -10 482.2910 166.4118 516.4320 195.6113 1.4509 1.5332 3.7316 -5.5981 0.7523 37.1131 -11.2078 2.4484
12 1 Car -1 -1 -10 1053.5361 161.2059 1216.0866 212.3042 1.7933 1.8125 4.5312 19.1720 1.1177 25.7630 -9.4036 3.3501
13 0 Car -1 -1 -10 485.6075 166.7973 517.6775 196.2385 1.4495 1.5566 3.7534 -5.4299 0.7763 36.7867 -11.1649 2.9607
13 1 Car -1 -1 -10 1065.1205 166.5309 1230.3987 211.9412 1.5764 1.8198 4.5215 19.4476 1.0930 25.5130 -9.3967 5.2603
14 0 Car -1 -1 -10 484.5447 166.8123 520.4805 196.4851 1.4495 1.5219 3.8965 -5.3632 0.7823 36.6032 -11.2218 3.0286
14 1 Car -1 -1 -10 1064.7375 166.2301 1230.5887 211.8984 1.5737 1.7940 4.5279 19.2798 1.0835 25.2939 -9.4082 3.3313
15 0 Car -1 -1 -10 488.7305 166.3908 522.5036 196.4098 1.4541 1.5381 3.9922 -5.1664 0.7721 36.3472 -11.1799 3.0230
15 1 Car -1 -1 -10 1071.8883 162.3204 1228.2658 213.9397 1.7611 1.6949 4.1592 19.2107 1.1424 25.0899 -9.3639 1.4540
16 0 Car -1 -1 -10 493.6625 165.7449 526.3889 196.7063 1.4895 1.5650 4.0755 -4.8225 0.7811 36.1224 -11.1075 3.3363
16 1 Car -1 -1 -10 1075.2834 159.5641 1238.4430 212.3769 1.7702 1.7409 4.2087 19.2579 1.0700 24.8796 -9.2695 1.8499
17 0 Car -1 -1 -10 495.5862 164.7520 528.7446 196.4651 1.5056 1.5666 3.8755 -4.7183 0.7594 35.5937 -11.1416 3.6028
18 0 Car -1 -1 -10 499.5381 164.2450 534.2240 196.4565 1.5105 1.6043 3.9064 -4.4470 0.7497 35.2025 -11.1466 3.5317
18 2 Car -1 -1 -10 517.7097 165.2660 544.2680 192.0065 1.5385 1.5035 3.4254 -4.4814 0.6634 42.4690 -11.1231 1.2768
19 0 Car -1 -1 -10 501.3994 164.3862 535.8783 196.2961 1.4776 1.5638 3.7866 -4.3001 0.7329 34.7248 -11.1471 2.9685
19 2 Car -1 -1 -10 523.2751 165.8715 549.3459 191.5187 1.4655 1.4854 3.4297 -4.0935 0.6310 42.1715 -11.0863 1.1062
19 1 Car -1 -1 -10 1099.2689 167.5486 1241.0000 211.5965 1.4483 1.6097 4.0377 19.4856 1.0240 24.1699 -12.5051 1.6460
20 0 Car -1 -1 -10 505.6681 163.8272 540.2304 195.7601 1.4517 1.5552 3.9986 -4.0342 0.6952 34.2270 -11.1368 3.3159
21 0 Car -1 -1 -10 507.8690 162.2858 544.3998 194.9907 1.4662 1.6326 3.9018 -3.7829 0.6511 33.7235 -11.1087 3.4541
21 2 Car -1 -1 -10 527.4168 165.3669 555.4332 190.7336 1.4216 1.5664 4.0976 -3.7246 0.5749 41.7197 -11.0683 2.2650
22 3 Car -1 -1 -10 572.0586 164.0081 590.0676 179.9234 1.5089 1.6516 3.6963 -2.2839 -0.0567 69.0162 -14.1410 1.0212
22 0 Car -1 -1 -10 511.7686 161.8476 548.1781 194.5722 1.4428 1.6013 3.8988 -3.5582 0.6219 33.1965 -11.1103 3.5938
22 2 Car -1 -1 -10 526.9374 163.9051 560.1225 190.5520 1.4710 1.6505 4.1335 -3.6338 0.5563 41.1951 -11.1488 2.6517
23 3 Car -1 -1 -10 574.3201 163.9186 593.9601 180.2730 1.5529 1.6416 3.6635 -2.0334 -0.0217 69.0939 -14.2424 1.3155
23 0 Car -1 -1 -10 515.2589 161.2020 552.6835 195.1823 1.4764 1.6240 3.8203 -3.3520 0.6394 32.7119 -11.1205 3.3257
23 2 Car -1 -1 -10 532.9798 164.1264 563.0424 190.4189 1.4375 1.6135 4.1241 -3.3372 0.5437 40.7884 -11.1029 2.2687
23 1 Car -1 -1 -10 1151.4986 166.9188 1241.0000 218.4188 1.5686 1.6432 3.7885 20.0042 1.1565 22.5676 -12.4494 1.7552
24 0 Car -1 -1 -10 519.0661 161.9170 556.4361 195.9879 1.4548 1.5515 3.7372 -3.1223 0.6628 32.1395 -11.1269 3.7027
24 2 Car -1 -1 -10 535.8370 167.8351 572.6229 193.9463 1.4166 1.5720 4.0224 -2.8592 0.7309 40.4118 -14.0730 1.3434
24 1 Car -1 -1 -10 1162.4686 167.1170 1241.0000 218.4369 1.5552 1.6705 3.9876 20.2542 1.1512 22.3271 -12.5308 2.4308
25 0 Car -1 -1 -10 523.0160 161.9726 560.4836 196.4007 1.4479 1.5733 3.8743 -2.8566 0.6702 31.7294 -11.0837 2.7791
25 2 Car -1 -1 -10 542.2449 165.4603 571.6230 191.8412 1.4131 1.5725 3.9226 -2.7283 0.6089 39.8806 -11.0669 2.2042
26 0 Car -1 -1 -10 524.7140 161.2007 563.5270 196.5253 1.4606 1.6027 3.6628 -2.6937 0.6641 31.1210 -11.0777 3.2348
26 2 Car -1 -1 -10 543.6898 164.1470 576.0508 191.7901 1.4563 1.6311 4.1046 -2.5673 0.5962 39.3696 -11.0992 2.6798
27 3 Car -1 -1 -10 584.6340 162.9501 608.8209 180.0834 1.6276 1.6487 3.7481 -0.8093 -0.0409 69.2671 -14.3503 1.1095
27 0 Car -1 -1 -10 527.3275 161.8594 566.5902 196.6881 1.4114 1.5698 3.6617 -2.5775 0.6575 30.5559 -11.1097 3.5824
27 2 Car -1 -1 -10 546.2272 164.1783 576.8511 191.3076 1.4117 1.5925 4.0677 -2.3807 0.5638 38.8593 -11.0472 2.4274
28 3 Car -1 -1 -10 586.1459 164.0748 610.0332 180.4115 1.5527 1.6653 3.5984 -0.6734 -0.0078 69.1492 -14.3423 1.0131
28 0 Car -1 -1 -10 526.2943 161.2046 570.2746 198.5691 1.4837 1.6686 4.2488 -2.5130 0.7190 30.2850 -11.1242 3.6691
28 2 Car -1 -1 -10 547.8679 164.0089 579.4534 191.7088 1.4187 1.5942 4.1702 -2.2041 0.5755 38.3155 -11.0250 2.5233
29 0 Car -1 -1 -10 527.3579 162.2829 567.7414 200.1755 1.4756 1.5707 3.6438 -2.3853 0.7677 29.3986 -11.0619 3.1608
29 2 Car -1 -1 -10 544.3191 163.8391 581.3583 193.6364 1.5095 1.5957 3.8253 -2.2141 0.6669 37.7587 -10.9524 2.9117
30 3 Car -1 -1 -10 579.4451 166.7193 606.2472 183.5231 1.5990 1.6477 3.7179 -1.1907 0.2888 69.2955 -14.4381 1.1069
30 0 Car -1 -1 -10 524.5808 165.1026 567.3042 203.3693 1.4549 1.5943 3.7234 -2.4837 0.8710 28.8210 -11.1160 3.4103
30 2 Car -1 -1 -10 545.5598 166.8154 576.9546 195.7364 1.4357 1.5588 3.8147 -2.3437 0.7578 37.0589 -11.0769 2.8014
31 0 Car -1 -1 -10 518.4183 166.1614 560.1795 205.1320 1.4522 1.5532 3.6875 -2.5963 0.9194 28.2324 -11.0600 5.1771
31 2 Car -1 -1 -10 539.1583 166.5616 574.1146 197.3262 1.5067 1.6050 3.8235 -2.4656 0.8255 36.5461 -11.0102 4.7817
32 0 Car -1 -1 -10 511.7877 165.3377 555.3378 204.8360 1.4349 1.5784 3.9030 -2.7768 0.8856 27.6873 -11.0727 4.6598
32 2 Car -1 -1 -10 530.8730 167.2766 572.4979 197.5022 1.4527 1.6104 3.8318 -2.6692 0.8186 35.9384 -10.9349 3.0008
33 0 Car -1 -1 -10 503.5604 164.6225 548.2686 205.7058 1.4527 1.5778 3.7352 -3.0687 0.8928 26.9486 -11.1225 4.7504
33 2 Car -1 -1 -10 524.8234 165.7442 559.5264 196.5936 1.4529 1.5688 4.0038 -3.1044 0.7594 35.3314 -11.0429 4.5464
34 0 Car -1 -1 -10 492.1054 164.3000 538.5119 205.9950 1.4347 1.5900 3.7870 -3.2974 0.8788 26.2832 -11.0884 4.2427
34 2 Car -1 -1 -10 514.0563 166.1268 552.4354 196.7382 1.4147 1.5940 4.2100 -3.4896 0.7519 34.7998 -11.0266 4.3040
35 3 Car -1 -1 -10 532.0425 166.4751 566.4135 183.6236 1.6243 1.6796 3.8698 -5.4453 0.2970 69.0438 -14.7213 1.1079
35 0 Car -1 -1 -10 479.8590 164.3198 529.9759 207.5206 1.4451 1.5931 3.7055 -3.5781 0.9054 25.5596 -11.0799 3.8926
35 2 Car -1 -1 -10 502.1968 165.8525 542.3409 196.9201 1.4106 1.6152 4.3449 -3.9675 0.7470 34.3014 -11.0361 4.0243
36 0 Car -1 -1 -10 467.1825 165.0474 515.1435 209.3335 1.4394 1.5467 3.7812 -3.9942 0.9387 24.9522 -11.1286 4.6691
36 2 Car -1 -1 -10 489.8590 166.4978 528.9450 199.1009 1.4503 1.6241 3.9112 -4.4861 0.8289 33.4605 -11.0745 3.9382
37 3 Car -1 -1 -10 501.9309 168.2556 539.6053 185.8806 1.6626 1.6708 3.6999 -8.1605 0.5087 68.5808 -8.6533 1.3396
37 0 Car -1 -1 -10 450.8236 164.8129 501.7816 212.1043 1.4882 1.5578 3.6282 -4.3568 0.9961 24.1477 -11.1312 3.9233
37 2 Car -1 -1 -10 474.0772 165.2471 516.6235 199.6292 1.4897 1.6291 4.2191 -5.0393 0.8303 32.7946 -11.0707 3.9695
37 1 Car -1 -1 -10 1177.1420 172.8340 1241.0000 224.0338 1.3884 1.5838 4.0078 18.8817 1.1821 20.0560 -12.5181 1.3998
38 0 Car -1 -1 -10 433.0209 164.6440 486.1293 213.2222 1.4723 1.5878 3.6026 -4.7835 0.9933 23.3378 -11.1741 5.4068
38 2 Car -1 -1 -10 460.9850 165.7434 501.1043 199.4497 1.4328 1.6182 3.9762 -5.5927 0.8070 32.1251 -11.1227 3.7786
38 1 Car -1 -1 -10 1172.0011 167.4829 1241.0000 221.3661 1.4450 1.6581 4.0974 18.6283 1.0975 19.8513 -12.5339 1.2813
39 0 Car -1 -1 -10 416.6876 163.3517 470.4714 212.4302 1.4249 1.5365 3.6466 -5.1875 0.9286 22.4764 -11.2352 4.9692
39 2 Car -1 -1 -10 443.3150 163.5873 485.2119 198.4259 1.4382 1.5650 4.1337 -6.1942 0.7415 31.3353 -11.1279 5.0201
39 1 Car -1 -1 -10 1153.8194 162.8787 1241.0000 222.3553 1.6042 1.7141 4.2085 18.2110 1.1305 19.9400 -12.5747 2.0812
40 0 Car -1 -1 -10 393.9719 158.9279 453.1139 212.7331 1.4997 1.5838 3.4812 -5.4906 0.9000 21.5666 -11.1978 4.7249
40 2 Car -1 -1 -10 421.3848 161.6453 465.6768 198.2252 1.4700 1.5980 4.0411 -6.9274 0.7138 30.5288 -11.1518 3.9051
40 1 Car -1 -1 -10 1140.3777 162.5628 1241.0000 224.7519 1.6669 1.7016 3.9401 17.6332 1.1877 19.9542 -12.6475 2.7293
41 3 Car -1 -1 -10 426.3480 165.9656 471.2439 182.8285 1.5530 1.7114 4.3279 -14.8103 0.2156 67.0715 -8.7995 1.1894
41 0 Car -1 -1 -10 372.3838 161.5292 432.0627 217.4148 1.4835 1.5394 3.6550 -5.9183 0.9815 20.7251 -11.2461 5.5200
41 2 Car -1 -1 -10 396.7721 162.4634 450.3378 203.5676 1.6005 1.7289 4.3254 -7.5818 0.8997 29.7888 -11.1371 3.3202
41 1 Car -1 -1 -10 1122.8577 158.7776 1241.0000 223.8904 1.7376 1.7719 4.1691 17.2605 1.1595 20.0401 -9.5692 2.8091
42 0 Car -1 -1 -10 348.7910 164.1631 412.5099 222.1611 1.4676 1.5577 3.4651 -6.3029 1.0558 19.7735 -11.3033 6.0676
42 2 Car -1 -1 -10 377.3561 164.2462 426.5516 202.4490 1.4481 1.5768 4.1653 -8.2731 0.8335 28.9901 -11.1853 4.5964
42 1 Car -1 -1 -10 1102.6567 158.3608 1241.0000 228.4958 1.8744 1.8252 4.3271 16.8080 1.2843 20.0949 -9.5638 3.1801
43 3 Car -1 -1 -10 379.5532 170.2312 421.2323 187.5500 1.5659 1.6600 3.9007 -19.0118 0.6386 65.7325 -8.8046 1.1918
43 0 Car -1 -1 -10 319.9732 165.5779 387.0252 227.2645 1.4754 1.5367 3.5748 -6.7783 1.1201 18.8500 -11.3618 6.7647
43 2 Car -1 -1 -10 347.9319 165.9452 401.6748 206.8768 1.5001 1.6404 4.1891 -9.0994 0.9682 28.1298 -11.2132 4.5246
43 1 Car -1 -1 -10 1078.7926 166.0936 1241.0000 230.5894 1.7383 1.7858 4.4252 16.2362 1.3516 20.2413 -12.7049 3.3704
44 0 Car -1 -1 -10 287.0199 167.0940 360.5658 233.5104 1.4893 1.5631 3.5821 -7.1509 1.1903 17.8037 -11.3972 5.2226
44 2 Car -1 -1 -10 316.7809 167.4760 373.2757 209.3366 1.4789 1.6418 4.0786 -9.9241 1.0203 27.1541 -11.2476 4.5429
44 1 Car -1 -1 -10 1050.7662 163.0122 1241.0000 230.7992 1.8392 1.7800 4.3564 15.4442 1.3663 20.3217 -9.5441 4.6916
45 0 Car -1 -1 -10 248.7804 166.0540 327.7225 238.2649 1.5247 1.5576 3.7801 -7.6913 1.2213 16.9642 -11.4495 6.8596
45 2 Car -1 -1 -10 279.4573 167.9000 340.5370 211.4151 1.4679 1.6560 4.2646 -10.8308 1.0444 26.1263 -11.2871 3.9709
45 1 Car -1 -1 -10 1021.9666 164.8908 1217.5033 234.1866 1.8880 1.8412 4.6194 14.8213 1.4643 20.5088 -9.5722 4.6432
46 0 Car -1 -1 -10 206.2357 168.7076 295.6061 246.5523 1.5185 1.6042 3.6733 -7.9982 1.2901 15.7836 -11.4958 6.0890
46 2 Car -1 -1 -10 237.9928 168.9925 302.6231 214.5473 1.4752 1.6243 4.0977 -11.8076 1.1041 25.0927 -11.3240 4.2702
46 1 Car -1 -1 -10 989.2352 164.6866 1178.4786 234.1419 1.9048 1.8612 4.6001 13.9290 1.4727 20.7112 -9.6039 5.7310
47 0 Car -1 -1 -10 155.3425 171.0729 252.3883 253.6401 1.4963 1.5359 3.4720 -8.4445 1.3271 14.6816 -11.5745 5.9922
47 2 Car -1 -1 -10 188.3790 171.4098 260.4289 219.1357 1.4604 1.6396 4.3454 -12.8071 1.1838 23.9526 -11.3677 3.8179
47 1 Car -1 -1 -10 955.2675 168.8244 1140.0406 235.1079 1.8279 1.8828 4.6453 13.0084 1.5075 20.9137 -12.7839 4.1691
48 0 Car -1 -1 -10 91.2454 172.2210 211.8855 262.6425 1.4892 1.5734 3.7372 -8.8447 1.3545 13.5910 -11.6692 5.7593
48 2 Car -1 -1 -10 133.6494 173.0011 213.7959 224.7709 1.5034 1.6283 4.2693 -13.8181 1.2872 22.8104 -11.4021 3.8219
48 1 Car -1 -1 -10 918.6556 165.4727 1096.8709 235.1329 1.9218 1.9212 4.6537 11.9414 1.5088 21.0758 -9.7090 3.8837
49 0 Car -1 -1 -10 20.8490 172.6468 163.5432 272.5673 1.4958 1.5824 3.7272 -9.1818 1.3799 12.4800 -11.7490 6.8198
49 2 Car -1 -1 -10 72.2297 171.3664 157.5846 227.6328 1.5375 1.6273 4.2386 -14.8516 1.2895 21.5708 -11.4761 3.2354
49 1 Car -1 -1 -10 882.6363 164.9517 1053.2165 234.1845 1.9177 1.8839 4.6104 10.8435 1.4886 21.2181 -9.7549 5.4604
50 0 Car -1 -1 -10 0.0000 173.1146 110.3073 281.3064 1.4645 1.5096 3.6179 -9.3743 1.3662 11.3388 -11.8313 2.6157
50 2 Car -1 -1 -10 0.0000 171.1057 97.1062 231.1320 1.5226 1.6263 4.1833 -15.7714 1.2859 20.1492 -11.5147 3.1493
50 1 Car -1 -1 -10 845.2087 161.7809 1016.0321 229.6769 1.8831 1.8929 4.7644 9.7933 1.3655 21.3399 -9.7900 6.1989
51 0 Car -1 -1 -10 0.0000 176.2927 54.2772 296.6633 1.4471 1.5699 3.7428 -9.6079 1.3982 10.2518 -11.9172 2.1796
51 2 Car -1 -1 -10 0.0000 169.2981 29.8464 232.0984 1.4795 1.5917 4.2126 -16.6900 1.2172 18.8534 -11.5690 2.0145
51 1 Car -1 -1 -10 812.5511 160.8510 975.7461 227.7959 1.8588 1.8678 4.6266 8.7277 1.3148 21.4002 -9.8317 2.8137
52 1 Car -1 -1 -10 775.0163 156.0751 935.0692 227.1840 1.9677 1.9255 4.5875 7.5694 1.2934 21.4414 -9.8849 2.4022
55 1 Car -1 -1 -10 669.5219 158.9021 822.5558 226.7051 1.8217 1.8118 4.6009 4.2340 1.2430 21.0635 -10.0432 3.8559
56 5 Car -1 -1 -10 1100.8978 173.1680 1152.8919 196.4482 1.5470 1.6921 4.2516 36.1322 1.0611 48.9136 -10.0534 2.1954
56 1 Car -1 -1 -10 629.6247 158.1076 785.3261 229.9189 1.8927 1.8453 4.6231 3.0554 1.3041 20.7797 -10.0873 1.8150
57 6 Car -1 -1 -10 1045.0195 175.0536 1095.0303 199.6516 1.6639 1.6438 3.7866 32.6301 1.2968 49.5796 -10.0338 1.7632
57 1 Car -1 -1 -10 587.0328 158.7175 745.2797 232.6485 1.9003 1.8710 4.5743 1.8143 1.3420 20.3647 -10.1309 2.6391
58 1 Car -1 -1 -10 550.0360 163.5205 706.6160 236.1252 1.8237 1.8306 4.5044 0.7282 1.3988 19.9885 -10.2038 1.3018
59 8 Car -1 -1 -10 942.5585 180.0277 989.5120 203.2215 1.5914 1.7329 4.2466 25.8802 1.5603 50.6120 -10.1992 1.5494
59 1 Car -1 -1 -10 505.6942 164.1966 669.4769 239.9228 1.8412 1.8106 4.7070 -0.3820 1.4464 19.5486 -10.2712 4.2569
60 11 Car -1 -1 -10 894.6838 180.1670 938.1521 204.1497 1.6495 1.7514 4.0432 22.3801 1.6279 50.7279 -10.2841 2.6464
60 1 Car -1 -1 -10 460.2811 163.5391 627.6241 241.3472 1.8286 1.7569 4.5756 -1.5294 1.4316 18.9317 -10.3010 1.8818
60 9 Car -1 -1 -10 1161.0734 193.4363 1241.0000 296.6673 1.4186 1.5956 3.6483 10.7183 1.6787 12.1622 -13.5481 4.0529
60 10 Car -1 -1 -10 1142.4147 184.7611 1213.7824 229.3507 1.5397 1.6627 4.0274 21.7404 1.7148 26.7974 -13.3438 1.0375
61 13 Car -1 -1 -10 846.3304 176.7503 891.2226 201.0110 1.6622 1.7982 4.0955 18.9146 1.4066 50.5942 -10.3133 2.5870
61 1 Car -1 -1 -10 413.5566 160.5077 586.7604 241.9426 1.8424 1.8077 4.4797 -2.6008 1.3917 18.3289 -10.3574 2.1950
61 9 Car -1 -1 -10 1114.2655 190.8267 1241.0000 291.6317 1.4307 1.5660 3.5961 10.0474 1.6416 12.3762 -13.6083 5.4592
61 12 Car -1 -1 -10 1114.4394 184.5917 1238.4466 257.7922 1.5156 1.6923 4.2775 13.6381 1.6297 17.1636 -13.6137 4.1395
61 10 Car -1 -1 -10 1090.0748 182.4769 1144.2375 222.9231 1.4525 1.5687 3.5134 19.8026 1.5361 27.4677 -13.5481 2.5283
62 14 Car -1 -1 -10 799.3048 176.9742 842.7134 200.2807 1.5885 1.7458 3.8224 15.3846 1.3495 50.2364 -10.3485 2.8207
62 9 Car -1 -1 -10 1072.9300 192.4009 1230.1259 290.5804 1.3820 1.5564 3.6255 9.3192 1.6254 12.3917 -13.6580 6.1305
62 12 Car -1 -1 -10 1068.9283 183.3183 1183.8460 255.2615 1.5303 1.6587 4.1938 12.6532 1.6104 17.4523 -13.6549 3.6128
62 10 Car -1 -1 -10 1039.4967 181.9898 1106.3427 221.6057 1.4542 1.5447 3.5715 18.4770 1.5183 27.8991 -13.3594 2.1085
63 15 Car -1 -1 -10 754.2908 176.8276 800.4386 201.4299 1.6575 1.7824 4.2500 12.2080 1.4114 49.8875 -10.3960 2.9267
63 9 Car -1 -1 -10 1033.4765 192.5667 1182.7662 291.3438 1.3932 1.5612 3.5597 8.5662 1.6394 12.3838 -13.6845 6.3395
63 12 Car -1 -1 -10 1026.4304 184.7850 1131.5152 256.1696 1.5251 1.6292 4.0688 11.5667 1.6463 17.5481 -13.6817 4.2981
63 10 Car -1 -1 -10 996.9848 182.9504 1046.0345 221.1875 1.4253 1.5478 3.4720 16.6961 1.5321 28.4891 -13.6488 3.3734
64 17 Car -1 -1 -10 711.7301 176.4774 756.3437 201.8021 1.6817 1.7089 4.2076 9.0256 1.4159 49.1932 -10.4623 3.6149
64 9 Car -1 -1 -10 996.0553 194.2793 1144.5850 292.7066 1.3724 1.5097 3.4747 7.8398 1.6503 12.2774 -13.7491 5.8773
64 12 Car -1 -1 -10 984.5994 186.0407 1092.2463 257.4652 1.5229 1.6257 4.1317 10.6065 1.6801 17.6345 -13.7529 4.7479
64 10 Car -1 -1 -10 953.5375 182.9595 998.6842 220.8574 1.4314 1.5444 3.4149 15.1355 1.5396 28.8093 -13.6286 3.4227
65 18 Car -1 -1 -10 669.0765 176.5650 714.1004 202.2866 1.6729 1.7279 3.9889 5.9421 1.4183 48.1470 -10.5058 3.8875
65 9 Car -1 -1 -10 959.0682 193.0077 1112.2426 293.9532 1.4039 1.5765 3.4820 7.1857 1.6552 12.2044 -13.7959 7.3134
65 12 Car -1 -1 -10 945.1166 186.0844 1053.8078 256.5567 1.5021 1.6502 4.2333 9.6628 1.6614 17.6949 -13.8056 4.1486
65 10 Car -1 -1 -10 915.2356 183.4726 957.3312 221.6466 1.4517 1.4827 3.4493 13.6220 1.5832 29.0487 -13.6761 3.5389
66 9 Car -1 -1 -10 926.6189 192.2450 1080.9585 295.2809 1.4072 1.5556 3.5459 6.5234 1.6404 12.0126 -13.8400 7.5064
66 19 Car -1 -1 -10 627.8586 174.2437 674.4524 201.9544 1.7608 1.6740 4.0762 3.1252 1.3646 47.1208 -10.5389 3.4827
66 12 Car -1 -1 -10 909.8218 184.5273 1013.4417 255.9765 1.5258 1.6071 4.2226 8.6780 1.6405 17.6018 -13.8401 5.0575
66 10 Car -1 -1 -10 874.3409 182.7667 920.9852 220.0040 1.4261 1.5171 3.4921 12.1078 1.5273 29.2042 -13.6671 3.5419
67 9 Car -1 -1 -10 897.8115 188.4651 1049.1560 291.8240 1.4030 1.5076 3.5417 5.8990 1.5590 11.7921 -13.8738 6.7663
67 19 Car -1 -1 -10 590.7481 173.2204 635.6793 200.4099 1.6832 1.6060 3.8751 0.5793 1.2339 45.8632 -10.6074 4.0737
67 12 Car -1 -1 -10 877.9616 180.9614 983.2151 250.6488 1.5108 1.5998 4.0327 7.8626 1.5252 17.4984 -13.9036 5.1595
67 10 Car -1 -1 -10 843.7333 178.9692 885.7732 215.4964 1.4079 1.5136 3.5941 10.7467 1.3504 29.1972 -13.7516 3.4624
68 9 Car -1 -1 -10 875.3541 186.8607 1034.2135 291.6912 1.3814 1.5211 3.6323 5.4225 1.5039 11.4889 -13.9081 6.8877
68 19 Car -1 -1 -10 555.4497 168.9414 603.2230 199.4903 1.8312 1.6242 4.0031 -1.5652 1.1397 44.5364 -10.6459 4.9883
68 12 Car -1 -1 -10 848.8617 177.3059 961.0848 249.2353 1.5295 1.6461 4.2538 7.1139 1.4632 17.2718 -13.9518 4.9290
68 10 Car -1 -1 -10 814.1211 175.3916 860.8267 214.4732 1.4980 1.5261 3.4913 9.5574 1.3037 29.0013 -13.7326 5.6982
69 21 Car -1 -1 -10 772.5393 173.7346 805.2382 198.4525 1.4960 1.5564 3.6832 11.5839 1.0879 44.7154 -14.0058 1.2729
69 9 Car -1 -1 -10 854.6224 185.3478 1023.9113 295.4573 1.4110 1.5265 3.4680 4.9634 1.5011 11.0571 -13.9635 6.5426
69 19 Car -1 -1 -10 522.2989 167.2028 572.3259 198.9111 1.8356 1.6267 3.9532 -3.4607 1.0672 43.0584 -10.6759 4.5279
69 12 Car -1 -1 -10 827.4482 176.3501 940.2690 248.6840 1.5081 1.6359 4.1849 6.4658 1.4232 16.9305 -13.9812 5.3688
69 10 Car -1 -1 -10 791.8927 174.3729 835.4557 213.5313 1.4898 1.5464 3.5444 8.5288 1.2582 28.8226 -13.8044 4.5767
69 20 Car -1 -1 -10 783.4749 173.6054 814.9048 201.8097 1.4993 1.5777 3.7382 10.8192 1.1342 39.5829 -13.8999 1.3962
70 9 Car -1 -1 -10 837.3138 186.1886 1022.3068 300.9328 1.4003 1.5312 3.5717 4.6158 1.5029 10.6759 -14.0122 7.4885
70 19 Car -1 -1 -10 493.7767 167.2005 544.8030 197.8046 1.7072 1.5677 3.8768 -4.9810 0.9667 41.5179 -10.7076 4.1741
70 12 Car -1 -1 -10 810.1699 176.4533 926.7255 251.3958 1.5154 1.6396 4.3106 5.9398 1.4352 16.5378 -14.0029 5.8144
70 10 Car -1 -1 -10 772.6953 173.6004 815.7244 213.3187 1.4916 1.5723 3.5569 7.5809 1.2340 28.4680 -13.8794 5.0860
70 22 Car -1 -1 -10 767.2368 172.3319 809.6461 205.9951 1.5029 1.5824 3.5441 8.6021 1.1397 33.4325 -13.9858 1.3416
71 9 Car -1 -1 -10 828.9644 184.7283 1022.2381 305.1332 1.3979 1.5116 3.5770 4.3243 1.4717 10.1974 -14.0231 7.1292
71 19 Car -1 -1 -10 466.6423 166.6614 521.0138 200.5702 1.8179 1.5612 3.9381 -6.2346 1.0774 40.0065 -10.7273 4.6425
71 12 Car -1 -1 -10 798.5108 174.0842 917.0564 251.6188 1.5291 1.6308 4.2086 5.5435 1.4042 16.1231 -14.0221 5.9262
71 10 Car -1 -1 -10 755.8915 171.9310 800.4267 213.1181 1.5247 1.5888 3.4534 6.8916 1.2090 28.0477 -13.8587 4.0691
71 20 Car -1 -1 -10 744.8836 172.3394 783.0271 200.3566 1.4578 1.5358 3.5359 8.7306 1.0346 38.7103 -13.7678 1.6666
71 22 Car -1 -1 -10 750.3423 170.9292 791.2434 206.1026 1.5548 1.5061 3.3607 7.6730 1.1332 33.0098 -14.0134 2.9838
72 9 Car -1 -1 -10 823.6592 185.6945 1032.8796 315.3083 1.4152 1.5259 3.4316 4.0957 1.5007 9.6324 -14.0507 6.6389
72 19 Car -1 -1 -10 438.2565 168.9418 498.3956 205.3353 1.8638 1.6765 4.2002 -7.3621 1.2733 38.4372 -10.7755 4.5751
72 12 Car -1 -1 -10 785.9247 176.5383 910.6816 254.8352 1.4948 1.6443 4.1913 5.1575 1.4208 15.6532 -14.0495 7.3757
72 10 Car -1 -1 -10 742.5005 174.2628 790.0356 215.5159 1.4969 1.5569 3.4624 6.3046 1.2721 27.5344 -13.8389 6.2335
73 24 Car -1 -1 -10 576.4632 176.3233 601.6461 192.5509 1.5418 1.7010 3.9632 -1.5009 1.1461 69.2752 -10.8133 1.8329
73 9 Car -1 -1 -10 815.5868 187.8241 1049.7459 330.3898 1.4256 1.5386 3.8471 3.9117 1.5436 9.2475 -14.0568 5.9956
73 19 Car -1 -1 -10 414.5263 173.1806 476.0406 210.1699 1.8215 1.6834 3.9024 -8.2715 1.4625 36.8926 -10.7952 5.5192
73 12 Car -1 -1 -10 779.4998 178.6936 907.2756 261.6005 1.5118 1.5963 4.1695 4.8343 1.4805 15.0284 -14.0595 6.7609
73 10 Car -1 -1 -10 732.3541 175.6254 776.9301 218.8733 1.5413 1.5643 3.5803 5.7239 1.3691 27.1104 -13.9188 5.9619
73 20 Car -1 -1 -10 719.2068 176.9775 753.5561 205.2264 1.4365 1.5667 3.4200 7.0492 1.2588 37.8021 -13.8812 2.0449
73 22 Car -1 -1 -10 723.6387 175.3524 767.1468 210.1109 1.4955 1.5156 3.3314 6.3090 1.2755 32.1281 -14.0713 1.5739
74 9 Car -1 -1 -10 821.6942 189.7574 1075.2978 345.6020 1.4351 1.5345 3.6050 3.7884 1.5734 8.5784 -14.0659 6.2952
74 19 Car -1 -1 -10 391.4530 172.8584 456.9711 211.8212 1.8302 1.6370 4.0794 -8.9705 1.4727 35.3590 -10.8189 5.3913
74 12 Car -1 -1 -10 773.5033 179.8497 909.2104 266.4339 1.5106 1.6054 4.1641 4.5889 1.5009 14.4578 -14.0761 6.9235
74 10 Car -1 -1 -10 722.1699 178.0969 768.6627 220.4749 1.4766 1.6005 3.4694 5.2775 1.3944 26.4999 -13.9141 5.2080
74 20 Car -1 -1 -10 708.6542 178.4855 744.7593 207.8605 1.4790 1.5717 3.4197 6.3749 1.3790 37.3610 -14.0577 1.1816
74 22 Car -1 -1 -10 714.0758 176.8472 761.5334 213.1010 1.5253 1.6524 3.6467 5.8570 1.3731 31.6154 -14.0727 1.2993
75 9 Car -1 -1 -10 824.4481 190.8704 1110.6804 358.4238 1.3960 1.5416 3.6742 3.6743 1.5427 8.0010 -14.0738 6.2686
75 19 Car -1 -1 -10 369.2669 171.9356 438.5632 212.6740 1.8264 1.5980 4.0587 -9.5474 1.4439 33.8287 -10.8261 5.6033
75 12 Car -1 -1 -10 770.2899 179.8532 914.1311 271.2471 1.5191 1.6224 4.2049 4.4018 1.5100 13.8921 -14.0807 6.6708
75 10 Car -1 -1 -10 716.3128 177.0447 763.4089 221.0343 1.4976 1.5842 3.3734 4.8981 1.3815 25.8704 -13.9507 4.7535
75 20 Car -1 -1 -10 704.9899 177.8088 737.2575 207.5923 1.4712 1.5780 3.4995 6.0026 1.3397 36.7697 -13.9854 2.5944
75 22 Car -1 -1 -10 708.4147 176.3282 753.7262 213.1932 1.5207 1.6134 3.4732 5.4426 1.3501 30.9550 -14.0597 3.9521
75 28 Car -1 -1 -10 549.9899 174.7549 581.2618 192.7949 1.6321 1.7392 4.1488 -3.6212 1.1135 66.1896 -10.7395 1.5862
76 9 Car -1 -1 -10 826.5256 192.3556 1156.8609 374.0000 1.4035 1.5173 3.7540 3.5510 1.5612 7.3947 -14.0977 6.3720
76 19 Car -1 -1 -10 344.3452 172.6898 421.0664 214.5087 1.7829 1.6786 4.1356 -10.0758 1.4514 32.3137 -10.8368 5.3580
76 12 Car -1 -1 -10 769.3801 180.2808 922.1519 275.8346 1.5063 1.6011 4.1239 4.2388 1.5045 13.2341 -14.0959 6.3757
76 10 Car -1 -1 -10 711.0145 177.3684 759.8832 222.7362 1.5058 1.6038 3.4761 4.5908 1.4034 25.3048 -13.9800 5.2253
76 20 Car -1 -1 -10 695.4019 177.8116 730.1771 207.8963 1.4597 1.5762 3.4135 5.4435 1.3307 36.0776 -14.0374 2.5241
76 22 Car -1 -1 -10 702.6715 176.7158 747.3990 214.4305 1.5198 1.6201 3.4250 5.0616 1.3688 30.2654 -14.0474 3.9929
76 26 Car -1 -1 -10 685.7510 178.1669 718.8003 205.2135 1.5104 1.6040 3.7753 5.6458 1.3815 41.4075 -14.0838 1.2488
77 9 Car -1 -1 -10 837.4127 192.3341 1225.2498 374.0000 1.4068 1.5576 3.5906 3.4819 1.5507 6.6798 -14.1147 6.9451
77 19 Car -1 -1 -10 319.5780 172.9579 401.0449 217.9171 1.8175 1.6187 4.1583 -10.5531 1.5141 30.7527 -10.8495 4.8823
77 12 Car -1 -1 -10 765.6134 180.5663 933.3117 281.1048 1.4982 1.5935 4.1312 4.0707 1.5012 12.6072 -14.1272 6.7881
77 10 Car -1 -1 -10 706.3789 177.1001 755.4151 222.8495 1.4781 1.5681 3.4509 4.3239 1.3698 24.6655 -13.9804 5.8270
77 20 Car -1 -1 -10 687.3641 178.4957 723.7245 208.0686 1.4053 1.5967 3.4790 4.9730 1.3115 35.3934 -14.0545 3.1146
77 22 Car -1 -1 -10 694.9493 176.9349 744.1359 215.0637 1.5037 1.6411 3.4509 4.7192 1.3646 29.6391 -14.0931 3.3892
77 28 Car -1 -1 -10 524.9402 177.7145 556.6918 195.2233 1.4985 1.6546 4.2561 -5.6334 1.2613 62.7591 -10.7935 1.1910
78 9 Car -1 -1 -10 845.4571 194.7202 1241.0000 374.0000 1.4281 1.5221 3.6569 3.3515 1.5891 6.0666 -14.1082 5.4461
78 19 Car -1 -1 -10 293.1679 173.1969 381.2988 221.6473 1.8563 1.6622 4.1089 -10.9742 1.5780 29.2306 -10.8633 5.3768
78 12 Car -1 -1 -10 766.4417 181.3717 942.9030 290.3616 1.5202 1.6043 4.1589 3.9283 1.5392 11.9880 -14.1137 7.1908
78 10 Car -1 -1 -10 700.2454 177.6800 750.3679 225.7641 1.5099 1.5607 3.3514 4.0539 1.4229 23.9825 -13.9636 5.0932
78 20 Car -1 -1 -10 684.0976 178.5249 719.2655 209.9295 1.4700 1.5796 3.4542 4.7112 1.3790 34.8860 -14.0408 2.0718
78 22 Car -1 -1 -10 689.6116 176.9483 741.1572 216.0411 1.5058 1.6064 3.5009 4.4398 1.3705 28.9906 -14.1238 3.2793
78 28 Car -1 -1 -10 514.9571 178.3026 546.2126 195.9442 1.4661 1.5909 3.7647 -6.3399 1.2847 60.7606 -10.7865 1.6968
79 9 Car -1 -1 -10 864.8355 195.2305 1241.0000 374.0000 1.4256 1.5454 3.5574 3.3374 1.5767 5.3793 -14.1262 5.3040
79 19 Car -1 -1 -10 267.2841 172.4217 362.2261 224.2127 1.8741 1.6570 4.1001 -11.2736 1.5833 27.7150 -10.8750 5.6106
79 12 Car -1 -1 -10 768.6226 181.3387 965.6173 298.8620 1.5301 1.6396 4.2058 3.8669 1.5477 11.3428 -14.1254 7.1493
79 10 Car -1 -1 -10 697.6570 176.6938 749.4552 226.0773 1.5032 1.5638 3.3789 3.8656 1.3889 23.3106 -13.9751 4.8263
79 20 Car -1 -1 -10 677.6063 178.6449 715.0478 210.9468 1.4828 1.5815 3.4775 4.3599 1.3991 34.2392 -14.0707 4.1918
79 22 Car -1 -1 -10 687.1189 176.3526 736.9669 217.7035 1.5555 1.6249 3.5184 4.2117 1.4010 28.3885 -14.0889 3.6201
79 26 Car -1 -1 -10 668.9743 178.0782 702.6896 206.5028 1.5118 1.6074 3.8534 4.4675 1.3844 39.5611 -14.0924 2.5503
79 28 Car -1 -1 -10 505.4801 177.9544 537.3759 196.0872 1.4647 1.6404 3.9876 -6.9405 1.2603 59.2049 -10.8395 2.0870
80 9 Car -1 -1 -10 878.1152 196.6102 1241.0000 374.0000 1.4642 1.5796 3.9824 3.3302 1.6182 4.6823 -14.1446 4.5688
80 19 Car -1 -1 -10 241.4037 172.8339 344.0027 225.8448 1.8085 1.6507 4.0962 -11.4792 1.5485 26.2438 -10.8838 6.1207
80 12 Car -1 -1 -10 774.7976 180.3939 990.7908 307.5220 1.5336 1.6155 4.2066 3.8109 1.5340 10.6331 -14.1305 8.0631
80 10 Car -1 -1 -10 697.2145 176.3740 751.0052 227.3050 1.5006 1.5726 3.3922 3.7838 1.3806 22.6327 -13.9653 6.1393
80 20 Car -1 -1 -10 675.6259 177.6603 715.4744 210.0736 1.4492 1.5954 3.5666 4.2134 1.3237 33.4285 -14.0866 3.4643
80 22 Car -1 -1 -10 685.3491 175.6199 736.8752 218.0615 1.5543 1.6192 3.6310 4.0717 1.3771 27.7372 -14.0943 4.3198
80 26 Car -1 -1 -10 665.6834 177.4297 700.3140 205.7833 1.4851 1.5615 3.5988 4.2310 1.3257 38.8416 -14.1196 1.8253
80 28 Car -1 -1 -10 496.4870 177.7390 527.9770 196.2968 1.4548 1.6238 3.8578 -7.4821 1.2396 57.4371 -10.8720 1.7898
81 9 Car -1 -1 -10 899.5385 195.0428 1241.0000 374.0000 1.4743 1.6750 3.9113 3.3134 1.5986 3.9703 -14.1740 4.6225
81 19 Car -1 -1 -10 209.8789 171.0818 323.1971 228.4087 1.8306 1.6554 4.1505 -11.7066 1.5314 24.7223 -10.8926 5.7389
81 12 Car -1 -1 -10 780.1886 178.2160 1026.0029 318.2165 1.5439 1.6276 4.1250 3.7593 1.5204 9.8689 -14.1550 8.1062
81 10 Car -1 -1 -10 696.4951 175.3621 752.4209 227.9436 1.4939 1.5777 3.4676 3.6931 1.3495 21.9313 -13.9546 5.4976
81 20 Car -1 -1 -10 674.1684 176.1373 713.8668 209.4292 1.4550 1.5881 3.6067 4.0533 1.2658 32.7439 -14.0771 2.3265
81 22 Car -1 -1 -10 682.6597 174.3346 736.4616 217.6587 1.5426 1.5906 3.6041 3.8974 1.3246 26.9893 -14.1153 4.4516
81 26 Car -1 -1 -10 666.8740 175.2177 700.4203 204.7711 1.5124 1.6240 3.6646 4.1784 1.2435 38.0596 -14.0722 2.6419
81 27 Car -1 -1 -10 654.3497 176.1816 680.6654 197.5742 1.4456 1.6010 3.7552 4.3604 1.1551 49.6705 -14.1127 2.0805
81 28 Car -1 -1 -10 487.9764 177.5996 524.3661 196.8584 1.4665 1.6256 4.0827 -7.7673 1.2469 55.9931 -10.8050 2.3052
82 9 Car -1 -1 -10 946.9880 196.6967 1241.0000 374.0000 1.5160 1.6873 3.9519 3.3058 1.6356 3.1462 -14.1605 4.9639
82 19 Car -1 -1 -10 179.0494 171.0389 300.4271 232.1674 1.8263 1.6327 4.0847 -11.8596 1.5452 23.2207 -10.9148 6.0370
82 12 Car -1 -1 -10 787.5437 178.1172 1061.8910 333.7057 1.5537 1.5920 4.1382 3.6905 1.5316 9.1432 -14.1612 8.1908
82 10 Car -1 -1 -10 697.8144 174.6002 755.2356 229.1917 1.4988 1.5630 3.4002 3.5659 1.3384 21.2033 -13.9899 4.7806
82 20 Car -1 -1 -10 671.8052 176.1587 713.1595 210.0147 1.4457 1.5920 3.5666 3.8887 1.2618 32.0069 -14.0887 3.8846
82 22 Car -1 -1 -10 681.4820 175.1027 737.3809 218.6127 1.5013 1.5563 3.5601 3.7699 1.3166 26.1755 -14.1321 4.3940
82 26 Car -1 -1 -10 665.1401 174.7771 697.2998 204.7634 1.5008 1.6047 3.6376 4.0319 1.2158 37.2860 -14.0142 1.6957
82 27 Car -1 -1 -10 653.8841 175.5587 677.7345 197.2924 1.4454 1.5823 3.7806 4.1952 1.1181 48.9633 -14.0598 2.0279
82 28 Car -1 -1 -10 478.5662 177.1037 515.0499 196.9515 1.4655 1.6028 3.9935 -8.2528 1.2160 54.3036 -10.8283 4.1999
83 9 Car -1 -1 -10 1005.0308 213.4110 1241.0000 374.0000 1.4337 1.6187 3.9202 3.3158 1.6426 2.4538 -14.1790 3.1134
83 19 Car -1 -1 -10 140.8719 170.1888 275.4147 235.4912 1.8105 1.6058 4.0646 -12.0224 1.5262 21.6891 -10.9136 6.0199
83 12 Car -1 -1 -10 799.4297 179.0900 1110.5714 349.4185 1.5222 1.5839 4.1213 3.6560 1.5113 8.3896 -14.1568 7.1552
83 10 Car -1 -1 -10 697.7777 175.6754 758.1860 231.1151 1.4638 1.5814 3.5180 3.4874 1.3380 20.5204 -13.9883 6.1931
83 20 Car -1 -1 -10 670.7455 176.1372 712.9870 210.4143 1.4290 1.5706 3.3824 3.7615 1.2486 31.1924 -14.0979 3.1211
83 22 Car -1 -1 -10 680.4255 174.3584 737.7109 219.9226 1.5271 1.5871 3.5248 3.6497 1.3228 25.4655 -14.1230 5.2570
83 26 Car -1 -1 -10 662.0899 175.1794 697.1031 205.4947 1.4913 1.6148 3.6374 3.8069 1.2310 36.6363 -14.0835 3.7056
83 27 Car -1 -1 -10 650.6364 175.7643 676.5548 197.6774 1.4341 1.5755 3.6991 3.9579 1.1255 48.1429 -14.1033 1.8796
83 28 Car -1 -1 -10 469.6827 175.0859 507.0665 197.6919 1.6150 1.6629 3.9433 -8.6160 1.2295 52.5729 -10.8610 3.7716
84 19 Car -1 -1 -10 98.0779 170.3906 249.3587 242.0679 1.8370 1.6154 4.0887 -12.1564 1.5795 20.2152 -10.9202 6.4985
84 12 Car -1 -1 -10 811.7929 178.4705 1180.8923 374.0000 1.5484 1.5974 4.1115 3.6386 1.5342 7.6173 -14.1690 7.6890
84 10 Car -1 -1 -10 699.8572 174.8711 763.3390 234.9832 1.5249 1.5832 3.3578 3.4138 1.3837 19.6990 -14.0063 5.7324
84 20 Car -1 -1 -10 670.1070 175.6087 711.7828 211.4952 1.4607 1.5651 3.3666 3.6362 1.2631 30.4987 -14.0812 3.7530
84 22 Car -1 -1 -10 680.5633 174.0916 739.7390 221.3166 1.5302 1.5926 3.4928 3.5667 1.3241 24.6639 -14.1213 4.5289
84 26 Car -1 -1 -10 658.5595 174.4106 697.8135 206.3600 1.5328 1.6294 3.7459 3.6397 1.2421 35.7970 -14.1276 2.8941
84 27 Car -1 -1 -10 648.7125 175.0260 674.0546 197.4087 1.4427 1.5330 3.4500 3.7435 1.0912 47.3191 -14.1025 1.9485
84 28 Car -1 -1 -10 460.8116 176.0196 499.2042 197.0821 1.4550 1.6169 3.8938 -8.9396 1.1468 50.8757 -10.8613 4.1433
85 19 Car -1 -1 -10 54.2359 171.3044 220.3609 247.9286 1.8124 1.5736 4.0165 -12.2292 1.5965 18.7747 -10.9296 5.8696
85 12 Car -1 -1 -10 828.6843 175.0917 1241.0000 374.0000 1.5414 1.5950 4.1722 3.6249 1.5068 6.8491 -14.1636 7.3969
85 10 Car -1 -1 -10 702.1172 172.6529 767.8061 235.4051 1.5178 1.5738 3.4116 3.3645 1.3296 18.8973 -13.9938 5.7224
85 20 Car -1 -1 -10 669.3093 174.9229 713.6228 211.7775 1.4604 1.5455 3.3718 3.5599 1.2409 29.7215 -14.1063 4.2734
85 22 Car -1 -1 -10 680.6480 173.8137 742.2142 221.6493 1.4992 1.5786 3.4723 3.4926 1.2912 23.8965 -14.1296 5.4059
85 26 Car -1 -1 -10 659.7478 173.6439 698.5353 206.1585 1.5254 1.6350 3.7269 3.6095 1.2052 35.0528 -14.1072 4.0762
85 27 Car -1 -1 -10 649.5418 174.2728 674.1797 197.0734 1.4446 1.5423 3.5029 3.7157 1.0514 46.5867 -14.0774 1.8433
85 28 Car -1 -1 -10 451.9050 175.5010 492.6119 198.3673 1.5242 1.6723 4.0434 -9.1845 1.1923 49.2284 -10.8817 3.2197
86 19 Car -1 -1 -10 0.0000 173.5488 189.4135 256.6968 1.7849 1.5709 4.0833 -12.2894 1.6373 17.2688 -10.9188 6.2162
86 12 Car -1 -1 -10 848.0948 175.4554 1241.0000 374.0000 1.5433 1.6392 4.1439 3.6239 1.5166 6.0739 -14.1665 6.5116
86 10 Car -1 -1 -10 705.4582 174.4989 774.3998 239.3726 1.4984 1.5763 3.5132 3.3590 1.3614 18.1812 -13.9859 5.0249
86 20 Car -1 -1 -10 673.7490 174.6672 715.8726 212.9670 1.4722 1.5425 3.5236 3.6061 1.2495 28.9901 -14.0586 2.5683
86 22 Car -1 -1 -10 684.0022 173.5710 748.5258 224.3181 1.5304 1.6198 3.5723 3.5266 1.3230 23.1219 -14.1144 5.5200
86 26 Car -1 -1 -10 662.9161 174.4400 699.9321 207.5624 1.5127 1.6184 3.6502 3.6277 1.2374 34.1597 -14.0724 3.8273
86 27 Car -1 -1 -10 644.8439 175.6130 676.3522 199.2801 1.4720 1.5640 3.6570 3.5642 1.1694 45.8385 -14.1908 1.1819
86 28 Car -1 -1 -10 444.9221 176.0748 488.4604 199.8668 1.5341 1.7182 3.8979 -9.2612 1.2501 47.6323 -10.8604 5.4612
87 19 Car -1 -1 -10 0.0000 176.0205 155.7827 267.8882 1.7890 1.6106 4.0688 -12.3273 1.7034 15.8561 -10.9156 5.7109
87 12 Car -1 -1 -10 874.1929 180.4281 1241.0000 374.0000 1.5325 1.6393 4.1034 3.6209 1.5339 5.3150 -14.1637 6.0355
87 10 Car -1 -1 -10 708.2581 174.1129 781.5754 243.8525 1.5277 1.5891 3.4772 3.3230 1.3894 17.3272 -13.9757 5.8315
87 20 Car -1 -1 -10 673.6909 175.5493 719.7692 215.0388 1.4710 1.5901 3.5362 3.5695 1.2881 28.1486 -14.0727 4.4543
87 22 Car -1 -1 -10 684.8921 173.2614 752.4669 225.9521 1.5313 1.5725 3.4727 3.4686 1.3225 22.2810 -14.1355 5.3617
87 26 Car -1 -1 -10 661.2285 174.3749 702.0514 208.7405 1.5343 1.6212 3.5961 3.5492 1.2623 33.3804 -14.1116 2.3051
87 27 Car -1 -1 -10 641.2522 176.0756 676.2037 199.9236 1.4578 1.5831 3.3857 3.3781 1.1887 44.9921 -14.2579 1.8542
87 28 Car -1 -1 -10 437.1491 176.9898 481.2037 201.9261 1.5469 1.6635 3.9298 -9.4111 1.3305 45.9029 -10.8818 5.0999
88 19 Car -1 -1 -10 0.0000 175.3328 114.6250 277.8312 1.7802 1.6537 4.1602 -12.4007 1.6921 14.4065 -10.9277 4.8982
88 12 Car -1 -1 -10 909.2666 181.7250 1241.0000 374.0000 1.5548 1.6488 3.9752 3.6173 1.5679 4.5800 -14.1473 5.5939
88 10 Car -1 -1 -10 715.4382 174.1694 793.7529 248.2924 1.5423 1.5962 3.6151 3.3718 1.4122 16.6146 -13.9847 6.2804
88 20 Car -1 -1 -10 671.8611 176.0926 723.9941 215.7376 1.4331 1.5951 3.5783 3.5046 1.2753 27.3550 -14.1216 4.9311
88 22 Car -1 -1 -10 687.1311 173.3477 759.2759 228.5409 1.5401 1.5816 3.4251 3.4663 1.3421 21.4444 -14.1467 5.8985
88 26 Car -1 -1 -10 662.5331 175.2204 703.6336 209.8295 1.5049 1.6239 3.6254 3.5271 1.2768 32.5822 -14.0985 4.2330
88 27 Car -1 -1 -10 651.1565 176.5024 678.2631 200.4715 1.4352 1.5666 3.6577 3.6941 1.1972 44.1981 -14.0852 2.0823
88 28 Car -1 -1 -10 428.1943 177.9236 475.9936 203.4856 1.5246 1.6737 3.9566 -9.5089 1.3723 44.2396 -10.8588 4.7212
89 19 Car -1 -1 -10 0.0000 176.7977 67.6664 294.0359 1.7784 1.6708 4.2978 -12.4080 1.7239 12.9129 -10.9392 4.1938
89 12 Car -1 -1 -10 952.9004 185.8190 1241.0000 374.0000 1.5138 1.6819 3.8626 3.5768 1.5584 3.7583 -14.1286 3.7686
89 10 Car -1 -1 -10 719.3700 174.0000 805.4250 252.1947 1.5378 1.5919 3.5268 3.3558 1.4116 15.7569 -13.9979 7.1178
89 20 Car -1 -1 -10 676.5202 176.0397 727.8952 217.9756 1.4651 1.5972 3.5187 3.5517 1.3108 26.4925 -14.0893 4.2501
89 22 Car -1 -1 -10 690.9521 173.6794 764.9492 231.8077 1.5552 1.5937 3.4180 3.4646 1.3743 20.6291 -14.1267 5.3768
89 26 Car -1 -1 -10 662.7989 176.2327 707.1789 210.7463 1.4573 1.6171 3.7200 3.5112 1.2786 31.7210 -14.1227 4.5295
89 27 Car -1 -1 -10 648.8963 176.4868 680.1525 201.2090 1.4518 1.5767 3.9338 3.6139 1.2175 43.4850 -14.1397 1.8104
89 28 Car -1 -1 -10 419.2712 178.4805 469.0616 204.4314 1.4904 1.7057 3.6749 -9.6247 1.3758 42.5456 -10.8468 6.2459
90 12 Car -1 -1 -10 1005.8959 188.6419 1241.0000 374.0000 1.5035 1.6181 3.8029 3.5795 1.5617 2.9644 -14.1821 3.3938
90 10 Car -1 -1 -10 722.5151 174.0456 817.6309 257.3720 1.5342 1.5806 3.5263 3.3052 1.4170 14.8605 -14.0132 6.5151
90 20 Car -1 -1 -10 675.9753 175.8839 730.5888 218.6008 1.4458 1.5384 3.4152 3.4716 1.2911 25.6421 -14.1258 4.8447
90 22 Car -1 -1 -10 694.3818 173.4849 771.4008 233.3624 1.5295 1.5661 3.4762 3.4531 1.3519 19.8039 -14.1242 5.3312
90 26 Car -1 -1 -10 664.0825 175.8459 709.6939 211.3212 1.4596 1.5946 3.7401 3.5059 1.2696 30.9637 -14.1274 3.0658
90 27 Car -1 -1 -10 652.1154 176.6677 680.0262 202.0950 1.4609 1.6004 3.8940 3.6865 1.2421 42.6306 -14.0444 1.7463
90 28 Car -1 -1 -10 408.6032 178.2051 462.4174 207.0446 1.5884 1.7045 3.9398 -9.7692 1.4634 41.0088 -10.8522 6.2730
91 12 Car -1 -1 -10 1091.0397 204.7536 1241.0000 374.0000 1.4634 1.5826 3.8483 3.6149 1.6071 2.1791 -14.1781 1.6231
91 10 Car -1 -1 -10 731.1225 173.3926 831.2929 263.2889 1.5462 1.5840 3.4339 3.3119 1.4256 13.9695 -13.9922 6.3656
91 20 Car -1 -1 -10 678.1034 175.9651 734.3885 221.3555 1.4798 1.5432 3.3687 3.4481 1.3335 24.7446 -14.1183 6.1401
91 22 Car -1 -1 -10 696.0857 173.0867 780.8627 237.2083 1.5621 1.5973 3.4986 3.4420 1.3831 18.9724 -14.1413 5.8644
91 26 Car -1 -1 -10 666.0456 176.1724 711.5152 213.7583 1.4999 1.6003 3.6570 3.4818 1.3287 30.0621 -14.1072 4.0448
91 27 Car -1 -1 -10 652.5411 176.6696 685.2484 202.1370 1.4261 1.5916 4.0554 3.8076 1.2130 41.7227 -13.9628 2.2692
91 28 Car -1 -1 -10 399.2330 180.0332 453.3067 208.6860 1.5108 1.6802 3.8374 -9.8695 1.4876 39.2756 -10.8856 5.9451
92 10 Car -1 -1 -10 737.8583 173.8161 849.2614 270.0088 1.5335 1.5754 3.4595 3.3048 1.4286 13.0881 -13.9998 6.3491
92 20 Car -1 -1 -10 681.7223 176.5274 740.4833 223.0872 1.4551 1.5730 3.5098 3.4799 1.3325 23.8741 -14.1010 6.0394
92 22 Car -1 -1 -10 700.3558 173.7658 791.4183 241.3037 1.5606 1.5977 3.5261 3.4581 1.4066 18.1026 -14.1457 5.9922
92 26 Car -1 -1 -10 667.9469 175.9311 715.5137 215.0450 1.5119 1.6124 3.5312 3.4889 1.3368 29.1120 -14.1100 4.5441
92 27 Car -1 -1 -10 652.6477 175.8357 684.9901 203.0542 1.4997 1.5931 3.5426 3.6290 1.2441 40.7361 -14.1214 2.4973
92 28 Car -1 -1 -10 388.4300 181.1910 445.2478 210.5143 1.4750 1.6408 3.7815 -9.9551 1.5151 37.6282 -10.8755 6.3652
93 10 Car -1 -1 -10 744.3399 173.3813 869.0538 278.6870 1.5453 1.5840 3.4432 3.2722 1.4425 12.1823 -14.0036 6.7258
93 20 Car -1 -1 -10 684.1146 175.4656 745.8713 225.3343 1.5013 1.5954 3.4481 3.4770 1.3513 23.0341 -14.0989 5.4915
93 22 Car -1 -1 -10 706.0894 174.2156 799.2450 243.4871 1.5125 1.5587 3.3998 3.4296 1.3769 17.1366 -14.1324 5.8404
93 26 Car -1 -1 -10 667.7896 175.2377 718.5334 214.9188 1.4826 1.6108 3.7454 3.4376 1.2875 28.2966 -14.1227 4.6578
93 27 Car -1 -1 -10 651.4006 175.7664 686.3679 203.4128 1.4870 1.5534 3.6457 3.5492 1.2338 39.8658 -14.1614 2.3240
93 28 Car -1 -1 -10 374.5195 181.0005 436.9844 212.9494 1.5300 1.6607 3.8831 -10.0663 1.5583 35.9519 -10.8633 6.7141
94 10 Car -1 -1 -10 754.2927 173.8180 893.9255 287.6047 1.5287 1.5555 3.4576 3.2808 1.4406 11.3074 -14.0103 6.6833
94 20 Car -1 -1 -10 686.0315 176.1638 750.8224 225.8796 1.4351 1.5371 3.4128 3.4397 1.3115 22.1256 -14.1180 5.7466
94 22 Car -1 -1 -10 709.6189 173.7652 812.9068 247.1163 1.5109 1.5749 3.4548 3.4379 1.3738 16.2960 -14.1496 7.1149
94 26 Car -1 -1 -10 670.7709 174.8771 721.4575 216.2944 1.4969 1.6002 3.7673 3.4459 1.2952 27.4588 -14.1033 4.0267
94 27 Car -1 -1 -10 654.2239 175.5641 688.0893 203.5096 1.4704 1.6107 3.5337 3.5954 1.2121 38.9826 -14.1141 2.7124
94 28 Car -1 -1 -10 361.0626 181.0286 427.1022 214.2132 1.5137 1.6827 3.8658 -10.1728 1.5423 34.3287 -10.8778 6.5154
95 10 Car -1 -1 -10 764.2515 174.6939 922.8621 299.9381 1.5268 1.5530 3.4474 3.2681 1.4577 10.4208 -14.0133 7.0335
95 20 Car -1 -1 -10 688.7851 177.1519 758.2570 229.4962 1.4380 1.5688 3.5689 3.4369 1.3476 21.2231 -14.1114 5.6672
95 22 Car -1 -1 -10 715.6164 172.7271 825.4452 250.8755 1.5044 1.5665 3.4608 3.4169 1.3564 15.3370 -14.1378 6.4336
95 26 Car -1 -1 -10 672.3004 174.8252 726.1398 217.8205 1.4981 1.5899 3.6946 3.4342 1.3019 26.4936 -14.1174 5.6448
95 27 Car -1 -1 -10 655.6773 175.8559 689.9026 203.6320 1.4206 1.6141 3.7327 3.5919 1.1845 38.0519 -14.0999 2.4242
95 28 Car -1 -1 -10 345.9425 180.6426 415.2554 215.1972 1.4965 1.6232 3.7021 -10.2734 1.5049 32.5742 -10.8618 5.7454
95 30 Car -1 -1 -10 667.7140 175.6161 707.4202 208.5785 1.4556 1.5512 3.5751 3.7894 1.2414 33.0311 -14.1027 1.7743
96 10 Car -1 -1 -10 777.6884 176.3895 963.1452 316.4421 1.5158 1.5447 3.4539 3.2658 1.4730 9.4545 -14.0171 6.4270
96 20 Car -1 -1 -10 692.6464 176.4839 765.8607 232.5831 1.4707 1.5772 3.6117 3.4503 1.3670 20.3612 -14.1052 7.4403
96 22 Car -1 -1 -10 721.8203 172.5150 842.5070 258.7384 1.5489 1.5857 3.4288 3.4251 1.4071 14.4138 -14.1411 7.0310
96 26 Car -1 -1 -10 675.1792 175.0642 729.8887 220.3873 1.5195 1.6013 3.6462 3.4265 1.3388 25.5517 -14.0992 5.2874
96 27 Car -1 -1 -10 657.0618 177.6894 689.1232 205.7049 1.3998 1.5583 3.7007 3.5298 1.2608 37.2194 -14.0730 1.7873
96 28 Car -1 -1 -10 328.7006 181.8869 403.9141 218.9879 1.5107 1.6548 3.8029 -10.3639 1.5767 30.9171 -10.8797 6.6643
96 30 Car -1 -1 -10 669.2575 176.7529 710.0045 210.6544 1.4519 1.5448 3.3591 3.7605 1.2929 31.9804 -14.1035 1.8070
97 10 Car -1 -1 -10 792.9907 175.7656 1003.5903 335.5139 1.5284 1.5336 3.3685 3.2278 1.4848 8.5316 -14.0027 7.1325
97 20 Car -1 -1 -10 695.7013 177.5054 774.8598 237.3165 1.4899 1.5750 3.4325 3.4316 1.4169 19.3354 -14.1224 6.3728
97 22 Car -1 -1 -10 727.4839 174.4596 860.5647 266.4342 1.5280 1.5802 3.4901 3.4018 1.4293 13.4923 -14.1446 6.8211
97 26 Car -1 -1 -10 677.3618 176.2613 734.4144 222.8494 1.5008 1.5871 3.6169 3.4094 1.3658 24.6076 -14.1016 5.5304
97 27 Car -1 -1 -10 657.9550 177.9735 691.4690 207.1829 1.4213 1.5466 3.6502 3.5184 1.2998 36.2636 -14.0830 1.6837
97 28 Car -1 -1 -10 309.9056 182.4045 390.6105 221.4352 1.4997 1.6829 3.7136 -10.4771 1.5853 29.2900 -10.8839 6.8922
97 30 Car -1 -1 -10 671.2536 176.9980 714.3144 212.5079 1.4742 1.5799 3.4723 3.7896 1.3303 31.1120 -14.1008 3.5185
98 10 Car -1 -1 -10 811.9929 176.9650 1069.8534 362.4561 1.5325 1.5068 3.3754 3.2417 1.5050 7.6023 -14.0172 6.4001
98 20 Car -1 -1 -10 699.7856 177.1528 782.0655 240.5513 1.4983 1.5647 3.4864 3.4124 1.4208 18.4691 -14.1093 6.4779
98 22 Car -1 -1 -10 735.1700 174.0760 882.5353 275.0094 1.5454 1.5812 3.4945 3.4017 1.4487 12.5754 -14.1467 7.2221
98 26 Car -1 -1 -10 678.4966 176.0281 740.4108 224.4712 1.4966 1.5864 3.6970 3.3909 1.3600 23.7008 -14.1195 5.2008
98 27 Car -1 -1 -10 656.3762 179.2437 694.4291 208.3342 1.3766 1.5923 3.7362 3.4538 1.3186 35.3362 -14.1185 3.5834
98 28 Car -1 -1 -10 287.6406 182.2190 376.8276 224.1000 1.5099 1.6398 3.8837 -10.5875 1.5836 27.6755 -10.8785 6.7852
98 30 Car -1 -1 -10 674.2525 177.0735 717.4851 213.7214 1.4695 1.5650 3.6538 3.8053 1.3336 30.2131 -14.0825 4.1479
99 10 Car -1 -1 -10 838.7158 176.2762 1166.4570 374.0000 1.5293 1.5440 3.3917 3.2515 1.5022 6.6065 -13.9954 6.8820
99 20 Car -1 -1 -10 704.8824 177.4242 791.6260 244.2519 1.4864 1.5690 3.4447 3.3961 1.4196 17.4738 -14.0971 7.7814
99 22 Car -1 -1 -10 745.4923 175.2902 906.6088 285.1298 1.5342 1.5624 3.4698 3.3872 1.4631 11.6072 -14.1353 7.0263
99 26 Car -1 -1 -10 681.2072 176.2338 745.5497 226.8230 1.4949 1.5961 3.7128 3.3741 1.3704 22.7662 -14.1092 5.1301
99 27 Car -1 -1 -10 658.3071 177.7908 696.0976 208.4534 1.4097 1.5790 3.7582 3.4474 1.2866 34.4071 -14.1018 2.7938
99 28 Car -1 -1 -10 265.1941 181.0903 359.5562 226.5006 1.5392 1.6339 3.7524 -10.6523 1.5640 25.9572 -10.8987 5.9333
99 30 Car -1 -1 -10 672.7322 176.7757 720.8501 214.4101 1.4582 1.5822 3.5534 3.7056 1.3154 29.1816 -14.1188 3.3043
100 10 Car -1 -1 -10 871.7313 178.7023 1241.0000 374.0000 1.5228 1.5079 3.3512 3.2165 1.5148 5.5911 -13.9832 5.6875
100 20 Car -1 -1 -10 709.4641 177.7336 803.8984 248.1407 1.4691 1.5520 3.4365 3.3830 1.4130 16.4882 -14.1082 6.8602
100 22 Car -1 -1 -10 755.1106 173.8653 940.6837 297.1877 1.5479 1.5601 3.5164 3.3778 1.4663 10.6329 -14.1437 6.8364
100 26 Car -1 -1 -10 683.6858 176.8732 751.4277 229.5375 1.4851 1.5800 3.6579 3.3474 1.3844 21.7802 -14.1139 5.3798
100 27 Car -1 -1 -10 657.9760 177.0002 699.5366 209.7263 1.4584 1.6036 3.7787 3.4120 1.3039 33.4017 -14.1264 2.7477
100 28 Car -1 -1 -10 238.8058 181.5170 341.9063 229.9270 1.5344 1.6371 3.7035 -10.7652 1.5738 24.4099 -10.8960 7.3491
100 30 Car -1 -1 -10 676.1980 176.2066 724.2681 215.5778 1.4710 1.5731 3.6298 3.7203 1.3121 28.2583 -14.0952 2.9149
101 10 Car -1 -1 -10 911.8581 180.4673 1241.0000 374.0000 1.5421 1.5357 3.2934 3.2579 1.5437 4.6008 -14.0149 5.9798
101 20 Car -1 -1 -10 715.0993 176.9621 816.1682 252.0602 1.4632 1.5533 3.3934 3.3579 1.3959 15.4951 -14.1005 5.9004
101 22 Car -1 -1 -10 768.5489 172.6695 984.7194 311.1192 1.5486 1.5934 3.5284 3.3991 1.4627 9.6689 -14.1386 7.3903
101 26 Car -1 -1 -10 687.8006 174.0210 759.5111 229.6586 1.4889 1.5915 3.6622 3.3590 1.3171 20.7705 -14.1069 5.2401
101 27 Car -1 -1 -10 660.9324 176.0134 699.9359 209.1439 1.4309 1.5553 3.6533 3.3868 1.2386 32.3929 -14.0911 3.2371
101 28 Car -1 -1 -10 207.2730 181.5730 321.4555 232.3483 1.4898 1.5998 3.7181 -10.8530 1.5288 22.7541 -10.8911 6.9013
101 30 Car -1 -1 -10 678.7029 175.2820 727.2836 215.8570 1.4605 1.5559 3.6338 3.6958 1.2742 27.3017 -14.0830 3.6593
101 31 Car -1 -1 -10 566.4494 173.8821 588.1755 190.9912 1.5694 1.5897 4.1441 -2.5657 0.9635 66.9793 -10.9179 1.9898
102 10 Car -1 -1 -10 961.8067 179.2983 1241.0000 374.0000 1.5248 1.6177 3.5196 3.2386 1.5237 3.5152 -14.0125 4.3078
102 20 Car -1 -1 -10 721.4320 176.7039 834.8500 257.5681 1.4558 1.5556 3.5455 3.3712 1.3891 14.5199 -14.1064 6.6287
102 22 Car -1 -1 -10 785.9305 172.5183 1039.7569 330.9784 1.5405 1.5958 3.4967 3.3927 1.4646 8.6241 -14.1283 7.6165
102 26 Car -1 -1 -10 689.6973 173.5960 769.1006 232.8417 1.5051 1.6200 3.6329 3.3443 1.3313 19.7835 -14.1248 6.0838
102 27 Car -1 -1 -10 661.4049 174.3919 702.4769 208.4350 1.4228 1.5532 3.7884 3.3495 1.1690 31.4684 -14.0983 3.6364
102 28 Car -1 -1 -10 170.5237 181.7728 301.5250 237.2089 1.4979 1.6492 3.7858 -10.9134 1.5411 21.1624 -10.8846 6.9127
102 30 Car -1 -1 -10 678.7504 174.4589 733.8551 217.1415 1.4776 1.6045 3.6237 3.6715 1.2700 26.3016 -14.1143 3.7691
102 31 Car -1 -1 -10 561.5704 173.0046 587.1231 190.4124 1.5286 1.5975 4.0352 -2.7263 0.8716 64.1933 -10.8511 1.2016
102 32 Car -1 -1 -10 661.6880 169.8430 696.2748 202.1201 1.5920 1.7004 3.8933 3.8208 1.0678 36.8859 -14.0443 1.5988
103 10 Car -1 -1 -10 1031.3433 188.1628 1241.0000 374.0000 1.5017 1.6268 3.9296 3.3088 1.5507 2.3614 -14.0966 2.6377
103 20 Car -1 -1 -10 729.4249 176.8205 849.8841 264.6870 1.4555 1.5437 3.6023 3.3399 1.3962 13.5482 -14.0820 6.5805
103 22 Car -1 -1 -10 803.7401 171.3405 1117.4738 358.3881 1.5562 1.6298 3.5530 3.4091 1.4817 7.6600 -14.1298 7.6253
103 26 Car -1 -1 -10 694.8993 174.2888 774.9957 236.7713 1.4969 1.5793 3.6151 3.3104 1.3497 18.7688 -14.1010 5.6101
103 27 Car -1 -1 -10 661.7710 176.7835 705.6439 211.2364 1.3905 1.5772 4.0534 3.3207 1.2420 30.5840 -14.1025 5.2770
103 28 Car -1 -1 -10 130.6492 182.5044 273.1277 242.8527 1.4926 1.5827 3.7192 -10.9950 1.5550 19.5332 -10.9054 7.4232
103 30 Car -1 -1 -10 682.1933 174.4075 737.3705 219.2416 1.4846 1.5931 3.6335 3.6443 1.2844 25.2604 -14.0894 4.1413
103 31 Car -1 -1 -10 558.7433 172.9995 581.6113 191.9224 1.5912 1.5891 3.8836 -2.9759 0.9617 61.4333 -10.9392 2.2009
103 32 Car -1 -1 -10 662.8464 169.8445 699.6314 203.2965 1.6028 1.6681 3.7886 3.7977 1.0937 35.8127 -14.0777 1.3493
104 20 Car -1 -1 -10 735.9247 179.3229 874.7142 274.8644 1.4497 1.5583 3.5153 3.3254 1.4335 12.5059 -14.1041 7.5339
104 22 Car -1 -1 -10 829.5093 175.3061 1221.4456 374.0000 1.5185 1.5890 3.5115 3.3981 1.4845 6.6162 -14.1327 7.6905
104 26 Car -1 -1 -10 698.1722 175.3150 786.9467 242.3323 1.5111 1.5900 3.5913 3.3029 1.3958 17.7483 -14.1177 6.6106
104 27 Car -1 -1 -10 664.2219 176.3104 710.1785 213.8416 1.4629 1.6067 3.9474 3.3498 1.3011 29.5583 -14.0979 4.7557
104 28 Car -1 -1 -10 80.4064 184.9967 246.0022 252.5400 1.5034 1.5833 3.7648 -11.0463 1.6316 17.9490 -10.8886 7.0125
104 30 Car -1 -1 -10 683.9247 175.7336 742.3594 222.6611 1.4911 1.5907 3.5892 3.6110 1.3412 24.2864 -14.0968 5.4174
104 31 Car -1 -1 -10 553.0347 175.2287 581.1727 194.6556 1.5550 1.7645 4.0332 -3.0913 1.1343 58.6800 -10.9019 1.0365
