0 0 Car -1 -1 -10 1034.3280 184.1888 1155.7791 231.4647 1.4575 1.6271 3.2627 16.3102 1.5919 23.7614 -14.2350 6.1652
0 1 Car -1 -1 -10 956.4327 181.7834 1067.4320 231.4407 1.5683 1.7101 3.4541 13.7545 1.6169 24.1749 -14.1762 5.6764
0 2 Car -1 -1 -10 1093.2768 183.6255 1236.1769 233.8710 1.5793 1.7005 3.8839 19.1514 1.6978 24.4631 -11.0653 5.6276
0 3 Car -1 -1 -10 600.6277 173.0487 636.8985 203.2614 1.5036 1.5439 3.2175 0.6656 1.1342 36.8545 -14.2273 2.9264
1 0 Car -1 -1 -10 1031.0619 184.8266 1156.7614 231.6158 1.4369 1.6641 3.4101 16.3006 1.5951 23.8183 -14.2391 5.9308
1 1 Car -1 -1 -10 955.9568 181.5547 1068.1477 231.5695 1.5789 1.7195 3.4545 13.7488 1.6191 24.1588 -14.1885 6.9700
1 2 Car -1 -1 -10 1093.6576 183.2669 1234.3273 233.8536 1.5947 1.6528 3.8633 19.1452 1.6998 24.4829 -11.0623 5.3537
1 3 Car -1 -1 -10 601.6727 172.8914 636.5824 203.4135 1.5205 1.5573 3.1097 0.6861 1.1429 36.8194 -14.2016 3.1167
2 0 Car -1 -1 -10 1034.2818 184.1192 1156.2185 231.2257 1.4525 1.6245 3.3165 16.3278 1.5846 23.7827 -14.2235 6.3127
2 1 Car -1 -1 -10 956.2299 181.3248 1068.3963 230.4050 1.5495 1.7043 3.5094 13.7591 1.5813 24.1661 -14.1797 6.1047
2 2 Car -1 -1 -10 1094.2415 184.5029 1236.2689 233.3002 1.5295 1.6880 3.8988 19.1795 1.6809 24.4767 -11.0514 5.5033
2 3 Car -1 -1 -10 600.8778 173.2163 637.6628 203.3487 1.5035 1.5508 3.4101 0.6931 1.1415 37.0433 -14.2292 2.5433
3 0 Car -1 -1 -10 1033.0777 184.6417 1156.4313 231.4468 1.4402 1.6585 3.3064 16.3129 1.5912 23.7849 -14.2383 6.1781
3 1 Car -1 -1 -10 956.2937 181.8294 1069.0899 231.6306 1.5703 1.7154 3.4617 13.7722 1.6206 24.1622 -14.1963 6.6422
3 2 Car -1 -1 -10 1094.5146 183.6781 1234.4176 233.2905 1.5608 1.6485 3.8339 19.1426 1.6811 24.4561 -11.0600 5.1310
3 3 Car -1 -1 -10 601.6136 173.3887 637.3517 203.2138 1.4865 1.5513 3.1795 0.7045 1.1335 36.8809 -14.2164 2.4167
4 0 Car -1 -1 -10 1033.1496 185.0086 1154.3626 230.8076 1.4094 1.6308 3.2562 16.2868 1.5735 23.7895 -14.2374 6.2475
4 1 Car -1 -1 -10 956.6026 181.6418 1068.0342 231.1756 1.5640 1.6985 3.4481 13.7627 1.6074 24.1653 -14.1877 6.3043
4 2 Car -1 -1 -10 1093.8057 183.5044 1234.5627 233.1807 1.5650 1.6649 3.8592 19.1558 1.6790 24.4880 -11.0601 5.5091
4 3 Car -1 -1 -10 600.9556 173.1948 635.4977 203.2404 1.4964 1.4947 3.1565 0.6397 1.1340 36.8415 -14.2163 2.9262
5 0 Car -1 -1 -10 1034.7305 185.1321 1156.5662 231.5056 1.4241 1.6271 3.2753 16.3270 1.5925 23.7582 -14.2349 6.3062
5 1 Car -1 -1 -10 956.1176 181.5105 1067.1524 231.1718 1.5682 1.6989 3.4901 13.7383 1.6068 24.1675 -14.1721 6.3949
5 2 Car -1 -1 -10 1091.3081 184.4356 1236.5707 234.0672 1.5555 1.7166 4.0369 19.1723 1.7051 24.5401 -11.0464 5.5545
5 3 Car -1 -1 -10 601.4012 173.3687 636.8319 203.3487 1.4955 1.5410 3.4838 0.6855 1.1412 37.0574 -14.2086 2.6196
6 0 Car -1 -1 -10 1034.2205 184.6937 1155.9996 230.7251 1.4163 1.6293 3.2833 16.3181 1.5690 23.7722 -14.2318 6.6291
6 1 Car -1 -1 -10 956.2940 182.0425 1068.2911 231.1741 1.5484 1.6994 3.4500 13.7585 1.6065 24.1599 -14.1950 6.5444
6 2 Car -1 -1 -10 1094.2403 183.5078 1235.6076 233.7222 1.5788 1.6668 3.8838 19.1491 1.6928 24.4505 -11.0543 4.2399
6 3 Car -1 -1 -10 601.7890 173.4608 637.5801 203.2473 1.4837 1.5697 3.1519 0.7144 1.1345 36.8436 -14.2112 2.2883
7 0 Car -1 -1 -10 1032.6486 184.5425 1156.4233 231.5318 1.4452 1.6382 3.3594 16.3082 1.5928 23.7933 -14.2347 6.1278
7 1 Car -1 -1 -10 956.0504 181.5788 1068.2940 231.3557 1.5715 1.7169 3.4585 13.7565 1.6126 24.1653 -14.1895 6.6993
7 2 Car -1 -1 -10 1090.4370 183.4568 1235.9346 233.6842 1.5808 1.6967 4.0376 19.1637 1.6937 24.5610 -11.0610 5.0288
7 3 Car -1 -1 -10 602.4463 173.6369 637.7628 203.4799 1.4890 1.6112 3.3609 0.7370 1.1480 36.9907 -14.1861 2.5623
8 0 Car -1 -1 -10 1035.3029 184.5538 1155.9364 231.1012 1.4328 1.6165 3.2548 16.3188 1.5802 23.7458 -14.2256 6.1179
8 1 Car -1 -1 -10 955.3128 181.7122 1068.4270 230.9926 1.5552 1.7269 3.5307 13.7607 1.6013 24.1983 -14.1816 6.1269
8 2 Car -1 -1 -10 1094.2003 183.9286 1235.7871 233.6571 1.5642 1.7001 3.8783 19.1821 1.6941 24.4896 -11.0490 5.8803
8 3 Car -1 -1 -10 601.1977 173.4453 636.9705 203.3178 1.4898 1.5376 3.4662 0.6835 1.1394 37.0449 -14.2154 2.8769
9 0 Car -1 -1 -10 1033.0156 184.9000 1154.6252 231.2090 1.4253 1.6096 3.2614 16.2939 1.5856 23.7956 -14.2547 6.5660
9 1 Car -1 -1 -10 956.5750 181.4024 1067.7626 231.0992 1.5696 1.6742 3.4264 13.7519 1.6042 24.1520 -14.1999 6.6377
9 2 Car -1 -1 -10 1093.7716 183.2398 1233.9183 233.3815 1.5824 1.6459 3.8831 19.1604 1.6866 24.5101 -11.0525 5.2555
9 3 Car -1 -1 -10 600.5865 173.0044 636.0406 203.1851 1.5036 1.5345 3.1400 0.6437 1.1316 36.8479 -14.2195 3.2702
10 0 Car -1 -1 -10 1035.4734 184.7850 1156.6106 231.5336 1.4369 1.6188 3.2285 16.3225 1.5925 23.7278 -14.2433 6.2335
10 1 Car -1 -1 -10 955.9942 181.7085 1067.5868 231.2529 1.5638 1.7064 3.5011 13.7498 1.6097 24.1798 -14.1747 6.1329
10 2 Car -1 -1 -10 1093.4694 183.8168 1234.8652 233.8309 1.5751 1.6837 3.8585 19.1699 1.7009 24.5070 -11.0641 5.5578
10 3 Car -1 -1 -10 599.3673 172.9162 637.0708 203.5504 1.5246 1.5521 3.2766 0.6363 1.1486 36.8977 -14.2484 2.9446
11 0 Car -1 -1 -10 1035.0233 184.7088 1155.2788 231.1392 1.4290 1.5984 3.2355 16.3097 1.5820 23.7522 -14.2384 6.1340
11 1 Car -1 -1 -10 956.3175 182.3578 1067.7947 231.3240 1.5420 1.6833 3.4625 13.7558 1.6117 24.1695 -14.1917 6.5004
11 2 Car -1 -1 -10 1095.0267 183.5339 1234.7416 233.7905 1.5824 1.6372 3.8638 19.1655 1.6974 24.4694 -11.0508 4.9321
11 3 Car -1 -1 -10 601.8576 173.4101 637.7890 203.4297 1.4952 1.5953 3.2043 0.7211 1.1435 36.8629 -14.2037 2.8286
12 0 Car -1 -1 -10 1035.5485 184.6441 1156.2012 231.4466 1.4394 1.6118 3.2301 16.3154 1.5899 23.7258 -14.2370 6.3632
12 1 Car -1 -1 -10 954.9381 181.8796 1068.3122 231.5628 1.5665 1.7278 3.5670 13.7538 1.6188 24.2046 -14.1765 5.9015
12 2 Car -1 -1 -10 1093.9378 184.0563 1235.7999 233.5211 1.5539 1.6915 3.8959 19.1716 1.6886 24.4833 -11.0500 6.4026
12 3 Car -1 -1 -10 601.3757 173.3489 637.0541 203.2769 1.4917 1.5356 3.5297 0.6898 1.1367 37.0542 -14.2126 2.7070
13 0 Car -1 -1 -10 1033.0106 184.6871 1156.5685 231.5612 1.4410 1.6364 3.3586 16.3156 1.5938 23.7917 -14.2312 6.0110
13 1 Car -1 -1 -10 955.2257 181.7432 1068.2798 231.6831 1.5756 1.7274 3.5047 13.7500 1.6228 24.1841 -14.1867 6.7083
13 2 Car -1 -1 -10 1093.8909 183.6442 1236.2322 233.6915 1.5730 1.6716 3.9202 19.1710 1.6923 24.4759 -11.0554 5.2284
13 3 Car -1 -1 -10 603.7975 173.1401 636.6193 203.0767 1.4929 1.5409 3.0922 0.7443 1.1273 36.8249 -14.1696 2.4049
14 0 Car -1 -1 -10 1034.0638 184.5352 1155.6874 231.3188 1.4403 1.6286 3.2675 16.3046 1.5872 23.7624 -14.2359 6.7946
14 1 Car -1 -1 -10 955.6033 181.6638 1067.4459 231.1438 1.5646 1.7254 3.4867 13.7596 1.6089 24.2118 -14.1769 6.0025
14 2 Car -1 -1 -10 1094.4696 184.1891 1235.5166 233.4468 1.5478 1.6865 3.8663 19.1793 1.6874 24.4843 -11.0505 5.4624
14 3 Car -1 -1 -10 600.1744 173.2189 636.9485 203.3760 1.5003 1.5474 3.3421 0.6541 1.1395 36.9067 -14.2313 3.3008
15 0 Car -1 -1 -10 1034.5698 184.6588 1155.7287 231.3806 1.4377 1.6324 3.2152 16.3008 1.5888 23.7385 -14.2460 6.5387
15 1 Car -1 -1 -10 957.7823 181.7634 1067.3074 231.0313 1.5557 1.6712 3.4233 13.7657 1.6035 24.1530 -14.1763 6.0414
15 2 Car -1 -1 -10 1092.7766 183.5089 1234.9962 233.6353 1.5785 1.6754 3.9285 19.1582 1.6929 24.5115 -11.0548 5.2841
15 3 Car -1 -1 -10 601.0328 172.9412 636.3082 203.1196 1.5041 1.5216 3.2054 0.6626 1.1288 36.8939 -14.2187 3.0059
16 0 Car -1 -1 -10 1035.5749 184.8458 1155.6366 231.6043 1.4377 1.6093 3.2207 16.3069 1.5954 23.7257 -14.2318 6.1036
16 1 Car -1 -1 -10 956.0072 181.1964 1069.0645 231.6454 1.5937 1.7208 3.5076 13.7708 1.6208 24.1740 -14.1864 6.6010
16 2 Car -1 -1 -10 1092.4787 183.5253 1234.8657 233.6244 1.5769 1.6671 3.9232 19.1468 1.6919 24.5055 -11.0627 5.6938
16 3 Car -1 -1 -10 601.5439 173.0282 637.1833 203.2839 1.5089 1.5637 3.6922 0.6974 1.1377 37.1487 -14.2008 2.5866
17 0 Car -1 -1 -10 1033.4408 184.5773 1156.0414 231.1586 1.4330 1.6371 3.3126 16.3047 1.5816 23.7739 -14.2314 6.0933
17 1 Car -1 -1 -10 956.8292 181.5395 1068.5878 231.6638 1.5810 1.6969 3.4413 13.7581 1.6206 24.1339 -14.1922 6.7157
17 2 Car -1 -1 -10 1093.7303 183.4121 1235.7534 233.5982 1.5799 1.6769 3.9002 19.1671 1.6905 24.4829 -11.0572 5.0848
17 3 Car -1 -1 -10 602.5818 173.3112 636.9100 203.1739 1.4906 1.5559 3.3024 0.7198 1.1332 36.9766 -14.1888 2.6139
18 0 Car -1 -1 -10 1033.8581 184.6184 1154.1709 230.9433 1.4279 1.6071 3.2257 16.2908 1.5778 23.7787 -14.2449 6.0706
18 1 Car -1 -1 -10 955.7071 181.6971 1068.5091 231.6419 1.5757 1.7271 3.5160 13.7589 1.6212 24.1797 -14.1791 7.0174
18 2 Car -1 -1 -10 1094.9062 183.8032 1234.7339 233.3586 1.5593 1.6563 3.8285 19.1627 1.6843 24.4658 -11.0576 5.0366
18 3 Car -1 -1 -10 601.4782 173.3148 637.8893 203.5060 1.5044 1.6087 3.2520 0.7137 1.1478 36.9048 -14.2070 2.6919
19 0 Car -1 -1 -10 1034.0327 184.7580 1156.2188 231.5721 1.4396 1.6339 3.2884 16.3131 1.5946 23.7649 -14.2341 6.0870
19 1 Car -1 -1 -10 955.5760 181.6209 1068.1848 231.7043 1.5820 1.7222 3.4787 13.7596 1.6247 24.1901 -14.1895 7.0342
19 2 Car -1 -1 -10 1093.0451 183.2600 1234.8012 233.7613 1.5926 1.6681 3.8902 19.1605 1.6976 24.5084 -11.0648 5.6356
19 3 Car -1 -1 -10 601.0009 173.3209 637.8118 203.4583 1.5009 1.6024 3.2510 0.6987 1.1448 36.8910 -14.2160 2.9996
20 0 Car -1 -1 -10 1034.6263 184.2449 1156.5611 231.2960 1.4484 1.6203 3.2853 16.3166 1.5848 23.7467 -14.2349 6.7523
20 1 Car -1 -1 -10 956.6048 181.6381 1068.3734 230.6361 1.5467 1.7134 3.4968 13.7707 1.5900 24.1748 -14.1737 5.8175
20 2 Car -1 -1 -10 1094.5097 184.5117 1235.5257 233.1647 1.5247 1.6592 3.8735 19.1637 1.6763 24.4633 -11.0569 5.3916
20 3 Car -1 -1 -10 598.2481 173.0602 637.3437 203.5263 1.5161 1.5660 3.4279 0.6126 1.1473 36.9787 -14.2627 2.8972
21 0 Car -1 -1 -10 1033.8257 184.7559 1155.0403 231.1588 1.4283 1.6320 3.2758 16.2964 1.5832 23.7732 -14.2248 5.7900
21 1 Car -1 -1 -10 955.9936 181.6060 1068.6972 231.3918 1.5696 1.7091 3.4883 13.7531 1.6117 24.1521 -14.1902 6.1492
21 2 Car -1 -1 -10 1091.9607 184.1053 1235.2213 233.3374 1.5461 1.6818 3.9473 19.1538 1.6830 24.5209 -11.0624 5.7791
21 3 Car -1 -1 -10 602.9871 172.9502 636.5709 202.8421 1.4912 1.5411 3.3236 0.7216 1.1160 36.9608 -14.1805 2.5587
22 0 Car -1 -1 -10 1033.3055 184.8815 1155.9651 231.2809 1.4265 1.6489 3.2773 16.3024 1.5860 23.7722 -14.2423 6.5679
22 1 Car -1 -1 -10 956.8116 182.3506 1068.3939 231.5790 1.5486 1.6924 3.4337 13.7533 1.6179 24.1308 -14.1936 4.7263
22 2 Car -1 -1 -10 1093.6517 183.2661 1234.2439 233.3677 1.5811 1.6638 3.8866 19.1652 1.6863 24.5128 -11.0505 5.3738
22 3 Car -1 -1 -10 603.1941 172.9443 634.1782 202.5072 1.4748 1.5242 3.1721 0.6664 1.0993 36.8598 -14.1454 2.0116
23 0 Car -1 -1 -10 1031.3578 184.7577 1156.9223 231.4254 1.4334 1.6603 3.4155 16.3074 1.5891 23.8176 -14.2356 6.2136
23 1 Car -1 -1 -10 954.4545 182.0342 1068.9947 231.1215 1.5445 1.7136 3.5755 13.7489 1.6025 24.1908 -14.1956 4.6502
23 2 Car -1 -1 -10 1092.8189 184.0267 1235.3033 233.5099 1.5547 1.6641 3.9436 19.1676 1.6886 24.5168 -11.0579 5.3374
23 3 Car -1 -1 -10 603.4779 173.0995 636.7123 203.2804 1.5058 1.5378 3.3675 0.7384 1.1380 36.9829 -14.1749 2.2801
24 0 Car -1 -1 -10 1032.8027 184.4277 1156.6920 231.2123 1.4391 1.6444 3.3540 16.3106 1.5825 23.7863 -14.2348 5.7900
24 1 Car -1 -1 -10 953.5709 181.8084 1068.5484 231.0645 1.5523 1.7106 3.6154 13.7472 1.6021 24.2310 -14.1966 3.8583
24 2 Car -1 -1 -10 1093.8482 183.5660 1234.9489 233.6877 1.5778 1.6685 3.8779 19.1554 1.6941 24.4804 -11.0556 5.3225
24 3 Car -1 -1 -10 603.1276 172.5770 636.7572 203.3358 1.5332 1.5709 3.4354 0.8092 1.1397 37.0124 -14.0589 1.3034
25 0 Car -1 -1 -10 1033.0232 184.5611 1154.9490 231.0263 1.4317 1.6353 3.2584 16.2937 1.5797 23.7883 -14.2473 6.2839
25 1 Car -1 -1 -10 951.5425 182.8167 1066.7013 230.7852 1.5087 1.6787 3.6901 13.7236 1.5961 24.3109 -14.2016 4.6450
25 2 Car -1 -1 -10 1094.0712 183.5434 1235.0127 233.5789 1.5736 1.6467 3.8863 19.1467 1.6890 24.4633 -11.0573 4.6766
25 3 Car -1 -1 -10 603.9966 173.8639 636.8286 204.0895 1.5123 1.6443 3.8777 0.8417 1.1817 37.3444 -14.0933 1.4852
26 0 Car -1 -1 -10 1033.6355 184.6955 1156.3697 231.3847 1.4358 1.6489 3.3009 16.3099 1.5886 23.7681 -14.2317 6.2746
26 1 Car -1 -1 -10 950.7339 182.2699 1067.9395 230.7437 1.5249 1.6451 3.9354 13.7620 1.5925 24.3894 -14.1866 4.5553
26 2 Car -1 -1 -10 1094.1322 183.9766 1235.7509 233.8966 1.5676 1.6639 3.8698 19.1610 1.6992 24.4629 -11.0658 5.4015
26 3 Car -1 -1 -10 595.6547 175.6006 639.2946 204.4731 1.4275 1.5485 3.5059 0.5889 1.1867 36.8244 -14.3371 1.1118
27 0 Car -1 -1 -10 1035.0264 184.6753 1156.2788 231.2156 1.4319 1.6199 3.2707 16.3266 1.5838 23.7569 -14.2295 6.2884
27 1 Car -1 -1 -10 956.5719 182.9677 1069.1615 230.7028 1.4986 1.5984 3.7265 13.8362 1.5915 24.2829 -14.1793 3.2584
27 2 Car -1 -1 -10 1093.2595 183.9676 1235.9739 233.9343 1.5705 1.7075 3.9164 19.1722 1.7020 24.4977 -11.0505 5.4868
27 3 Car -1 -1 -10 601.9894 173.2357 638.4383 203.7445 1.5213 1.5929 3.6834 0.7411 1.1605 37.1419 -14.2035 2.1875
28 0 Car -1 -1 -10 1033.7296 184.3921 1156.2066 231.1586 1.4406 1.6588 3.2754 16.3107 1.5824 23.7687 -14.2331 6.3461
28 1 Car -1 -1 -10 957.2710 182.6970 1067.8243 230.3688 1.4974 1.6362 3.5249 13.7675 1.5796 24.1646 -14.1798 4.4227
28 2 Car -1 -1 -10 1094.1894 183.8189 1235.7777 234.0250 1.5771 1.6751 3.8591 19.1514 1.7027 24.4485 -11.0633 4.8099
28 3 Car -1 -1 -10 600.7842 173.7049 636.3065 203.5282 1.4858 1.5341 3.0928 0.6559 1.1487 36.8260 -14.2218 2.5400
29 0 Car -1 -1 -10 1032.6675 185.0042 1156.1903 230.9953 1.4119 1.6259 3.3272 16.3032 1.5761 23.7870 -14.2503 6.4053
29 1 Car -1 -1 -10 958.0079 182.3374 1067.5128 229.5984 1.4896 1.6130 3.4046 13.7859 1.5585 24.1704 -14.2068 4.3440
29 2 Car -1 -1 -10 1093.8792 183.5713 1234.1299 233.3145 1.5664 1.6475 3.8706 19.1469 1.6829 24.4851 -11.0555 5.4021
29 3 Car -1 -1 -10 602.2244 173.1995 635.4487 203.1716 1.4937 1.5256 3.2536 0.6721 1.1313 36.8906 -14.1812 3.0882
30 0 Car -1 -1 -10 1034.4860 184.4809 1154.2804 230.7353 1.4272 1.6332 3.2138 16.2970 1.5720 23.7705 -14.2243 5.8402
30 1 Car -1 -1 -10 955.6476 182.1451 1070.7748 230.7300 1.5299 1.6456 3.5373 13.8269 1.5921 24.2300 -14.2436 3.7228
30 2 Car -1 -1 -10 1093.7212 183.3523 1235.2715 233.7123 1.5854 1.6629 3.8886 19.1521 1.6937 24.4729 -11.0599 4.9697
30 3 Car -1 -1 -10 601.2115 173.1801 636.7732 203.2438 1.4980 1.5652 3.2440 0.6785 1.1347 36.8987 -14.2078 2.3492
31 0 Car -1 -1 -10 1032.2831 184.3245 1155.7627 231.2879 1.4476 1.6430 3.3334 16.3086 1.5874 23.8158 -14.2416 5.7136
31 1 Car -1 -1 -10 956.0866 181.7016 1068.3107 230.2401 1.5306 1.6855 3.5412 13.7655 1.5763 24.1861 -14.1815 4.8761
31 2 Car -1 -1 -10 1093.9252 184.0805 1235.0583 233.0612 1.5386 1.6530 3.9103 19.1682 1.6743 24.4951 -11.0516 5.7850
31 3 Car -1 -1 -10 601.5596 173.3350 636.5233 203.1560 1.4893 1.5420 3.5006 0.6827 1.1329 37.1021 -14.2013 2.3932
32 0 Car -1 -1 -10 1029.8152 185.2350 1154.9183 232.1307 1.4410 1.6066 3.5452 16.3114 1.6150 23.9202 -14.2156 5.1349
32 1 Car -1 -1 -10 956.9657 181.3822 1062.8124 230.8897 1.5685 1.6123 3.4827 13.7035 1.6024 24.2029 -14.1422 4.7616
32 2 Car -1 -1 -10 1093.8826 183.5070 1236.7385 233.6926 1.5777 1.6924 3.9101 19.1713 1.6918 24.4654 -11.0568 5.8233
32 3 Car -1 -1 -10 602.9824 172.8650 634.9521 203.0677 1.5061 1.4910 3.1895 0.6805 1.1268 36.8728 -14.1721 2.7477
33 0 Car -1 -1 -10 1031.5685 186.1581 1156.7479 232.0902 1.4068 1.6309 3.5939 16.3792 1.6146 23.9371 -14.1867 4.3885
33 1 Car -1 -1 -10 956.8659 181.7270 1067.1443 230.7740 1.5486 1.6697 3.4290 13.7519 1.5951 24.1615 -14.1883 5.8074
33 2 Car -1 -1 -10 1094.2975 183.5430 1234.2897 233.8128 1.5848 1.6708 3.8495 19.1616 1.7002 24.4899 -11.0494 5.7188
33 3 Car -1 -1 -10 602.7731 173.7809 636.8062 203.6780 1.4903 1.5734 3.2138 0.7211 1.1568 36.8780 -14.1787 2.5355
34 0 Car -1 -1 -10 1031.6665 186.1835 1158.0952 232.9522 1.4300 1.6114 3.6758 16.4030 1.6391 23.9438 -14.1858 3.6267
34 1 Car -1 -1 -10 955.3936 182.0383 1067.9259 230.6033 1.5285 1.6877 3.5033 13.7333 1.5865 24.1586 -14.1944 6.5492
34 2 Car -1 -1 -10 1092.5011 184.0300 1235.6923 233.8188 1.5646 1.6749 3.9470 19.1759 1.6987 24.5264 -11.0636 5.3928
34 3 Car -1 -1 -10 600.8571 173.4849 637.0990 203.4328 1.4926 1.5546 3.6365 0.6765 1.1444 37.1068 -14.2138 2.9358
35 0 Car -1 -1 -10 1022.2942 186.5880 1160.2814 233.7959 1.4311 1.6285 4.0244 16.3340 1.6578 24.0576 -14.2482 3.1202
35 1 Car -1 -1 -10 954.7497 180.9982 1068.2539 230.2520 1.5564 1.7271 3.4570 13.7284 1.5762 24.1566 -14.2056 6.5573
35 2 Car -1 -1 -10 1093.2587 183.5620 1235.5767 233.8694 1.5840 1.6828 3.9396 19.1765 1.7004 24.5130 -11.0481 5.4291
35 3 Car -1 -1 -10 603.9554 173.3340 636.6455 203.1495 1.4909 1.5660 3.4310 0.7510 1.1340 37.0818 -14.1579 2.3942
36 0 Car -1 -1 -10 1034.5305 185.4173 1158.7436 232.1761 1.4285 1.5886 3.2946 16.3274 1.6071 23.7098 -14.2866 3.9367
36 1 Car -1 -1 -10 955.8479 181.9045 1068.4955 231.2757 1.5566 1.7212 3.4990 13.7600 1.6097 24.1758 -14.1834 5.9780
36 2 Car -1 -1 -10 1094.1385 183.8158 1235.5792 233.9395 1.5771 1.6909 3.8930 19.1771 1.7028 24.4903 -11.0456 5.6233
36 3 Car -1 -1 -10 601.5639 173.3501 637.4668 203.3078 1.4930 1.5431 3.4621 0.7054 1.1381 37.0179 -14.2149 2.7274
37 0 Car -1 -1 -10 1031.4162 184.8544 1156.9753 231.7064 1.4355 1.6063 3.5654 16.3090 1.5951 23.8309 -14.2042 3.1608
37 1 Car -1 -1 -10 956.0478 182.0566 1068.0849 231.3682 1.5550 1.6922 3.4765 13.7649 1.6137 24.1865 -14.1936 6.5640
37 2 Car -1 -1 -10 1099.2742 185.2193 1233.4606 232.9554 1.4926 1.5868 3.6849 19.1366 1.6692 24.3498 -11.0408 4.3951
37 3 Car -1 -1 -10 600.4296 173.4831 637.2878 203.0951 1.4759 1.5605 3.3783 0.6707 1.1276 36.9884 -14.2282 2.5476
38 0 Car -1 -1 -10 1036.1220 184.6182 1151.4057 231.1998 1.4412 1.5439 3.1765 16.2998 1.5909 23.7977 -14.2066 4.1605
38 1 Car -1 -1 -10 956.3409 181.2651 1068.4315 231.3516 1.5834 1.7077 3.4603 13.7692 1.6130 24.1743 -14.1908 6.5551
38 2 Car -1 -1 -10 1085.0043 185.1601 1233.6950 232.9975 1.4894 1.6087 4.2731 19.0662 1.6677 24.6269 -11.0721 3.3701
38 3 Car -1 -1 -10 601.0514 172.8108 635.3628 203.1837 1.5126 1.5069 3.2000 0.6385 1.1311 36.8555 -14.2072 2.9846
39 0 Car -1 -1 -10 1032.6402 184.0323 1154.7588 230.8371 1.4474 1.6398 3.3156 16.3199 1.5767 23.8461 -14.2292 5.0011
39 1 Car -1 -1 -10 956.2579 181.6203 1067.7984 230.9358 1.5592 1.7089 3.4920 13.7750 1.6019 24.2084 -14.1767 5.7687
39 2 Car -1 -1 -10 1087.2655 185.0088 1233.8895 233.3438 1.5066 1.6450 4.1275 19.0574 1.6782 24.5480 -11.0704 2.0552
39 3 Car -1 -1 -10 600.8069 173.0557 636.9268 203.3386 1.5077 1.5405 3.2208 0.6714 1.1385 36.8692 -14.2258 3.0418
40 0 Car -1 -1 -10 1033.8359 184.1068 1154.4459 230.6760 1.4345 1.5547 3.2778 16.2781 1.5660 23.7574 -14.2520 5.5526
40 1 Car -1 -1 -10 956.0342 181.6130 1069.0683 231.0560 1.5600 1.7072 3.4843 13.7735 1.6024 24.1746 -14.1982 6.4169
40 2 Car -1 -1 -10 1088.2738 186.0261 1235.8733 235.8432 1.5418 1.6201 3.9886 19.0278 1.7506 24.4285 -11.1362 2.2117
40 3 Car -1 -1 -10 603.3130 173.0831 636.6375 203.3040 1.5118 1.5671 3.3019 0.7340 1.1422 37.0406 -14.1695 2.3315
41 0 Car -1 -1 -10 1034.6944 184.0749 1154.9556 230.9690 1.4472 1.6043 3.2625 16.3084 1.5775 23.7692 -14.2258 5.8749
41 1 Car -1 -1 -10 956.5309 181.7202 1067.8570 231.3013 1.5650 1.6847 3.4626 13.7618 1.6113 24.1718 -14.1887 6.2386
41 2 Car -1 -1 -10 1098.1835 185.8364 1235.3344 234.9962 1.5291 1.6579 4.1370 19.2853 1.7320 24.5624 -10.9334 1.1602
41 3 Car -1 -1 -10 602.7452 173.3407 634.5569 203.3860 1.4975 1.4926 3.1289 0.6638 1.1421 36.8232 -14.1697 2.4504
42 0 Car -1 -1 -10 1034.3579 184.3433 1155.9135 230.8271 1.4314 1.6263 3.2532 16.3060 1.5713 23.7503 -14.2405 5.9803
42 1 Car -1 -1 -10 957.3966 181.8106 1067.2049 231.1385 1.5579 1.7019 3.4056 13.7550 1.6074 24.1487 -14.1724 6.0451
42 2 Car -1 -1 -10 1094.9943 184.8615 1241.0000 235.1682 1.5656 1.7360 3.9901 19.2629 1.7305 24.4191 -11.0824 3.0847
42 3 Car -1 -1 -10 602.1806 172.8325 636.8245 203.2793 1.5166 1.5479 3.2804 0.7054 1.1361 36.8972 -14.1962 2.6785
43 0 Car -1 -1 -10 1033.5511 184.5820 1155.8553 231.0048 1.4283 1.6308 3.3226 16.3062 1.5771 23.7788 -14.2254 5.9009
43 1 Car -1 -1 -10 955.0242 181.6398 1068.5101 231.6222 1.5758 1.7173 3.5169 13.7428 1.6192 24.1717 -14.1931 7.3379
43 2 Car -1 -1 -10 1095.7662 185.2115 1237.8130 233.4451 1.5037 1.7049 3.9589 19.1840 1.6813 24.4235 -11.0160 2.2146
43 3 Car -1 -1 -10 601.9332 173.0023 637.2870 203.2253 1.5073 1.5454 3.4747 0.7112 1.1348 37.0433 -14.2054 2.5464
44 0 Car -1 -1 -10 1032.9716 184.9300 1155.4443 230.7058 1.4069 1.6406 3.2866 16.2911 1.5682 23.7772 -14.2404 6.3863
44 1 Car -1 -1 -10 956.6412 182.0647 1068.1110 231.4648 1.5578 1.7058 3.4408 13.7636 1.6167 24.1631 -14.1869 6.9719
44 2 Car -1 -1 -10 1093.5448 183.8966 1234.0087 233.5700 1.5632 1.6524 3.9249 19.1587 1.6921 24.5155 -11.0402 4.3777
44 3 Car -1 -1 -10 600.4582 173.3211 637.9714 203.4277 1.4994 1.5884 3.2181 0.6887 1.1433 36.8865 -14.2340 2.8049
45 0 Car -1 -1 -10 1032.8386 184.3965 1155.6233 231.3140 1.4442 1.6270 3.2977 16.2900 1.5863 23.7748 -14.2483 6.3856
45 1 Car -1 -1 -10 956.0905 181.5290 1068.6088 231.5881 1.5808 1.7106 3.4723 13.7684 1.6201 24.1765 -14.1929 6.5394
45 2 Car -1 -1 -10 1093.8912 183.7632 1234.2540 234.4054 1.5951 1.6618 3.8538 19.1576 1.7188 24.4944 -11.0582 4.3686
45 3 Car -1 -1 -10 602.0853 172.8995 635.4752 202.9284 1.4983 1.5117 3.2005 0.6702 1.1205 36.9113 -14.1900 2.1296
46 0 Car -1 -1 -10 1032.9471 184.9924 1154.6621 231.0916 1.4181 1.6312 3.2486 16.2847 1.5816 23.7829 -14.2499 6.7243
46 1 Car -1 -1 -10 957.5271 181.5675 1068.0564 231.1350 1.5653 1.6969 3.4108 13.7661 1.6059 24.1395 -14.1823 6.1895
46 2 Car -1 -1 -10 1093.4582 183.4878 1234.9563 233.0732 1.5610 1.6689 3.8772 19.1510 1.6744 24.4830 -11.0625 4.9873
46 3 Car -1 -1 -10 600.0352 173.8250 636.4750 203.2574 1.4658 1.5319 3.3453 0.6392 1.1348 36.9451 -14.2316 2.8800
47 0 Car -1 -1 -10 1033.5586 184.5496 1156.0147 231.3131 1.4388 1.6454 3.2978 16.3002 1.5863 23.7642 -14.2298 6.0898
47 1 Car -1 -1 -10 956.7642 181.9549 1068.3062 231.0934 1.5492 1.6860 3.4624 13.7690 1.6041 24.1643 -14.1902 6.6775
47 2 Car -1 -1 -10 1094.1495 183.6326 1235.3314 233.8656 1.5792 1.6693 3.8484 19.1418 1.6978 24.4456 -11.0639 4.7718
47 3 Car -1 -1 -10 601.0322 173.7149 637.9302 203.6637 1.4938 1.6016 3.2151 0.7039 1.1568 36.9295 -14.2195 2.5147
48 0 Car -1 -1 -10 1031.8582 185.0937 1155.6577 230.8593 1.4041 1.6395 3.3553 16.2803 1.5716 23.7902 -14.2379 6.1135
48 1 Car -1 -1 -10 955.6569 181.9007 1067.7483 231.5035 1.5652 1.7206 3.4352 13.7434 1.6181 24.1680 -14.1933 6.9758
48 2 Car -1 -1 -10 1093.1311 183.9093 1235.2685 233.7117 1.5636 1.6588 3.9008 19.1402 1.6928 24.4718 -11.0666 4.8450
48 3 Car -1 -1 -10 600.9820 173.3757 638.4673 203.7076 1.5107 1.6060 3.3827 0.7146 1.1573 36.9637 -14.2225 2.4805
49 0 Car -1 -1 -10 1033.7288 184.7779 1155.3917 231.4149 1.4346 1.6198 3.3010 16.3018 1.5904 23.7767 -14.2286 6.1340
49 1 Car -1 -1 -10 955.9314 181.8824 1067.4373 231.1362 1.5532 1.7019 3.5236 13.7452 1.6055 24.1801 -14.1698 6.6297
49 2 Car -1 -1 -10 1092.7143 183.6258 1235.7845 233.6551 1.5735 1.6964 3.9178 19.1563 1.6922 24.4932 -11.0605 5.7046
49 3 Car -1 -1 -10 600.4735 173.2924 637.1534 203.4825 1.5051 1.5596 3.7677 0.6673 1.1472 37.1841 -14.2166 2.7052
50 0 Car -1 -1 -10 1035.0242 184.7937 1154.6650 231.5795 1.4420 1.6259 3.2089 16.3079 1.5980 23.7632 -14.2256 5.9375
50 1 Car -1 -1 -10 955.1660 181.4705 1068.6634 231.3106 1.5720 1.7031 3.5329 13.7514 1.6092 24.1788 -14.1950 6.6176
50 2 Car -1 -1 -10 1091.2622 183.3909 1236.6860 233.7997 1.5871 1.7262 4.0227 19.1799 1.6974 24.5470 -11.0504 6.1432
50 3 Car -1 -1 -10 600.8892 173.1435 637.5670 203.5240 1.5141 1.5590 3.6194 0.6893 1.1489 37.1004 -14.2192 2.6188
51 0 Car -1 -1 -10 1033.7969 184.4930 1155.1954 231.4823 1.4486 1.6414 3.2427 16.3027 1.5940 23.7758 -14.2383 6.3324
51 1 Car -1 -1 -10 955.7307 181.7305 1068.7054 231.5026 1.5713 1.7339 3.4601 13.7661 1.6180 24.1802 -14.1938 6.4462
51 2 Car -1 -1 -10 1091.2440 183.6353 1235.8470 233.5261 1.5681 1.6904 3.9660 19.1464 1.6874 24.5158 -11.0719 4.8610
51 3 Car -1 -1 -10 602.2650 173.0017 636.7252 203.5164 1.5197 1.5531 3.1292 0.7052 1.1477 36.8139 -14.1940 2.8547
52 0 Car -1 -1 -10 1032.6077 185.2855 1155.7686 231.4667 1.4177 1.6351 3.3260 16.3031 1.5921 23.7990 -14.2409 6.5414
52 1 Car -1 -1 -10 956.4684 181.5550 1067.6739 231.2030 1.5681 1.6908 3.4288 13.7526 1.6083 24.1600 -14.1931 7.1737
52 2 Car -1 -1 -10 1093.1339 182.7842 1234.5327 233.6851 1.6084 1.6573 3.9059 19.1636 1.6956 24.5174 -11.0589 5.1310
52 3 Car -1 -1 -10 600.3850 172.7512 636.7974 203.4813 1.5321 1.5820 3.3713 0.6570 1.1472 36.9880 -14.2148 3.3534
53 0 Car -1 -1 -10 1035.0783 184.2545 1156.0983 231.2203 1.4474 1.6308 3.2367 16.3174 1.5840 23.7438 -14.2334 6.5644
53 1 Car -1 -1 -10 956.0818 181.8852 1067.5655 231.4451 1.5648 1.7156 3.4908 13.7589 1.6172 24.1929 -14.1728 5.8285
53 2 Car -1 -1 -10 1093.5640 184.0396 1235.6226 233.5525 1.5552 1.6708 3.8806 19.1649 1.6893 24.4841 -11.0683 4.8662
53 3 Car -1 -1 -10 602.0277 172.8803 637.5819 203.3203 1.5162 1.5578 3.2217 0.7207 1.1381 36.8755 -14.2092 2.5993
54 0 Car -1 -1 -10 1034.6451 184.6314 1155.4184 231.4183 1.4409 1.6217 3.2147 16.3076 1.5911 23.7534 -14.2462 6.7531
54 1 Car -1 -1 -10 956.7751 181.6343 1068.4843 231.1980 1.5636 1.6984 3.4478 13.7628 1.6067 24.1473 -14.1901 6.7616
54 2 Car -1 -1 -10 1094.6558 183.1978 1235.4945 233.7104 1.5924 1.6746 3.8412 19.1693 1.6948 24.4651 -11.0600 5.5719
54 3 Car -1 -1 -10 601.4059 172.8029 634.7057 203.1915 1.5142 1.5033 3.1894 0.6316 1.1321 36.8591 -14.1917 3.0342
55 0 Car -1 -1 -10 1035.5433 184.6932 1155.5899 231.1329 1.4284 1.6074 3.2155 16.3046 1.5806 23.7236 -14.2348 6.1959
55 1 Car -1 -1 -10 954.8607 181.4801 1068.2702 231.3892 1.5727 1.6989 3.5043 13.7240 1.6102 24.1489 -14.2020 6.5839
55 2 Car -1 -1 -10 1093.6911 184.0642 1235.3522 233.3808 1.5486 1.6623 3.9241 19.1644 1.6837 24.4909 -11.0502 5.8602
55 3 Car -1 -1 -10 599.8288 173.2453 637.4048 203.3957 1.5021 1.5454 3.4778 0.6571 1.1421 37.0305 -14.2419 2.5294
56 0 Car -1 -1 -10 1034.0413 184.8731 1156.2500 231.4005 1.4298 1.6319 3.2443 16.3069 1.5888 23.7498 -14.2547 6.7165
56 1 Car -1 -1 -10 955.3721 182.0965 1068.2982 231.7249 1.5643 1.7082 3.4931 13.7577 1.6245 24.1903 -14.1963 6.3478
56 2 Car -1 -1 -10 1093.5399 183.2824 1235.5909 233.7723 1.5908 1.6609 3.9403 19.1779 1.6967 24.5075 -11.0520 5.3963
56 3 Car -1 -1 -10 600.7864 172.6256 636.4910 203.2310 1.5237 1.5516 3.2107 0.6596 1.1331 36.8568 -14.2155 3.0174
57 0 Car -1 -1 -10 1032.7385 184.8362 1156.4918 231.1194 1.4209 1.6346 3.3809 16.3045 1.5791 23.7865 -14.2262 5.9186
57 1 Car -1 -1 -10 951.5499 182.2422 1068.9697 231.7655 1.5563 1.7335 3.5919 13.7110 1.6221 24.2143 -14.2304 3.3796
57 2 Car -1 -1 -10 1094.6269 184.4898 1236.1962 233.6588 1.5426 1.6819 3.9397 19.2026 1.6937 24.5028 -11.0344 5.8299
57 3 Car -1 -1 -10 600.9800 173.5059 636.8674 203.3843 1.4936 1.5559 3.7926 0.6757 1.1454 37.2856 -14.2067 2.2615
58 0 Car -1 -1 -10 1032.7706 185.1087 1154.3693 231.4195 1.4239 1.6197 3.2489 16.2764 1.5916 23.7817 -14.2542 6.4923
58 1 Car -1 -1 -10 953.8699 182.3625 1067.4235 230.9665 1.5284 1.6816 3.5633 13.7193 1.5985 24.2000 -14.2005 4.4196
58 2 Car -1 -1 -10 1091.8554 183.8621 1235.0795 233.4258 1.5577 1.6748 3.9636 19.1495 1.6855 24.5223 -11.0591 5.3479
58 3 Car -1 -1 -10 600.5886 172.9615 636.5147 203.2114 1.5065 1.5333 3.2663 0.6552 1.1325 36.9009 -14.2242 3.0981
59 0 Car -1 -1 -10 1035.4658 184.8928 1155.5974 231.1904 1.4239 1.6222 3.2087 16.3094 1.5833 23.7321 -14.2325 6.0151
59 1 Car -1 -1 -10 956.8720 182.6092 1067.2654 230.2939 1.4983 1.5960 3.5538 13.7636 1.5774 24.1869 -14.1886 5.5754
59 2 Car -1 -1 -10 1090.9500 183.9580 1235.3845 233.1812 1.5465 1.6859 4.0248 19.1605 1.6782 24.5560 -11.0540 5.4863
59 3 Car -1 -1 -10 599.3385 173.0727 636.9254 203.4183 1.5102 1.5407 3.1920 0.6323 1.1420 36.8571 -14.2533 3.1454
60 0 Car -1 -1 -10 1034.9921 184.5504 1155.4454 231.1096 1.4336 1.6249 3.2320 16.3037 1.5808 23.7414 -14.2284 6.1451
60 1 Car -1 -1 -10 958.0113 182.6649 1071.1729 230.5003 1.5015 1.6139 3.4975 13.8418 1.5826 24.1693 -14.2313 5.1895
60 2 Car -1 -1 -10 1094.1758 183.8106 1235.3585 233.7461 1.5691 1.6573 3.8840 19.1554 1.6945 24.4647 -11.0570 4.9564
60 3 Car -1 -1 -10 601.5201 173.3562 637.9327 203.4425 1.5007 1.6037 3.2121 0.7169 1.1458 36.9227 -14.2101 2.3709
61 0 Car -1 -1 -10 1034.1359 184.3335 1155.8618 231.1352 1.4429 1.6526 3.2445 16.3124 1.5825 23.7663 -14.2356 6.3120
61 1 Car -1 -1 -10 955.8924 181.5791 1067.6577 230.5706 1.5511 1.7375 3.4761 13.7772 1.5923 24.2269 -14.1740 4.7830
61 2 Car -1 -1 -10 1094.1677 184.1066 1235.1752 233.5143 1.5510 1.6665 3.8630 19.1489 1.6874 24.4589 -11.0581 4.9034
61 3 Car -1 -1 -10 600.8764 173.3445 637.8008 203.4755 1.4992 1.5958 3.2105 0.6946 1.1446 36.8412 -14.2207 3.0896
62 0 Car -1 -1 -10 1034.1328 183.9021 1156.5248 231.1245 1.4574 1.6396 3.3185 16.3336 1.5817 23.7880 -14.2236 5.8933
62 1 Car -1 -1 -10 956.7943 182.0242 1065.6152 231.6675 1.5675 1.6598 3.5053 13.7410 1.6250 24.1961 -14.1557 4.8590
62 2 Car -1 -1 -10 1094.1730 183.7120 1236.6221 233.5308 1.5646 1.6835 3.8956 19.1670 1.6863 24.4544 -11.0586 5.4659
62 3 Car -1 -1 -10 601.9197 172.9926 636.5354 202.9635 1.4936 1.5151 3.3083 0.6917 1.1209 36.9333 -14.2063 2.8402
63 0 Car -1 -1 -10 1030.0237 185.3848 1157.1569 231.9535 1.4274 1.6488 3.5461 16.3302 1.6067 23.8899 -14.2238 4.0286
63 1 Car -1 -1 -10 956.6516 181.9727 1066.3558 230.5329 1.5295 1.6520 3.4829 13.7207 1.5850 24.1415 -14.1727 5.5815
63 2 Car -1 -1 -10 1093.1207 182.9814 1235.5963 233.9091 1.6058 1.6824 3.9050 19.1568 1.7003 24.4872 -11.0613 5.4886
63 3 Car -1 -1 -10 603.0375 173.1674 637.2698 203.0841 1.4938 1.5506 3.2948 0.7415 1.1291 36.9845 -14.1886 2.6566
64 0 Car -1 -1 -10 1033.1236 186.2312 1157.0912 232.0569 1.4017 1.5838 3.4886 16.3768 1.6114 23.8751 -14.2183 4.7780
64 1 Car -1 -1 -10 956.0368 181.9143 1066.8205 230.3829 1.5282 1.6646 3.5331 13.7416 1.5817 24.1878 -14.1733 6.2097
64 2 Car -1 -1 -10 1094.8785 183.9685 1234.8313 233.9933 1.5748 1.6746 3.8839 19.1854 1.7062 24.4992 -11.0343 5.6649
64 3 Car -1 -1 -10 601.0536 173.0687 637.0444 203.2694 1.5034 1.5416 3.2640 0.6807 1.1349 36.8835 -14.2217 3.0445
65 0 Car -1 -1 -10 1032.3241 186.1179 1157.5712 231.8239 1.3964 1.5905 3.3519 16.3391 1.6013 23.8126 -14.2931 4.5202
65 1 Car -1 -1 -10 955.9443 181.5785 1068.3336 231.3146 1.5704 1.7170 3.4599 13.7583 1.6115 24.1705 -14.1917 6.7174
65 2 Car -1 -1 -10 1093.2566 184.2139 1235.5838 233.5506 1.5485 1.6651 3.9581 19.1739 1.6894 24.5108 -11.0486 5.2821
65 3 Car -1 -1 -10 603.5667 172.8692 636.7006 203.3278 1.5213 1.5556 3.2048 0.7413 1.1416 36.9367 -14.1699 2.9280
66 0 Car -1 -1 -10 1034.2059 184.7582 1152.3463 230.9927 1.4319 1.6091 3.3054 16.3379 1.5875 23.8910 -14.1832 4.9199
66 1 Car -1 -1 -10 955.5860 181.6465 1067.8864 231.8168 1.5833 1.7209 3.4822 13.7418 1.6269 24.1682 -14.1833 6.3693
66 2 Car -1 -1 -10 1096.4680 183.6445 1233.9618 233.4211 1.5686 1.6464 3.7740 19.1626 1.6874 24.4429 -11.0434 5.1067
66 3 Car -1 -1 -10 601.6023 173.8638 637.5552 203.2853 1.4663 1.5668 3.2587 0.7090 1.1370 36.9167 -14.2129 2.5158
67 0 Car -1 -1 -10 1034.6644 183.9500 1153.6644 230.8206 1.4499 1.5792 3.2373 16.3102 1.5758 23.7999 -14.2307 4.9187
67 1 Car -1 -1 -10 955.6704 181.3184 1068.0616 230.6394 1.5580 1.7066 3.5251 13.7549 1.5896 24.1868 -14.1802 5.6887
67 2 Car -1 -1 -10 1085.7304 185.9863 1234.8816 233.0208 1.4598 1.6601 4.2078 19.0891 1.6691 24.6091 -11.0780 4.1397
67 3 Car -1 -1 -10 600.9995 173.0060 636.8406 203.0096 1.4931 1.5316 3.1683 0.6742 1.1216 36.8258 -14.2250 3.1024
68 0 Car -1 -1 -10 1035.6235 184.2821 1154.1838 230.8299 1.4345 1.5551 3.2248 16.2920 1.5720 23.7363 -14.2327 5.9134
68 1 Car -1 -1 -10 955.9867 181.7060 1068.2876 231.4653 1.5685 1.7058 3.5195 13.7503 1.6143 24.1624 -14.1785 5.6649
68 2 Car -1 -1 -10 1091.7638 185.0243 1236.7693 232.2691 1.4738 1.6370 4.1777 19.1993 1.6461 24.5708 -11.0289 2.6436
68 3 Car -1 -1 -10 600.6327 173.3557 636.8693 203.4165 1.4968 1.5393 3.2794 0.6652 1.1425 36.9027 -14.2268 2.6292
69 0 Car -1 -1 -10 1034.1290 184.3589 1154.6670 231.1246 1.4424 1.6220 3.2357 16.2963 1.5829 23.7701 -14.2348 6.2710
69 1 Car -1 -1 -10 956.5560 181.3285 1068.3628 231.3223 1.5800 1.7072 3.4357 13.7654 1.6119 24.1609 -14.1925 6.7791
69 2 Car -1 -1 -10 1094.2797 184.3081 1237.4419 233.5506 1.5419 1.6826 3.9299 19.1824 1.6860 24.4573 -11.0561 4.6203
69 3 Car -1 -1 -10 599.2915 173.4909 637.3129 203.1811 1.4789 1.5692 3.2685 0.6410 1.1312 36.9254 -14.2490 2.5406
70 0 Car -1 -1 -10 1033.4300 184.5093 1153.9956 230.8396 1.4279 1.6042 3.2030 16.2749 1.5738 23.7673 -14.2624 6.4279
70 1 Car -1 -1 -10 956.3406 182.1295 1067.0722 230.7633 1.5330 1.6822 3.4644 13.7428 1.5943 24.1676 -14.1812 6.2493
70 2 Car -1 -1 -10 1094.5040 184.3220 1231.6582 232.7273 1.5228 1.6445 3.9026 19.1299 1.6674 24.5063 -11.0052 3.4788
70 3 Car -1 -1 -10 599.0244 173.0602 636.3878 203.6164 1.5214 1.5889 3.2915 0.6096 1.1524 36.9121 -14.2311 3.2764
71 0 Car -1 -1 -10 1032.7240 184.5797 1155.8063 231.3361 1.4381 1.6141 3.3709 16.3042 1.5871 23.8009 -14.2307 5.9435
71 1 Car -1 -1 -10 955.5575 181.2898 1068.3117 231.4264 1.5841 1.7268 3.4596 13.7482 1.6146 24.1656 -14.1932 6.9821
71 2 Car -1 -1 -10 1094.2981 184.8130 1233.8161 233.5328 1.5295 1.6260 3.8931 19.1838 1.6928 24.5304 -11.0489 4.6087
71 3 Car -1 -1 -10 602.5277 173.1754 636.7488 202.8804 1.4816 1.5326 3.3399 0.7138 1.1177 36.9711 -14.1935 2.5670
72 0 Car -1 -1 -10 1034.1019 184.8288 1156.0463 231.7625 1.4434 1.6289 3.2633 16.3123 1.6009 23.7632 -14.2435 6.4480
72 1 Car -1 -1 -10 956.6601 181.5665 1067.8445 231.4053 1.5742 1.6862 3.4015 13.7570 1.6148 24.1539 -14.2018 6.2341
72 2 Car -1 -1 -10 1093.8053 184.3958 1235.8865 233.8457 1.5520 1.6989 3.8738 19.1740 1.6994 24.4852 -11.0588 5.5583
72 3 Car -1 -1 -10 601.1219 172.8808 636.2876 203.1544 1.5076 1.5518 3.3886 0.6630 1.1296 36.9469 -14.2026 2.5579
73 0 Car -1 -1 -10 1035.5668 184.2705 1155.8416 231.5292 1.4563 1.6183 3.2013 16.3110 1.5933 23.7250 -14.2398 6.4725
73 1 Car -1 -1 -10 955.8241 181.6265 1067.7557 231.2893 1.5688 1.7206 3.4933 13.7553 1.6117 24.1893 -14.1764 6.3127
73 2 Car -1 -1 -10 1094.9102 183.8937 1236.3342 233.7442 1.5651 1.6740 3.8806 19.1703 1.6935 24.4470 -11.0514 5.4949
73 3 Car -1 -1 -10 602.5842 173.3179 635.2520 202.9263 1.4764 1.5452 3.2465 0.6769 1.1197 36.8963 -14.1659 2.8651
74 0 Car -1 -1 -10 1032.9680 184.9609 1156.1081 231.2315 1.4212 1.6298 3.2977 16.3024 1.5837 23.7777 -14.2533 6.3260
74 1 Car -1 -1 -10 955.7984 181.8880 1068.3126 231.2382 1.5573 1.7103 3.4624 13.7643 1.6098 24.1856 -14.1970 6.4308
74 2 Car -1 -1 -10 1093.0443 183.1390 1235.1736 233.6201 1.5925 1.6833 3.9134 19.1675 1.6930 24.5123 -11.0553 5.1411
74 3 Car -1 -1 -10 600.9343 174.4151 632.5520 203.4387 1.4473 1.5769 3.4524 0.5945 1.1453 36.9898 -14.1235 1.6392
75 0 Car -1 -1 -10 1033.5773 184.8044 1155.8662 231.2660 1.4280 1.6222 3.2850 16.3002 1.5847 23.7646 -14.2448 6.2503
75 1 Car -1 -1 -10 956.7087 181.8620 1067.9770 231.2741 1.5597 1.6940 3.4511 13.7695 1.6112 24.1756 -14.1870 6.7345
75 2 Car -1 -1 -10 1093.0947 183.3847 1234.7794 233.5808 1.5821 1.6591 3.9413 19.1691 1.6919 24.5236 -11.0498 5.2672
75 3 Car -1 -1 -10 595.0921 174.6387 636.5782 203.3153 1.4229 1.5847 3.3871 0.5074 1.1335 36.8775 -14.3000 1.5685
76 0 Car -1 -1 -10 1034.0307 184.9085 1155.6301 231.3127 1.4271 1.6269 3.2668 16.3084 1.5875 23.7698 -14.2375 6.2944
76 1 Car -1 -1 -10 956.1232 181.8769 1068.8138 231.3969 1.5629 1.7236 3.4760 13.7794 1.6150 24.1895 -14.1896 6.6458
76 2 Car -1 -1 -10 1093.4809 183.5935 1235.0916 233.9208 1.5831 1.6610 3.8647 19.1444 1.7004 24.4696 -11.0711 5.4426
76 3 Car -1 -1 -10 599.2880 174.8658 636.4674 203.7283 1.4422 1.5963 3.4985 0.6202 1.1621 37.1355 -14.2222 2.0916
77 0 Car -1 -1 -10 1035.3231 184.5065 1155.7056 231.4530 1.4463 1.6232 3.2136 16.3157 1.5919 23.7423 -14.2357 6.4949
77 1 Car -1 -1 -10 956.8103 181.6989 1067.8547 231.5124 1.5730 1.6927 3.4516 13.7658 1.6185 24.1698 -14.1837 6.2350
77 2 Car -1 -1 -10 1093.5621 183.5635 1235.9110 234.0746 1.5895 1.6807 3.8978 19.1704 1.7058 24.4871 -11.0619 5.3313
77 3 Car -1 -1 -10 601.6807 172.7062 637.6044 202.9619 1.5075 1.5652 3.4001 0.7118 1.1206 36.9761 -14.2095 2.6152
78 0 Car -1 -1 -10 1033.2537 184.8541 1155.7844 230.9677 1.4173 1.6265 3.2971 16.3011 1.5759 23.7770 -14.2434 6.0118
78 1 Car -1 -1 -10 955.3363 181.2791 1068.0713 231.0493 1.5713 1.7126 3.4661 13.7334 1.6014 24.1536 -14.1968 6.7871
78 2 Car -1 -1 -10 1093.9817 184.0413 1235.2390 233.7016 1.5608 1.6784 3.8758 19.1650 1.6949 24.4835 -11.0544 5.5033
78 3 Car -1 -1 -10 605.4989 174.1125 637.2611 203.1791 1.4504 1.4939 3.2202 0.8069 1.1331 36.9060 -14.1642 1.9120
79 0 Car -1 -1 -10 1033.1851 184.4607 1155.3156 231.1892 1.4385 1.6156 3.2610 16.2886 1.5828 23.7674 -14.2581 6.5303
79 1 Car -1 -1 -10 955.8350 181.3410 1068.1626 231.2991 1.5785 1.6961 3.4645 13.7572 1.6109 24.1762 -14.1991 6.0533
79 2 Car -1 -1 -10 1091.6308 183.6001 1235.3645 233.4026 1.5661 1.6756 3.9800 19.1493 1.6841 24.5225 -11.0603 5.1036
79 3 Car -1 -1 -10 601.1876 174.7600 637.2676 204.7810 1.4939 1.5956 3.5780 0.7764 1.2097 37.0421 -14.0318 1.5756
80 0 Car -1 -1 -10 1032.6562 184.4967 1156.4266 231.4989 1.4466 1.6569 3.3417 16.3097 1.5925 23.7942 -14.2328 6.1284
80 1 Car -1 -1 -10 956.5938 181.4242 1068.8782 231.9289 1.5952 1.7314 3.4464 13.7695 1.6306 24.1542 -14.1853 6.4348
80 2 Car -1 -1 -10 1093.2825 183.4480 1235.3529 233.8629 1.5874 1.6733 3.9034 19.1603 1.6994 24.4928 -11.0601 5.3353
80 3 Car -1 -1 -10 600.9515 173.4117 636.1689 203.4583 1.4973 1.6049 3.7222 0.6545 1.1455 37.1252 -14.1833 1.6505
81 0 Car -1 -1 -10 1033.7468 184.5886 1156.1490 231.5570 1.4451 1.6353 3.2827 16.3074 1.5940 23.7645 -14.2405 6.6396
81 1 Car -1 -1 -10 956.3410 181.2242 1068.3807 231.3774 1.5853 1.6981 3.4623 13.7667 1.6134 24.1712 -14.1934 6.1018
81 2 Car -1 -1 -10 1091.7871 183.7282 1235.3755 233.3422 1.5606 1.6919 3.9628 19.1585 1.6834 24.5293 -11.0582 5.2359
81 3 Car -1 -1 -10 605.1473 174.0553 638.8002 203.2475 1.4623 1.5673 3.4008 0.9191 1.1409 37.1738 -14.0517 1.6372
82 0 Car -1 -1 -10 1035.3738 184.2799 1155.1265 231.3353 1.4516 1.6192 3.1948 16.3087 1.5890 23.7430 -14.2349 6.5560
82 1 Car -1 -1 -10 959.0009 181.4753 1067.3255 230.9076 1.5634 1.6836 3.4065 13.7818 1.6006 24.1431 -14.1560 6.1396
82 2 Car -1 -1 -10 1095.1208 184.2826 1236.3215 233.7262 1.5500 1.6608 3.8967 19.1777 1.6930 24.4531 -11.0479 5.5516
82 3 Car -1 -1 -10 599.7460 173.3735 636.9813 203.1597 1.4864 1.5303 3.4980 0.6453 1.1322 37.0976 -14.2417 3.1506
83 0 Car -1 -1 -10 1034.1544 184.6402 1155.0098 231.0120 1.4287 1.6264 3.2510 16.3055 1.5794 23.7762 -14.2318 6.0084
83 1 Car -1 -1 -10 956.4276 181.8756 1068.3544 231.0473 1.5492 1.6693 3.4738 13.7592 1.6012 24.1563 -14.1996 6.3655
83 2 Car -1 -1 -10 1093.2533 183.5653 1234.0910 233.2702 1.5653 1.6501 3.8958 19.1460 1.6817 24.5010 -11.0561 5.2002
83 3 Car -1 -1 -10 603.4215 173.1015 636.5981 203.0784 1.4936 1.5381 3.2272 0.7330 1.1264 36.8652 -14.1749 2.0031
84 0 Car -1 -1 -10 1032.4343 184.8080 1156.7190 231.2277 1.4250 1.6408 3.3751 16.3033 1.5822 23.7860 -14.2352 6.0572
84 1 Car -1 -1 -10 955.7364 181.4669 1067.8412 231.7212 1.5876 1.7139 3.4570 13.7469 1.6246 24.1709 -14.1903 6.2692
84 2 Car -1 -1 -10 1094.1612 183.6502 1234.6067 233.3579 1.5649 1.6525 3.8880 19.1633 1.6844 24.4913 -11.0496 5.3353
84 3 Car -1 -1 -10 603.5914 173.4903 634.6272 203.0732 1.4768 1.5205 3.1053 0.6890 1.1283 36.8517 -14.1474 2.6050
85 0 Car -1 -1 -10 1033.0648 184.8432 1154.1959 231.3376 1.4316 1.6144 3.2355 16.2810 1.5897 23.7839 -14.2542 6.2267
85 1 Car -1 -1 -10 957.0184 182.2446 1067.9152 231.1713 1.5401 1.6679 3.4740 13.7593 1.6056 24.1518 -14.1844 6.4758
85 2 Car -1 -1 -10 1093.1400 183.7059 1234.4029 233.5180 1.5679 1.6586 3.8992 19.1515 1.6896 24.5043 -11.0578 5.5627
85 3 Car -1 -1 -10 603.0361 173.2745 634.2870 202.8716 1.4764 1.4895 3.2357 0.6652 1.1174 36.8999 -14.1607 2.3287
86 0 Car -1 -1 -10 1034.2068 184.4221 1155.8746 231.3831 1.4457 1.6196 3.2675 16.3053 1.5885 23.7550 -14.2404 6.5855
86 1 Car -1 -1 -10 956.3046 181.7191 1068.2360 231.3245 1.5673 1.7263 3.4806 13.7751 1.6136 24.1942 -14.1767 5.7613
86 2 Car -1 -1 -10 1092.5051 184.2779 1236.8713 233.7207 1.5493 1.7108 3.9859 19.1675 1.6926 24.4962 -11.0482 5.2982
86 3 Car -1 -1 -10 600.7101 173.2613 637.7610 203.3639 1.4993 1.5763 3.2609 0.6900 1.1402 36.9062 -14.2287 2.8751
87 0 Car -1 -1 -10 1034.4682 184.6187 1156.4344 231.4078 1.4403 1.6416 3.2940 16.3284 1.5903 23.7724 -14.2234 6.3323
87 1 Car -1 -1 -10 955.8786 181.3465 1068.6982 230.9838 1.5666 1.7180 3.5122 13.7565 1.5992 24.1642 -14.1827 6.3492
87 2 Car -1 -1 -10 1093.7917 183.7737 1234.9350 233.5248 1.5661 1.6715 3.8915 19.1711 1.6903 24.5031 -11.0520 5.4632
87 3 Car -1 -1 -10 601.2848 173.1709 637.2070 203.1949 1.4966 1.5440 3.5127 0.6913 1.1327 37.0498 -14.2143 2.7895
88 0 Car -1 -1 -10 1033.2433 184.7064 1155.7390 231.1613 1.4293 1.6215 3.3463 16.3141 1.5828 23.8022 -14.2263 6.0316
88 1 Car -1 -1 -10 955.4036 181.5303 1068.4698 230.9023 1.5574 1.7090 3.5444 13.7539 1.5968 24.1832 -14.1835 5.8351
88 2 Car -1 -1 -10 1094.5439 183.8438 1235.3347 233.6979 1.5694 1.6944 3.8771 19.1820 1.6961 24.4915 -11.0401 5.7390
88 3 Car -1 -1 -10 600.8057 173.2323 636.8067 203.2441 1.4950 1.5291 3.3147 0.6685 1.1344 36.9340 -14.2253 2.6759
89 0 Car -1 -1 -10 1034.7859 184.5350 1155.5213 231.5676 1.4484 1.6120 3.2542 16.3106 1.5952 23.7559 -14.2323 6.1478
89 1 Car -1 -1 -10 955.6399 181.3443 1068.7130 230.9199 1.5644 1.7197 3.4825 13.7483 1.5969 24.1537 -14.1933 6.4901
89 2 Car -1 -1 -10 1093.4152 183.6226 1235.4569 233.5759 1.5718 1.6749 3.9296 19.1680 1.6904 24.5002 -11.0497 5.5926
89 3 Car -1 -1 -10 600.8424 172.8134 637.5457 203.1941 1.5135 1.5586 3.5524 0.6874 1.1320 37.0539 -14.2211 2.7415
90 0 Car -1 -1 -10 1032.8000 184.9029 1156.7274 231.7540 1.4395 1.6607 3.3296 16.3118 1.6000 23.7853 -14.2377 6.2318
90 1 Car -1 -1 -10 955.9824 181.7012 1068.0842 231.0430 1.5574 1.7080 3.4564 13.7552 1.6030 24.1705 -14.1924 6.9056
90 2 Car -1 -1 -10 1093.0286 183.5491 1236.0353 233.7483 1.5797 1.6863 3.9321 19.1742 1.6956 24.5045 -11.0587 5.7876
90 3 Car -1 -1 -10 602.4443 173.3448 637.0367 203.1489 1.4855 1.5363 3.1429 0.7187 1.1303 36.8536 -14.2018 2.8388
91 0 Car -1 -1 -10 1034.0444 184.6329 1156.0319 231.0928 1.4287 1.6201 3.2998 16.3081 1.5792 23.7626 -14.2325 6.2135
91 1 Car -1 -1 -10 955.8211 181.1589 1068.5738 231.0803 1.5763 1.7104 3.4898 13.7498 1.6020 24.1553 -14.1905 6.2647
91 2 Car -1 -1 -10 1094.4981 184.1441 1235.0382 233.3567 1.5464 1.6696 3.8685 19.1693 1.6843 24.4810 -11.0493 5.6467
91 3 Car -1 -1 -10 600.7290 173.3001 636.9362 203.5948 1.5069 1.5520 3.2102 0.6688 1.1502 36.8305 -14.2233 1.8984
92 0 Car -1 -1 -10 1035.0984 184.4178 1156.1250 231.1831 1.4400 1.6264 3.2135 16.3133 1.5824 23.7339 -14.2458 6.5052
92 1 Car -1 -1 -10 956.5953 181.4019 1068.2105 231.1426 1.5721 1.6988 3.4321 13.7678 1.6067 24.1675 -14.1948 6.5234
92 2 Car -1 -1 -10 1093.1792 183.6201 1236.1793 234.0449 1.5853 1.6905 3.9046 19.1598 1.7037 24.4774 -11.0645 4.8497
92 3 Car -1 -1 -10 600.7513 172.2393 633.3395 203.4543 1.5577 1.6265 3.5834 0.6120 1.1469 37.0815 -14.1229 1.1328
93 0 Car -1 -1 -10 1034.1778 184.8602 1156.0512 231.3866 1.4291 1.6135 3.2543 16.2998 1.5876 23.7416 -14.2524 5.9985
93 1 Car -1 -1 -10 954.3288 181.5744 1068.4585 230.9473 1.5585 1.7299 3.5711 13.7538 1.5996 24.2189 -14.1868 6.3105
93 2 Car -1 -1 -10 1093.1832 183.9968 1235.0273 233.2545 1.5481 1.6835 3.8791 19.1522 1.6806 24.4897 -11.0618 5.5829
93 3 Car -1 -1 -10 594.5363 172.5785 637.1829 203.6773 1.5477 1.6179 3.3930 0.5097 1.1549 36.9937 -14.3111 2.4016
94 0 Car -1 -1 -10 1031.8271 184.8481 1156.3300 230.8857 1.4132 1.6294 3.4136 16.3012 1.5721 23.8104 -14.2321 5.6430
94 1 Car -1 -1 -10 956.2931 181.2580 1068.1811 231.2827 1.5812 1.7276 3.4318 13.7525 1.6105 24.1524 -14.1859 6.7126
94 2 Car -1 -1 -10 1093.4330 183.5843 1235.3892 233.4439 1.5700 1.6707 3.9147 19.1772 1.6872 24.5110 -11.0566 5.5217
95 0 Car -1 -1 -10 1035.3886 184.3739 1155.4795 231.1829 1.4424 1.6119 3.2113 16.3102 1.5832 23.7376 -14.2369 6.4055
95 1 Car -1 -1 -10 956.0123 181.7446 1067.5817 231.1904 1.5613 1.7076 3.4600 13.7513 1.6085 24.1779 -14.1846 6.1840
95 2 Car -1 -1 -10 1094.1307 183.8043 1236.0187 233.7248 1.5684 1.6779 3.8987 19.1658 1.6936 24.4669 -11.0531 5.7086
95 3 Car -1 -1 -10 599.7564 173.5159 637.6510 203.3954 1.4898 1.5618 3.3888 0.6623 1.1430 37.0174 -14.2452 1.6119
96 0 Car -1 -1 -10 1032.0885 184.8004 1156.6547 231.0515 1.4192 1.6294 3.4185 16.3016 1.5763 23.7975 -14.2293 5.6834
96 1 Car -1 -1 -10 956.2050 181.2390 1068.0087 231.5336 1.5895 1.7116 3.4247 13.7473 1.6181 24.1495 -14.1936 6.2916
96 2 Car -1 -1 -10 1094.9179 183.7887 1233.9723 233.1724 1.5546 1.6556 3.8164 19.1490 1.6790 24.4636 -11.0512 5.1897
96 3 Car -1 -1 -10 603.8946 172.9417 637.6933 203.4037 1.5147 1.5934 3.7143 0.8586 1.1403 37.0622 -14.0651 1.6037
97 0 Car -1 -1 -10 1032.9231 184.7337 1156.8825 231.5105 1.4377 1.6636 3.3467 16.3139 1.5921 23.7838 -14.2288 6.1096
97 1 Car -1 -1 -10 956.7126 181.1571 1068.5634 231.5736 1.5943 1.7316 3.4341 13.7664 1.6199 24.1533 -14.1822 6.6489
97 2 Car -1 -1 -10 1092.6494 183.5301 1235.9537 233.3295 1.5673 1.6872 3.9617 19.1762 1.6826 24.5201 -11.0538 5.4042
97 3 Car -1 -1 -10 606.1065 173.6689 637.6978 203.5599 1.4892 1.5625 3.2028 0.8320 1.1503 36.8230 -14.1379 1.9263
98 0 Car -1 -1 -10 1034.8893 184.2753 1156.3684 231.0381 1.4402 1.6338 3.2611 16.3167 1.5776 23.7435 -14.2295 6.4318
98 1 Car -1 -1 -10 955.2610 181.5203 1068.5402 231.0337 1.5600 1.7060 3.5442 13.7379 1.5990 24.1577 -14.1862 5.7522
98 2 Car -1 -1 -10 1094.5190 183.9762 1234.5234 233.0992 1.5467 1.6769 3.8659 19.1801 1.6784 24.5052 -11.0418 5.4826
98 3 Car -1 -1 -10 601.2349 172.8151 634.9673 204.4930 1.5793 1.6369 3.4338 0.6322 1.1976 36.9758 -14.1547 1.1282
99 0 Car -1 -1 -10 1035.0525 184.9060 1155.6736 231.1456 1.4207 1.6082 3.2465 16.3027 1.5807 23.7337 -14.2329 5.8557
99 1 Car -1 -1 -10 955.3718 181.2532 1068.4821 231.2687 1.5802 1.7351 3.5262 13.7547 1.6094 24.1846 -14.1783 6.8933
99 2 Car -1 -1 -10 1093.1416 183.9035 1235.1461 233.5481 1.5615 1.6788 3.9246 19.1699 1.6907 24.5148 -11.0513 5.8934
99 3 Car -1 -1 -10 601.9230 173.4784 636.6571 203.0292 1.4748 1.5789 3.7493 0.6945 1.1258 37.1906 -14.1828 3.0589
100 0 Car -1 -1 -10 1034.7127 184.5587 1156.1165 231.1468 1.4338 1.6276 3.2406 16.3136 1.5814 23.7466 -14.2416 6.3516
100 1 Car -1 -1 -10 955.4909 181.1150 1067.8329 231.2526 1.5853 1.7168 3.4806 13.7435 1.6094 24.1751 -14.1867 6.4239
100 2 Car -1 -1 -10 1095.0491 183.7612 1236.0592 233.2350 1.5545 1.6796 3.8259 19.1623 1.6778 24.4344 -11.0626 5.7655
100 3 Car -1 -1 -10 602.1122 172.9486 637.5656 203.4746 1.5221 1.5793 3.4870 0.7226 1.1470 37.0372 -14.1961 3.6824
101 0 Car -1 -1 -10 1033.9597 184.8408 1155.0329 231.6415 1.4396 1.6009 3.2462 16.2949 1.5975 23.7630 -14.2509 6.4992
101 1 Car -1 -1 -10 956.5599 181.8102 1068.1005 231.0123 1.5526 1.6844 3.4508 13.7669 1.6022 24.1714 -14.1950 6.6636
101 2 Car -1 -1 -10 1093.0640 183.0201 1234.9846 234.1064 1.6117 1.6648 3.9027 19.1576 1.7077 24.5016 -11.0631 5.1115
101 3 Car -1 -1 -10 603.0147 174.1715 636.9018 203.2981 1.4513 1.5499 3.1194 0.7300 1.1374 36.8202 -14.1848 2.0222
102 0 Car -1 -1 -10 1034.4196 184.7560 1154.9414 230.8811 1.4202 1.6126 3.2353 16.3046 1.5750 23.7679 -14.2388 5.8560
102 1 Car -1 -1 -10 956.4773 181.5923 1068.1148 231.2748 1.5694 1.7168 3.4661 13.7655 1.6110 24.1742 -14.1788 6.8950
102 2 Car -1 -1 -10 1094.1660 183.5780 1234.6208 233.7500 1.5783 1.6480 3.8516 19.1382 1.6949 24.4555 -11.0621 4.8580
102 3 Car -1 -1 -10 607.0143 174.3412 638.5994 202.5488 1.4085 1.5773 3.3308 0.9054 1.1024 36.9801 -14.1187 1.4911
103 0 Car -1 -1 -10 1032.8634 184.9157 1156.9762 231.1502 1.4196 1.6545 3.3450 16.3154 1.5806 23.7843 -14.2371 5.8054
103 1 Car -1 -1 -10 956.7505 181.6672 1067.9200 231.2542 1.5650 1.7061 3.4495 13.7549 1.6093 24.1514 -14.1792 6.4222
103 2 Car -1 -1 -10 1093.4803 183.2466 1235.5460 233.9844 1.5999 1.6855 3.9098 19.1770 1.7044 24.5065 -11.0533 5.4483
104 0 Car -1 -1 -10 1032.7048 185.1365 1154.3470 230.8866 1.4066 1.6285 3.2762 16.2797 1.5754 23.7922 -14.2387 6.0677
104 1 Car -1 -1 -10 956.8037 181.4896 1068.4282 231.4329 1.5773 1.7078 3.4421 13.7673 1.6151 24.1557 -14.1870 6.2188
104 2 Car -1 -1 -10 1092.0305 184.0886 1235.2259 233.3251 1.5466 1.6955 3.9308 19.1512 1.6828 24.5149 -11.0613 5.1315
104 3 Car -1 -1 -10 601.2184 173.9986 636.2273 203.3765 1.4633 1.5420 3.3461 0.6644 1.1409 36.9336 -14.2040 2.7525
105 0 Car -1 -1 -10 1033.5160 184.6652 1155.1137 231.3462 1.4366 1.6203 3.2890 16.2926 1.5883 23.7740 -14.2327 6.2871
105 1 Car -1 -1 -10 956.1800 181.3878 1068.4635 231.4809 1.5824 1.7016 3.4551 13.7640 1.6165 24.1683 -14.1975 6.6454
105 2 Car -1 -1 -10 1094.2809 183.2525 1235.3250 234.0389 1.6006 1.6542 3.8884 19.1723 1.7052 24.4846 -11.0562 5.2384
105 3 Car -1 -1 -10 604.5551 172.8250 636.4840 202.8809 1.4988 1.5210 3.1292 0.7611 1.1175 36.8350 -14.1599 2.8324
106 0 Car -1 -1 -10 1031.1398 185.0013 1154.3211 231.1485 1.4209 1.6384 3.3322 16.2896 1.5854 23.8503 -14.2455 5.9223
106 1 Car -1 -1 -10 956.4601 182.2091 1067.6320 231.4266 1.5513 1.6874 3.4356 13.7540 1.6155 24.1644 -14.1925 6.4648
106 2 Car -1 -1 -10 1093.4263 183.3812 1234.8425 233.8805 1.5918 1.6700 3.8894 19.1626 1.7013 24.5020 -11.0580 5.1605
106 3 Car -1 -1 -10 602.0497 173.6137 633.9137 203.2872 1.4790 1.4842 3.0914 0.6291 1.1372 36.8086 -14.1748 2.6219
107 0 Car -1 -1 -10 1032.9935 184.7529 1155.3120 231.2619 1.4299 1.6067 3.3053 16.2909 1.5849 23.7799 -14.2472 6.3657
107 1 Car -1 -1 -10 956.6400 181.2002 1068.4357 231.1064 1.5780 1.6996 3.4370 13.7709 1.6052 24.1655 -14.1954 6.7435
107 2 Car -1 -1 -10 1093.7927 182.9309 1235.1314 233.8726 1.6082 1.6675 3.8866 19.1702 1.7008 24.4970 -11.0577 4.8821
107 3 Car -1 -1 -10 602.8306 172.9639 636.5073 203.2622 1.5106 1.5585 3.2927 0.7152 1.1363 36.9227 -14.1768 3.2571
108 0 Car -1 -1 -10 1034.7521 184.4586 1155.8497 231.3402 1.4429 1.6101 3.2539 16.3068 1.5869 23.7431 -14.2388 6.6190
108 1 Car -1 -1 -10 955.9194 181.5753 1067.0044 231.3459 1.5735 1.7126 3.4708 13.7462 1.6145 24.1900 -14.1740 5.6999
108 2 Car -1 -1 -10 1094.6530 183.7766 1236.4249 233.6674 1.5674 1.6827 3.8947 19.1751 1.6915 24.4584 -11.0490 5.9160
108 3 Car -1 -1 -10 600.5245 173.0224 636.4139 203.2516 1.5048 1.5131 3.2910 0.6507 1.1340 36.8999 -14.2293 2.8782
109 0 Car -1 -1 -10 1033.5347 184.5629 1154.2554 230.9826 1.4307 1.6143 3.1872 16.2814 1.5785 23.7664 -14.2675 6.7517
109 1 Car -1 -1 -10 955.7144 181.6822 1067.9447 231.6249 1.5758 1.7037 3.4598 13.7444 1.6207 24.1640 -14.1952 6.2277
109 2 Car -1 -1 -10 1093.6212 183.5496 1234.7047 233.5847 1.5750 1.6425 3.9016 19.1567 1.6908 24.4935 -11.0590 4.7159
109 3 Car -1 -1 -10 602.7488 172.8762 634.2142 202.8396 1.4940 1.5271 3.2219 0.6550 1.1153 36.8715 -14.1524 3.1097
110 0 Car -1 -1 -10 1033.5074 184.7628 1156.2648 231.3168 1.4303 1.6300 3.3305 16.3044 1.5856 23.7681 -14.2293 5.7711
110 1 Car -1 -1 -10 955.7795 181.4945 1068.0917 231.6505 1.5839 1.7244 3.4550 13.7468 1.6219 24.1625 -14.1886 6.6517
110 2 Car -1 -1 -10 1094.0540 183.9228 1235.3175 233.9301 1.5736 1.6768 3.8939 19.1839 1.7034 24.5057 -11.0502 5.5928
110 3 Car -1 -1 -10 603.4087 173.2466 637.1695 202.9759 1.4818 1.5435 3.2213 0.7475 1.1217 36.8808 -14.1829 2.0548
111 0 Car -1 -1 -10 1033.7019 184.6222 1155.5136 231.3160 1.4381 1.6287 3.2758 16.3108 1.5883 23.7848 -14.2386 6.2937
111 1 Car -1 -1 -10 955.6886 181.8689 1067.1950 231.3363 1.5608 1.6975 3.4963 13.7412 1.6126 24.1845 -14.1794 6.3596
111 2 Car -1 -1 -10 1096.3314 184.1742 1236.0661 233.3786 1.5452 1.6783 3.7981 19.1848 1.6838 24.4321 -11.0521 5.4539
111 3 Car -1 -1 -10 599.8547 173.4171 635.6119 202.7659 1.4620 1.5438 3.2125 0.6129 1.1106 36.8814 -14.2206 2.5300
112 0 Car -1 -1 -10 1033.8243 184.3225 1155.8092 231.2719 1.4466 1.6277 3.3027 16.3119 1.5860 23.7793 -14.2294 5.7322
112 1 Car -1 -1 -10 953.2865 182.1991 1068.4740 232.0118 1.5666 1.7134 3.6287 13.7329 1.6308 24.2185 -14.1945 4.9625
112 2 Car -1 -1 -10 1092.0650 183.7720 1235.3908 233.5108 1.5635 1.6724 3.9605 19.1558 1.6879 24.5185 -11.0618 6.0578
112 3 Car -1 -1 -10 601.4635 173.4996 634.6391 203.6794 1.5043 1.5527 3.1363 0.6313 1.1568 36.8334 -14.1742 2.3396
113 0 Car -1 -1 -10 1033.5524 184.3120 1155.2202 230.8846 1.4362 1.6381 3.2377 16.3001 1.5751 23.7763 -14.2482 6.2682
113 1 Car -1 -1 -10 951.0060 182.1452 1068.6306 231.5962 1.5564 1.7265 3.7165 13.7318 1.6189 24.2897 -14.2077 4.5138
113 2 Car -1 -1 -10 1094.1636 183.9711 1235.8616 233.9108 1.5686 1.6856 3.8835 19.1637 1.7000 24.4657 -11.0527 4.3336
113 3 Car -1 -1 -10 599.7164 174.6625 639.1617 203.4794 1.4357 1.5772 3.4297 0.6991 1.1463 37.0217 -14.2633 1.5676
114 0 Car -1 -1 -10 1033.3379 184.4381 1156.0836 231.4170 1.4464 1.6340 3.2963 16.3083 1.5900 23.7783 -14.2436 6.1401
114 1 Car -1 -1 -10 950.1331 182.4685 1067.5612 231.2059 1.5329 1.7065 3.7432 13.7133 1.6075 24.3170 -14.2096 4.5795
114 2 Car -1 -1 -10 1094.5456 184.1410 1235.5537 233.9514 1.5630 1.6697 3.8567 19.1519 1.7006 24.4459 -11.0571 4.2816
115 0 Car -1 -1 -10 1034.4209 184.3591 1155.2211 231.1279 1.4419 1.6251 3.2467 16.3062 1.5824 23.7653 -14.2317 6.4182
115 1 Car -1 -1 -10 952.5862 183.0707 1066.8401 230.7444 1.4993 1.6583 3.8606 13.7809 1.5966 24.3906 -14.1613 3.7897
115 2 Car -1 -1 -10 1094.5879 184.2498 1235.5729 233.4240 1.5431 1.6703 3.8411 19.1619 1.6848 24.4554 -11.0633 5.6411
115 3 Car -1 -1 -10 596.8803 173.5321 638.6018 203.4879 1.4945 1.5702 3.6589 0.6087 1.1483 37.2006 -14.2964 1.1842
116 0 Car -1 -1 -10 1034.0570 184.2868 1155.9552 231.0946 1.4416 1.6171 3.2783 16.3089 1.5796 23.7627 -14.2421 6.3049
116 1 Car -1 -1 -10 954.9466 182.7360 1066.8313 229.7079 1.4736 1.5931 3.6421 13.7345 1.5576 24.2153 -14.1921 4.1345
116 2 Car -1 -1 -10 1093.9249 183.4955 1236.2547 233.6016 1.5763 1.6835 3.8571 19.1672 1.6899 24.4636 -11.0734 5.8411
116 3 Car -1 -1 -10 600.1218 173.5235 637.9342 203.3662 1.4913 1.5822 3.5251 0.6803 1.1441 37.1587 -14.2343 1.5179
117 0 Car -1 -1 -10 1033.2431 184.7603 1155.5524 231.2465 1.4292 1.6110 3.2901 16.2963 1.5844 23.7744 -14.2506 6.2811
117 1 Car -1 -1 -10 956.8575 181.6069 1071.3955 230.2749 1.5349 1.6326 3.5150 13.8489 1.5772 24.2112 -14.2435 3.5480
117 2 Car -1 -1 -10 1094.9517 182.9265 1234.5016 233.9684 1.6122 1.6352 3.8363 19.1723 1.7045 24.4817 -11.0609 5.1341
117 3 Car -1 -1 -10 603.8760 174.0054 635.0474 202.6588 1.4287 1.5323 3.1984 0.7062 1.1063 36.8542 -14.1445 1.7157
118 0 Car -1 -1 -10 1033.5629 183.9357 1154.9000 231.2527 1.4614 1.6272 3.2639 16.2985 1.5868 23.7841 -14.2365 5.7262
118 1 Car -1 -1 -10 955.8522 182.8551 1080.0812 231.0610 1.4961 1.6351 3.8470 13.9228 1.5848 24.1522 -11.1322 2.4122
118 2 Car -1 -1 -10 1095.6266 183.8322 1235.9018 233.2113 1.5521 1.6794 3.8109 19.1714 1.6780 24.4353 -11.0565 5.5485
119 0 Car -1 -1 -10 1032.9243 185.8263 1155.3954 232.1069 1.4165 1.5955 3.3581 16.2910 1.6104 23.7850 -14.2331 5.5294
119 1 Car -1 -1 -10 955.3916 182.4091 1067.5481 231.7589 1.5501 1.6716 3.6881 13.7433 1.6220 24.2043 -14.1534 3.0625
119 2 Car -1 -1 -10 1092.8879 183.5892 1235.3796 233.6321 1.5757 1.6908 3.9201 19.1673 1.6931 24.5120 -11.0551 5.9523
119 3 Car -1 -1 -10 603.4629 172.9903 634.8486 203.0346 1.4980 1.5649 3.4163 0.6976 1.1250 36.9594 -14.1334 1.1558
120 0 Car -1 -1 -10 1028.1693 186.1306 1157.4275 232.7601 1.4243 1.6283 3.7002 16.3438 1.6319 23.9629 -14.2187 4.1111
120 1 Car -1 -1 -10 956.8755 181.2289 1068.0134 231.4841 1.5874 1.6719 3.5408 13.7695 1.6157 24.1775 -14.1707 5.4565
120 2 Car -1 -1 -10 1094.5115 184.5524 1235.6114 234.0357 1.5512 1.6706 3.8655 19.1654 1.7043 24.4632 -11.0563 5.3434
120 3 Car -1 -1 -10 599.3287 173.7407 636.6888 202.7973 1.4471 1.5166 3.3905 0.6258 1.1119 36.9784 -14.2508 2.5602
121 0 Car -1 -1 -10 1027.9211 185.5907 1158.2182 232.8108 1.4435 1.6282 3.7753 16.3511 1.6316 23.9683 -14.2088 4.2067
121 1 Car -1 -1 -10 957.6081 182.0307 1067.6645 230.4290 1.5237 1.6657 3.4829 13.7540 1.5813 24.1333 -14.1693 6.2504
121 2 Car -1 -1 -10 1095.3005 184.1138 1234.5865 233.5728 1.5530 1.5858 3.9547 19.1836 1.6900 24.4964 -11.0355 4.9293
122 0 Car -1 -1 -10 1029.9677 186.1489 1159.4251 233.1869 1.4384 1.6317 3.4372 16.3854 1.6456 23.8986 -14.3251 1.7785
122 1 Car -1 -1 -10 956.4706 181.8732 1068.6492 231.0958 1.5523 1.7125 3.4605 13.7686 1.6042 24.1634 -14.1889 6.1801
122 2 Car -1 -1 -10 1094.1570 183.2850 1234.9784 233.5580 1.5825 1.6021 3.9714 19.1705 1.6885 24.4988 -11.0460 5.2236
122 3 Car -1 -1 -10 601.9615 173.0079 633.4155 203.0200 1.4987 1.5713 3.2444 0.6590 1.1260 36.9437 -14.1125 1.4812
123 0 Car -1 -1 -10 1034.6523 184.6963 1156.7878 230.6703 1.4126 1.5747 3.3317 16.3407 1.5656 23.7776 -14.2443 3.9890
123 1 Car -1 -1 -10 955.3137 182.1810 1068.4346 231.6873 1.5595 1.7052 3.4920 13.7565 1.6228 24.1857 -14.2004 5.9578
123 2 Car -1 -1 -10 1092.1034 184.9846 1232.9702 232.5313 1.4859 1.6042 3.9208 19.0922 1.6555 24.4832 -11.0672 3.6046
124 0 Car -1 -1 -10 1036.0966 184.1518 1153.5368 231.1202 1.4540 1.5886 3.2070 16.3304 1.5870 23.7956 -14.2077 2.8964
124 1 Car -1 -1 -10 953.3329 182.2255 1069.6004 231.4982 1.5522 1.7520 3.7012 13.7865 1.6176 24.2861 -14.1793 4.0956
124 2 Car -1 -1 -10 1094.5604 186.1496 1231.0996 233.4111 1.4661 1.5508 3.6426 18.9692 1.6769 24.2848 -11.1176 1.8057
124 3 Car -1 -1 -10 601.1765 174.2845 635.6772 203.6134 1.4653 1.5562 3.5313 0.7345 1.1562 37.1509 -14.0430 1.1011
125 0 Car -1 -1 -10 1031.5906 183.9189 1153.2655 230.4844 1.4401 1.5811 3.3509 16.2903 1.5655 23.8658 -14.2406 4.9631
125 1 Car -1 -1 -10 949.8559 182.4615 1067.0693 231.3053 1.5357 1.6908 3.6763 13.6872 1.6099 24.2864 -14.2295 3.1975
125 2 Car -1 -1 -10 1083.9645 185.6635 1233.6994 234.7021 1.5202 1.5891 4.2278 19.0014 1.7171 24.5619 -11.1051 2.1598
125 3 Car -1 -1 -10 603.1322 173.8121 635.6233 203.1397 1.4661 1.5446 3.5153 0.7027 1.1332 37.1169 -14.1618 1.3438
126 0 Car -1 -1 -10 1036.1318 184.4016 1154.3363 230.4940 1.4208 1.5706 3.1953 16.3033 1.5625 23.7345 -14.2299 5.5885
126 1 Car -1 -1 -10 956.6774 183.4548 1065.9315 230.6084 1.4807 1.5967 3.7004 13.7883 1.5915 24.2874 -14.1465 3.9454
126 2 Car -1 -1 -10 1097.6795 185.1809 1235.3836 233.5324 1.5064 1.6470 4.2275 19.3082 1.6852 24.6083 -10.9256 1.5234
127 0 Car -1 -1 -10 1032.9869 184.1904 1154.0326 230.2675 1.4211 1.6156 3.2382 16.2690 1.5556 23.7730 -14.2497 6.0583
127 1 Car -1 -1 -10 953.4008 181.5258 1066.4111 230.4177 1.5530 1.6434 3.9015 13.8468 1.5929 24.4953 -14.1485 1.3821
127 2 Car -1 -1 -10 1090.6784 184.6859 1238.8300 233.8771 1.5333 1.7184 4.0494 19.1480 1.6921 24.4758 -11.0761 2.5329
127 3 Car -1 -1 -10 601.6441 173.5212 639.3544 203.1463 1.4757 1.5552 3.2783 0.7559 1.1295 36.9281 -14.2447 1.8339
128 0 Car -1 -1 -10 1028.4498 185.5476 1156.4084 231.3730 1.4019 1.5983 3.7180 16.3254 1.5881 23.9549 -14.2060 4.2425
128 1 Car -1 -1 -10 953.5184 181.2720 1072.6841 230.8379 1.5565 1.7259 3.9689 13.8135 1.5867 24.2642 -14.1606 3.2468
128 2 Car -1 -1 -10 1092.4816 184.5077 1240.1527 233.8075 1.5369 1.7507 4.0482 19.1725 1.6887 24.4410 -11.0495 3.2250
128 3 Car -1 -1 -10 599.7187 172.6913 635.2668 203.7331 1.5481 1.5953 3.5394 0.6856 1.1601 37.0950 -14.0406 1.2163
129 0 Car -1 -1 -10 1033.3487 185.7025 1157.1416 232.7267 1.4461 1.5751 3.6110 16.4513 1.6377 23.9868 -14.1856 3.0166
129 1 Car -1 -1 -10 958.9887 182.8575 1068.1064 230.4959 1.4957 1.6022 3.7243 13.8393 1.5843 24.2453 -14.1313 3.1642
129 2 Car -1 -1 -10 1093.0637 184.3186 1234.8312 234.6766 1.5798 1.6494 3.9366 19.1466 1.7245 24.4941 -11.0541 3.4083
129 3 Car -1 -1 -10 603.4845 173.3168 636.9676 203.5410 1.5115 1.6750 3.9447 0.7946 1.1537 37.3463 -14.1130 1.3267
130 0 Car -1 -1 -10 1031.9259 186.0226 1152.6898 231.5963 1.4002 1.5891 3.3727 16.2953 1.6019 23.8819 -14.2134 2.0976
130 1 Car -1 -1 -10 954.3847 183.6395 1067.0734 230.5313 1.4715 1.6031 3.9519 13.8348 1.5903 24.4282 -14.1432 3.0646
130 2 Car -1 -1 -10 1097.7291 185.4818 1235.6276 233.6174 1.4979 1.5982 3.7261 19.1157 1.6843 24.3147 -11.0749 2.3892
130 3 Car -1 -1 -10 593.2775 174.2550 639.7517 204.0161 1.4794 1.5487 3.5055 0.5415 1.1704 37.0332 -14.3918 1.4225
131 0 Car -1 -1 -10 1032.8882 184.5690 1156.7411 231.8806 1.4566 1.6502 3.3000 16.3254 1.6051 23.7981 -14.2568 4.9956
131 1 Car -1 -1 -10 951.4792 183.2260 1068.5782 230.3363 1.4768 1.6447 3.9647 13.7942 1.5802 24.4068 -14.1787 2.3874
131 3 Car -1 -1 -10 599.4781 173.4169 639.1041 203.6339 1.5069 1.5975 3.6963 0.6906 1.1551 37.1823 -14.2516 2.2124
132 0 Car -1 -1 -10 1032.7516 184.1369 1155.2018 231.4775 1.4627 1.6598 3.3275 16.3169 1.5957 23.8308 -14.2179 4.9773
132 1 Car -1 -1 -10 957.9129 182.7752 1070.8994 229.8827 1.4788 1.6103 3.5448 13.8502 1.5641 24.1993 -14.2187 3.1234
132 2 Car -1 -1 -10 1093.2943 184.1718 1239.4960 234.0540 1.5606 1.7580 4.0275 19.1940 1.6998 24.4626 -11.0344 2.5101
132 3 Car -1 -1 -10 602.4101 173.3350 635.1989 202.7823 1.4694 1.5154 3.0830 0.6720 1.1133 36.8489 -14.1801 2.5668
133 0 Car -1 -1 -10 1028.6677 185.7372 1156.0961 232.4040 1.4289 1.6286 3.6266 16.3154 1.6216 23.9346 -14.2147 4.8697
133 1 Car -1 -1 -10 957.2894 182.4572 1069.4098 230.8529 1.5219 1.6350 3.5231 13.8079 1.5954 24.1873 -14.2032 2.7318
133 2 Car -1 -1 -10 1093.9607 183.8190 1235.0016 234.0892 1.5804 1.6613 3.8663 19.1494 1.7061 24.4678 -11.0608 4.3176
133 3 Car -1 -1 -10 601.9381 173.8380 636.5812 202.9877 1.4550 1.5137 3.1863 0.6949 1.1239 36.9318 -14.2108 2.3331
134 0 Car -1 -1 -10 1030.5799 186.0396 1157.5265 232.5367 1.4202 1.6462 3.5291 16.3233 1.6230 23.8559 -14.2243 3.8429
134 1 Car -1 -1 -10 956.9866 182.1477 1066.3171 230.1995 1.5177 1.6524 3.4266 13.7616 1.5797 24.1976 -14.1853 5.0047
134 2 Car -1 -1 -10 1093.4270 183.9642 1234.9385 233.6056 1.5591 1.6540 3.8743 19.1420 1.6903 24.4718 -11.0692 5.2577
134 3 Car -1 -1 -10 600.6562 173.8496 636.8918 203.0035 1.4516 1.5285 3.2738 0.6665 1.1219 36.9006 -14.2304 2.7075
135 0 Car -1 -1 -10 1021.4031 185.8998 1158.1580 233.6902 1.4572 1.6175 4.0565 16.3268 1.6590 24.1238 -14.2335 3.2111
135 1 Car -1 -1 -10 954.8612 182.2489 1065.2981 231.4796 1.5539 1.6724 3.4685 13.7124 1.6197 24.2106 -14.1861 5.7667
135 2 Car -1 -1 -10 1093.9337 183.9314 1236.2009 233.9236 1.5704 1.6757 3.9587 19.1844 1.7006 24.4966 -11.0406 6.3225
135 3 Car -1 -1 -10 601.1110 173.1845 637.5421 203.2999 1.5027 1.5837 3.8840 0.6946 1.1391 37.2659 -14.2039 2.8803
136 0 Car -1 -1 -10 1023.4712 186.9861 1158.0065 233.6042 1.4110 1.6037 3.7997 16.2550 1.6505 23.9436 -14.2786 1.6991
136 1 Car -1 -1 -10 955.2212 181.6821 1067.8324 230.6135 1.5435 1.6965 3.4496 13.7350 1.5884 24.1641 -14.2077 5.7880
136 2 Car -1 -1 -10 1093.3626 184.0165 1234.4907 233.8758 1.5666 1.6485 3.8740 19.1416 1.6998 24.4821 -11.0672 5.3792
136 3 Car -1 -1 -10 600.6013 173.2428 637.5934 203.4868 1.5075 1.5743 3.7727 0.6817 1.1472 37.1804 -14.2165 2.4279
137 1 Car -1 -1 -10 955.6881 181.4864 1068.7410 231.6723 1.5837 1.7308 3.4613 13.7505 1.6214 24.1536 -14.1941 6.4291
137 2 Car -1 -1 -10 1094.2246 186.4725 1233.7815 233.2952 1.4579 1.6498 3.8791 19.1490 1.6830 24.4888 -11.0414 4.4440
137 3 Car -1 -1 -10 603.0164 173.5573 637.3323 203.3372 1.4864 1.5489 3.7154 0.7417 1.1413 37.1779 -14.1842 2.4877
138 0 Car -1 -1 -10 1033.5763 183.9040 1151.4130 230.8428 1.4543 1.5675 3.1874 16.2650 1.5785 23.8098 -14.2421 3.9589
138 1 Car -1 -1 -10 955.6969 181.3549 1067.9759 231.5627 1.5863 1.7167 3.4744 13.7479 1.6192 24.1718 -14.1869 6.3638
138 2 Car -1 -1 -10 1088.8772 186.1561 1233.6044 233.4862 1.4692 1.6212 4.2212 19.1042 1.6845 24.5863 -11.0256 2.2362
138 3 Car -1 -1 -10 601.0915 172.9685 633.9128 202.7889 1.4857 1.5376 3.1102 0.6028 1.1119 36.8037 -14.1739 2.7105
139 0 Car -1 -1 -10 1032.3439 183.5751 1153.7975 230.1444 1.4390 1.5560 3.3279 16.2792 1.5517 23.8153 -14.2529 5.2946
139 1 Car -1 -1 -10 955.3349 181.1496 1068.8621 231.2017 1.5824 1.7213 3.4993 13.7675 1.6078 24.1931 -14.1977 5.8882
139 2 Car -1 -1 -10 1111.6345 187.1005 1240.3809 235.3785 1.4946 1.5686 3.8520 19.5099 1.7426 24.4126 -10.9099 1.8307
139 3 Car -1 -1 -10 600.3815 172.7535 635.4615 203.1099 1.5100 1.5819 3.3765 0.6211 1.1261 36.8948 -14.1926 1.9459
140 0 Car -1 -1 -10 1035.6504 183.7159 1154.9515 230.9160 1.4586 1.6032 3.1936 16.3078 1.5757 23.7386 -14.2347 5.8722
140 1 Car -1 -1 -10 955.9772 181.7085 1067.6092 231.4790 1.5716 1.7096 3.4891 13.7534 1.6175 24.1848 -14.1774 5.5037
140 2 Car -1 -1 -10 1094.1845 187.3959 1239.9116 236.3331 1.5108 1.6815 4.0992 19.2349 1.7715 24.4896 -11.0343 1.5796
140 3 Car -1 -1 -10 599.6537 172.9266 636.4463 203.0851 1.5010 1.5563 3.2531 0.6280 1.1255 36.8782 -14.2323 1.9537
141 0 Car -1 -1 -10 1031.2061 184.2745 1154.4574 230.6370 1.4303 1.6209 3.4158 16.2977 1.5687 23.8655 -14.2214 5.4948
141 1 Car -1 -1 -10 955.6401 181.7256 1068.3514 231.7432 1.5787 1.7287 3.4569 13.7540 1.6252 24.1718 -14.1928 6.1179
141 2 Car -1 -1 -10 1098.3962 185.8721 1240.8695 233.0788 1.4620 1.6710 4.0342 19.2366 1.6641 24.3736 -11.0010 1.7758
141 3 Car -1 -1 -10 592.5555 173.3545 637.3087 203.5208 1.4980 1.5647 3.4345 0.4593 1.1446 36.9544 -14.3628 2.4866
142 0 Car -1 -1 -10 1031.7692 184.7633 1155.0607 231.1767 1.4280 1.6271 3.3395 16.2892 1.5837 23.8171 -14.2452 6.1711
142 1 Car -1 -1 -10 955.7710 182.0398 1068.1765 231.6334 1.5638 1.6981 3.4843 13.7623 1.6219 24.1886 -14.1948 6.6113
142 2 Car -1 -1 -10 1092.7553 184.8242 1234.3411 233.8583 1.5367 1.6481 3.9846 19.1633 1.7007 24.5371 -11.0397 4.6413
143 0 Car -1 -1 -10 1032.9506 184.6216 1156.9297 231.5379 1.4414 1.6434 3.3431 16.3072 1.5917 23.7709 -14.2398 6.1091
143 1 Car -1 -1 -10 955.7475 181.8405 1068.0554 231.9588 1.5810 1.7225 3.4589 13.7468 1.6317 24.1648 -14.1885 6.4077
143 2 Car -1 -1 -10 1094.0143 183.7570 1235.2711 233.8404 1.5747 1.6647 3.8719 19.1555 1.6981 24.4692 -11.0603 4.8786
143 3 Car -1 -1 -10 603.7269 174.7691 636.8552 203.6408 1.4425 1.5553 3.5156 0.7496 1.1576 37.1011 -14.1669 1.7975
144 0 Car -1 -1 -10 1032.9217 185.1854 1155.2838 231.3503 1.4175 1.6248 3.2777 16.2868 1.5880 23.7742 -14.2508 6.2369
144 1 Car -1 -1 -10 956.4253 181.7238 1068.4739 230.9668 1.5532 1.7043 3.4524 13.7604 1.5996 24.1545 -14.1923 6.8714
144 2 Car -1 -1 -10 1092.9357 184.0415 1234.7294 233.0996 1.5416 1.6678 3.9417 19.1578 1.6760 24.5144 -11.0472 5.6395
144 3 Car -1 -1 -10 599.5494 172.9903 636.8912 203.4727 1.5174 1.5831 3.5371 0.6353 1.1450 37.0228 -14.2252 2.9026
145 0 Car -1 -1 -10 1033.7443 184.6067 1156.4865 231.1733 1.4320 1.6360 3.2989 16.3126 1.5816 23.7656 -14.2390 6.0308
145 1 Car -1 -1 -10 956.4273 181.6500 1068.9508 231.6442 1.5764 1.7003 3.4631 13.7656 1.6201 24.1504 -14.1974 6.9008
145 2 Car -1 -1 -10 1094.4024 183.7010 1234.5204 233.5209 1.5683 1.6673 3.7885 19.1459 1.6894 24.4563 -11.0734 5.3504
145 3 Car -1 -1 -10 599.9365 173.9350 637.1053 203.5952 1.4784 1.5497 3.3617 0.6531 1.1526 36.9878 -14.2378 2.3673
146 0 Car -1 -1 -10 1032.3759 184.6145 1154.4839 231.4142 1.4420 1.6399 3.2714 16.2792 1.5920 23.7958 -14.2445 5.8725
146 1 Car -1 -1 -10 956.2226 181.7831 1068.4958 231.4144 1.5642 1.6926 3.4812 13.7565 1.6128 24.1555 -14.1929 6.3457
146 2 Car -1 -1 -10 1093.9384 183.3291 1235.7406 233.8092 1.5890 1.6676 3.8786 19.1591 1.6964 24.4660 -11.0642 4.9698
146 3 Car -1 -1 -10 604.5444 173.5710 637.7192 203.0056 1.4674 1.5417 3.2002 0.7919 1.1234 36.8700 -14.1727 2.8659
147 0 Car -1 -1 -10 1034.5767 184.7452 1155.8771 231.4444 1.4366 1.6159 3.2849 16.3172 1.5911 23.7651 -14.2281 6.4098
147 1 Car -1 -1 -10 955.3218 181.9959 1068.6128 231.6894 1.5653 1.7205 3.5299 13.7530 1.6218 24.1790 -14.1855 5.9705
147 2 Car -1 -1 -10 1094.0972 183.9771 1235.4796 233.7975 1.5670 1.6978 3.8731 19.1749 1.6987 24.4888 -11.0492 5.3513
147 3 Car -1 -1 -10 604.6926 173.3935 638.5519 203.8606 1.5191 1.5547 3.5123 0.8171 1.1662 37.0334 -14.1755 2.4389
148 0 Car -1 -1 -10 1033.0829 185.0134 1155.1523 231.0368 1.4147 1.6270 3.2717 16.2916 1.5790 23.7800 -14.2472 6.3162
148 1 Car -1 -1 -10 956.6976 181.8226 1068.1585 231.4759 1.5662 1.7099 3.4493 13.7581 1.6162 24.1517 -14.1818 6.3410
148 2 Car -1 -1 -10 1094.1744 183.3951 1235.8369 233.8729 1.5881 1.6563 3.9026 19.1641 1.6980 24.4672 -11.0574 5.1020
149 0 Car -1 -1 -10 1034.5170 185.1130 1155.6769 231.0835 1.4121 1.6123 3.2702 16.3110 1.5798 23.7607 -14.2337 5.8943
149 1 Car -1 -1 -10 956.7425 181.6267 1069.4682 231.3640 1.5672 1.7332 3.4749 13.7645 1.6100 24.1272 -14.1807 6.0363
149 2 Car -1 -1 -10 1093.7626 183.9670 1236.4377 233.6289 1.5598 1.6887 3.9385 19.1842 1.6913 24.4934 -11.0481 5.4011
149 3 Car -1 -1 -10 598.3540 173.5458 637.2082 203.6283 1.4973 1.5880 3.2213 0.6130 1.1526 36.8826 -14.2594 1.6954
150 0 Car -1 -1 -10 1033.1475 184.7604 1154.9106 231.4577 1.4375 1.6234 3.2735 16.2926 1.5927 23.7859 -14.2431 6.1649
150 1 Car -1 -1 -10 954.5861 181.5853 1068.4325 231.6611 1.5776 1.7173 3.5414 13.7275 1.6190 24.1631 -14.1917 6.5437
150 2 Car -1 -1 -10 1092.5299 183.9381 1235.4445 233.5572 1.5594 1.6832 3.9212 19.1593 1.6899 24.5080 -11.0643 5.7177
150 3 Car -1 -1 -10 601.6097 172.1113 661.7353 203.8193 1.5782 1.6781 3.6581 1.4414 1.1621 37.1924 -13.6250 1.3642
151 0 Car -1 -1 -10 1032.3778 184.6546 1156.0622 230.9924 1.4253 1.6577 3.3014 16.2966 1.5768 23.7862 -14.2490 6.3770
151 1 Car -1 -1 -10 954.3314 181.9535 1067.9740 231.3034 1.5555 1.7083 3.5989 13.7481 1.6106 24.2249 -14.1823 5.5497
151 2 Car -1 -1 -10 1094.1261 184.0149 1235.3530 233.6689 1.5582 1.6533 3.8843 19.1464 1.6912 24.4545 -11.0584 4.4928
152 0 Car -1 -1 -10 1033.8345 184.6523 1155.1034 231.1404 1.4316 1.6223 3.2655 16.3017 1.5828 23.7773 -14.2358 6.0491
152 1 Car -1 -1 -10 954.8329 181.6955 1068.8655 231.8378 1.5795 1.6992 3.5553 13.7488 1.6250 24.1804 -14.1986 4.9547
152 2 Car -1 -1 -10 1093.3702 184.1704 1235.5068 233.3623 1.5444 1.6809 3.9184 19.1649 1.6835 24.4953 -11.0523 5.5656
152 3 Car -1 -1 -10 597.5754 173.8654 636.8547 203.5689 1.4807 1.5290 3.6007 0.5826 1.1514 37.1280 -14.2724 1.8842
153 0 Car -1 -1 -10 1034.0382 184.6130 1155.8879 231.4470 1.4419 1.6244 3.3032 16.3197 1.5918 23.7834 -14.2284 6.2895
153 1 Car -1 -1 -10 950.2059 182.2932 1068.4992 231.2195 1.5372 1.7245 3.7995 13.7170 1.6053 24.3007 -14.1982 4.7239
153 2 Car -1 -1 -10 1095.9001 183.8535 1235.2782 234.2474 1.5862 1.6759 3.8727 19.1889 1.7131 24.4709 -11.0253 5.4896
153 3 Car -1 -1 -10 600.5198 173.1159 636.0738 202.8766 1.4841 1.5020 3.2540 0.6434 1.1173 36.9433 -14.2295 3.0494
154 0 Car -1 -1 -10 1033.4954 184.6966 1155.4062 231.1921 1.4306 1.6251 3.2678 16.2963 1.5834 23.7704 -14.2451 6.5313
154 1 Car -1 -1 -10 959.8231 182.6781 1068.2599 230.6842 1.5116 1.6217 3.5510 13.8418 1.5932 24.2054 -14.1497 4.3947
154 2 Car -1 -1 -10 1093.6947 183.2960 1234.9903 233.5668 1.5849 1.6711 3.8994 19.1679 1.6912 24.5008 -11.0514 5.1967
154 3 Car -1 -1 -10 601.7686 172.9447 636.2180 203.2056 1.5073 1.5384 3.2475 0.6791 1.1324 36.8803 -14.1973 2.9653
155 0 Car -1 -1 -10 1033.2127 184.7979 1155.9169 231.1476 1.4248 1.6202 3.2936 16.3044 1.5814 23.7786 -14.2518 6.4046
155 1 Car -1 -1 -10 949.9455 183.2347 1065.7493 231.1877 1.5045 1.6314 3.8107 13.6998 1.6078 24.3560 -14.2035 4.0904
155 2 Car -1 -1 -10 1093.3979 183.3594 1234.7649 233.5665 1.5822 1.6671 3.9098 19.1589 1.6909 24.5017 -11.0510 5.2474
155 3 Car -1 -1 -10 600.7525 173.0121 635.9995 203.1719 1.5033 1.5490 3.3182 0.6467 1.1315 36.9468 -14.2072 3.2184
156 0 Car -1 -1 -10 1033.5932 184.7154 1154.9540 231.4309 1.4381 1.6256 3.2822 16.2939 1.5916 23.7775 -14.2289 5.9749
156 1 Car -1 -1 -10 958.6091 183.6925 1067.1061 230.6247 1.4703 1.5470 3.5299 13.7959 1.5892 24.1909 -14.1863 4.0093
156 2 Car -1 -1 -10 1093.5455 183.9440 1235.9094 233.5175 1.5578 1.6906 3.9173 19.1734 1.6884 24.4938 -11.0513 5.6741
156 3 Car -1 -1 -10 601.1739 173.1411 638.0752 203.6277 1.5222 1.5744 3.5751 0.7114 1.1562 37.1444 -14.2196 2.9066
157 0 Car -1 -1 -10 1034.2275 184.7401 1154.8869 230.9251 1.4226 1.6167 3.2402 16.3068 1.5769 23.7776 -14.2383 6.0537
157 1 Car -1 -1 -10 957.2447 182.9997 1068.6708 230.6060 1.4952 1.6198 3.6082 13.8162 1.5889 24.2320 -14.1809 2.3563
157 2 Car -1 -1 -10 1093.6736 183.1902 1234.3799 233.5235 1.5879 1.6497 3.9174 19.1653 1.6903 24.5121 -11.0466 5.0004
157 3 Car -1 -1 -10 601.1350 173.2240 636.3780 203.1988 1.4931 1.5271 3.2784 0.6664 1.1321 36.9075 -14.2141 3.1255
158 0 Car -1 -1 -10 1034.9808 184.8335 1155.7040 231.4319 1.4341 1.6241 3.2983 16.3257 1.5918 23.7739 -14.2083 6.0996
158 1 Car -1 -1 -10 953.5064 182.8054 1068.3738 230.7572 1.5080 1.6274 3.7266 13.7953 1.5951 24.3285 -14.2054 2.4347
158 2 Car -1 -1 -10 1093.1325 183.7265 1235.6951 233.5817 1.5681 1.6890 3.9230 19.1678 1.6906 24.5008 -11.0542 5.9431
158 3 Car -1 -1 -10 602.0474 172.8932 636.2977 203.1839 1.5125 1.5400 3.5609 0.6898 1.1341 37.1182 -14.1895 2.4039
159 0 Car -1 -1 -10 1028.6281 185.6050 1155.7886 232.3795 1.4332 1.6412 3.5334 16.2922 1.6206 23.9001 -14.2369 5.2190
159 1 Car -1 -1 -10 959.7348 183.0237 1063.0562 230.7190 1.4940 1.6076 3.5126 13.7057 1.5880 24.1181 -14.0973 3.0196
159 2 Car -1 -1 -10 1093.6938 183.8819 1235.6150 233.9403 1.5724 1.6566 3.9060 19.1604 1.7006 24.4780 -11.0617 5.1819
159 3 Car -1 -1 -10 601.8667 173.2960 637.3843 203.2067 1.4911 1.5641 3.3871 0.7116 1.1334 36.9846 -14.2038 2.4450
160 0 Car -1 -1 -10 1026.2439 185.7732 1157.0634 231.9448 1.4125 1.5958 4.0073 16.3938 1.6091 24.1207 -14.1742 4.1414
160 1 Car -1 -1 -10 958.4040 181.1118 1071.4983 229.3036 1.5233 1.6207 3.4315 13.8670 1.5473 24.1845 -14.2486 3.2157
160 2 Car -1 -1 -10 1092.9542 183.8212 1235.9839 233.6794 1.5673 1.6659 3.9448 19.1801 1.6935 24.5150 -11.0638 5.9362
160 3 Car -1 -1 -10 600.4853 173.5326 638.0483 203.3672 1.4860 1.6106 3.2817 0.6910 1.1404 36.9174 -14.2257 2.8948
161 0 Car -1 -1 -10 1027.4345 185.6925 1157.6112 233.3218 1.4569 1.5908 3.7308 16.3465 1.6488 23.9815 -14.2400 4.1580
161 1 Car -1 -1 -10 956.4292 182.3725 1069.0329 230.5851 1.5200 1.6626 3.5075 13.8143 1.5905 24.2342 -14.2078 3.1591
161 2 Car -1 -1 -10 1094.1311 183.5386 1235.1766 233.8987 1.5859 1.6610 3.8739 19.1692 1.7012 24.4859 -11.0593 5.4739
161 3 Car -1 -1 -10 602.5057 172.9113 635.7001 202.8745 1.4938 1.5235 3.1936 0.6864 1.1169 36.8740 -14.1820 2.6153
162 0 Car -1 -1 -10 1030.8766 186.0959 1157.5110 233.4075 1.4447 1.6025 3.4858 16.3232 1.6494 23.8419 -14.2555 4.4715
162 1 Car -1 -1 -10 955.9623 182.3347 1066.0303 231.2689 1.5419 1.6785 3.5701 13.7344 1.6109 24.2046 -14.1510 5.1576
162 2 Car -1 -1 -10 1094.1855 183.8292 1236.0832 233.7455 1.5693 1.6789 3.8911 19.1809 1.6955 24.4824 -11.0569 5.6976
162 3 Car -1 -1 -10 601.3162 172.9198 637.1727 203.3326 1.5135 1.5467 3.1814 0.6909 1.1377 36.8303 -14.2194 3.0440
163 1 Car -1 -1 -10 955.9658 181.3329 1069.0043 231.5344 1.5823 1.6784 3.5225 13.7549 1.6144 24.1491 -14.1981 4.8437
163 2 Car -1 -1 -10 1096.0229 183.2858 1234.8162 233.7774 1.5927 1.6544 3.8290 19.1807 1.6983 24.4626 -11.0407 5.7025
163 3 Car -1 -1 -10 601.2119 173.0246 635.2482 203.3332 1.5096 1.5294 3.2069 0.6397 1.1387 36.8565 -14.1950 2.6315
164 0 Car -1 -1 -10 1043.6079 185.3629 1152.4465 231.5544 1.4171 1.5815 3.7384 16.6097 1.5978 24.0746 -13.9731 2.0787
164 1 Car -1 -1 -10 955.2604 182.3200 1067.6380 230.1117 1.5011 1.6334 3.5890 13.7349 1.5696 24.1798 -14.1933 3.4658
164 2 Car -1 -1 -10 1096.7842 185.7777 1233.2621 233.0102 1.4735 1.6128 3.7429 19.1189 1.6714 24.3920 -11.0499 3.6159
164 3 Car -1 -1 -10 600.4030 173.0080 637.9313 203.5661 1.5215 1.6054 3.2539 0.6857 1.1499 36.8920 -14.2275 3.1682
165 0 Car -1 -1 -10 1034.8683 186.2067 1157.5892 231.9045 1.4031 1.5990 3.5517 16.4683 1.6126 23.9588 -14.1745 2.8682
165 1 Car -1 -1 -10 955.2983 182.7177 1065.9227 230.9015 1.5163 1.6310 3.6458 13.7489 1.5997 24.2578 -14.1631 3.4121
165 2 Car -1 -1 -10 1091.6915 185.6371 1232.8472 234.8058 1.5253 1.5575 3.7633 18.9677 1.7179 24.3183 -11.1454 1.7469
165 3 Car -1 -1 -10 599.8057 172.9810 636.3416 203.5099 1.5219 1.5866 3.1561 0.6306 1.1485 36.8814 -14.2214 3.5077
166 0 Car -1 -1 -10 1034.0711 185.4243 1153.5901 231.7868 1.4247 1.5921 3.3618 16.2924 1.6040 23.8038 -14.1852 3.8094
166 1 Car -1 -1 -10 952.1274 182.6660 1067.4673 230.5180 1.5039 1.6775 3.7270 13.7357 1.5857 24.2957 -14.1929 4.1430
166 3 Car -1 -1 -10 601.2979 172.9523 636.2728 203.2992 1.5111 1.5448 3.1701 0.6679 1.1367 36.8364 -14.2059 3.5004
167 0 Car -1 -1 -10 1035.6463 185.4269 1157.0246 232.1294 1.4309 1.5851 3.2856 16.3340 1.6098 23.7347 -14.2396 5.1025
167 1 Car -1 -1 -10 946.8623 182.3120 1067.7696 230.5471 1.5160 1.6612 4.0412 13.7184 1.5855 24.4485 -14.2104 3.9014
167 2 Car -1 -1 -10 1093.7881 185.8878 1241.0000 235.9618 1.5540 1.7187 4.1891 19.2610 1.7584 24.5063 -11.0192 2.3549
167 3 Car -1 -1 -10 601.9651 173.2683 636.6729 203.3033 1.4953 1.5427 3.1155 0.6958 1.1367 36.8002 -14.2022 2.9445
168 0 Car -1 -1 -10 1036.1984 184.4860 1154.6038 229.7691 1.3968 1.6041 3.3328 16.3379 1.5420 23.7914 -14.1673 2.4526
168 1 Car -1 -1 -10 946.3100 181.6241 1074.1611 228.0289 1.4565 1.6169 3.9325 13.7869 1.5001 24.3779 -14.3435 1.2135
168 2 Car -1 -1 -10 1098.9968 185.3391 1232.9196 233.3395 1.5011 1.6354 3.8262 19.1693 1.6830 24.4230 -10.9765 1.5668
168 3 Car -1 -1 -10 600.1030 173.3662 638.1326 203.5311 1.5025 1.5976 3.3530 0.6829 1.1486 36.9599 -14.2360 3.4099
169 0 Car -1 -1 -10 1039.0479 186.3310 1155.8947 232.1718 1.4047 1.5797 3.4787 16.4525 1.6176 23.8671 -14.1116 2.3763
169 2 Car -1 -1 -10 1125.9041 185.6633 1231.3682 234.4031 1.5022 1.6658 3.8140 19.5380 1.6964 24.3036 -10.6439 1.6806
169 3 Car -1 -1 -10 599.8914 173.1343 637.4829 203.4681 1.5103 1.5531 3.3653 0.6607 1.1450 36.9537 -14.2428 2.7503
170 0 Car -1 -1 -10 1039.6320 185.6935 1155.0647 232.1595 1.4176 1.5762 3.6268 16.4313 1.6081 23.8531 -14.0585 2.7762
170 3 Car -1 -1 -10 601.8148 173.3293 637.0043 203.2362 1.4949 1.5405 3.4827 0.7026 1.1379 37.1269 -14.2056 2.5770
171 1 Car -1 -1 -10 954.2040 180.8734 1073.9304 230.1859 1.5432 1.7009 3.8634 13.7715 1.5585 24.1244 -11.0478 1.9792
171 2 Car -1 -1 -10 1088.0681 186.3904 1230.8594 235.5476 1.5195 1.4971 3.7784 18.8886 1.7405 24.3357 -11.2095 1.8331
171 3 Car -1 -1 -10 601.8596 173.1776 637.5534 203.4774 1.5109 1.5736 3.7698 0.7150 1.1472 37.1807 -14.1970 2.7040
172 0 Car -1 -1 -10 1039.8273 185.4579 1154.3607 231.5742 1.4138 1.5256 3.6169 16.4738 1.5961 23.9228 -14.0732 1.6673
172 1 Car -1 -1 -10 956.5894 182.6894 1069.3339 230.9564 1.5148 1.6985 3.5827 13.7780 1.5968 24.1679 -14.1704 4.3426
172 3 Car -1 -1 -10 602.7380 173.1670 637.4373 203.3712 1.5056 1.5997 3.1525 0.7361 1.1415 36.8500 -14.1819 2.6749
173 0 Car -1 -1 -10 1031.0571 184.8263 1157.6892 231.1279 1.4252 1.6353 3.7901 16.4318 1.5854 24.0216 -14.1523 3.2159
173 1 Car -1 -1 -10 956.2083 181.8714 1067.2442 230.3255 1.5283 1.6607 3.4941 13.7516 1.5802 24.1836 -14.1877 5.0240
173 3 Car -1 -1 -10 602.1839 173.4104 637.6517 203.4579 1.4975 1.5982 3.1973 0.7267 1.1456 36.8750 -14.1951 2.5879
174 0 Car -1 -1 -10 1029.8725 185.5750 1159.0163 232.3226 1.4284 1.5990 3.6990 16.3737 1.6154 23.9249 -14.2229 3.8575
174 1 Car -1 -1 -10 955.0917 181.5298 1066.3562 230.4333 1.5404 1.6532 3.5162 13.6903 1.5797 24.1387 -14.1873 5.5662
174 2 Car -1 -1 -10 1093.7511 183.6104 1236.4970 234.1522 1.5874 1.6765 3.9805 19.1664 1.7055 24.4740 -11.0376 4.0932
174 3 Car -1 -1 -10 602.3886 173.0439 636.9617 203.1845 1.5035 1.5391 3.3715 0.7155 1.1330 36.9933 -14.1967 2.4346
175 0 Car -1 -1 -10 1035.7938 186.6641 1156.5823 232.2934 1.3937 1.5742 3.2636 16.3490 1.6173 23.7603 -14.2469 3.5415
175 1 Car -1 -1 -10 957.0234 181.8542 1067.4670 231.7241 1.5741 1.7016 3.4831 13.7615 1.6253 24.1709 -14.1633 6.2339
175 2 Car -1 -1 -10 1094.2950 183.9808 1234.0885 234.1952 1.5800 1.6374 3.8804 19.1635 1.7119 24.4984 -11.0499 5.7938
175 3 Car -1 -1 -10 600.4563 173.1930 637.6809 203.4527 1.5096 1.5695 3.9014 0.6803 1.1465 37.2767 -14.2190 2.5164
176 0 Car -1 -1 -10 1033.6813 185.9041 1153.2254 231.9524 1.4150 1.5877 3.3420 16.3072 1.6119 23.8409 -14.1989 3.4743
176 1 Car -1 -1 -10 952.7527 182.1246 1068.8457 231.6848 1.5604 1.7403 3.6863 13.7509 1.6220 24.2619 -14.1849 3.3515
176 2 Car -1 -1 -10 1096.5519 184.4830 1235.1202 234.2707 1.5632 1.6619 3.8895 19.1929 1.7136 24.4662 -11.0129 5.9909
176 3 Car -1 -1 -10 600.4725 173.1492 637.5560 203.2897 1.5037 1.5585 3.5398 0.6789 1.1384 37.1031 -14.2285 2.7583
177 0 Car -1 -1 -10 1036.7718 184.2197 1153.0669 230.8722 1.4441 1.5755 3.1895 16.3265 1.5794 23.7831 -14.1994 3.3983
177 1 Car -1 -1 -10 952.6520 182.5770 1069.2663 230.7326 1.5109 1.6903 3.7246 13.7518 1.5893 24.2558 -14.2010 3.8866
177 2 Car -1 -1 -10 1099.7590 184.6660 1232.5806 232.0241 1.4880 1.5924 3.6869 19.1710 1.6443 24.4015 -11.0216 4.0819
177 3 Car -1 -1 -10 600.3318 173.4726 638.2042 203.6718 1.5042 1.6155 3.3072 0.6908 1.1556 36.9331 -14.2287 2.9090
178 0 Car -1 -1 -10 1033.0614 183.3047 1153.5320 230.4113 1.4591 1.5803 3.2270 16.2824 1.5618 23.7994 -14.2662 4.8464
178 1 Car -1 -1 -10 950.6338 181.1650 1067.3405 230.0117 1.5459 1.6981 3.8522 13.7517 1.5722 24.3859 -14.1808 4.7263
178 2 Car -1 -1 -10 1082.3686 185.1449 1230.5179 232.8840 1.4860 1.6048 4.0924 18.9263 1.6629 24.5560 -11.1334 3.1389
178 3 Car -1 -1 -10 601.5068 173.3418 635.1314 203.4490 1.5004 1.5401 3.1426 0.6450 1.1451 36.8378 -14.1856 3.0878
179 0 Car -1 -1 -10 1032.3697 183.6179 1155.5156 229.9838 1.4322 1.6249 3.3120 16.3027 1.5464 23.8079 -14.2539 4.8474
179 1 Car -1 -1 -10 955.9429 182.0786 1071.3441 228.8699 1.4735 1.6503 3.4988 13.8378 1.5332 24.2192 -14.2566 4.0534
179 2 Car -1 -1 -10 1082.1819 185.5715 1229.9715 233.2084 1.4710 1.5715 3.7852 18.7518 1.6615 24.3025 -11.2959 1.2643
179 3 Car -1 -1 -10 600.3525 173.9737 636.5535 203.4014 1.4647 1.5446 3.2345 0.6495 1.1413 36.8662 -14.2259 2.5501
180 0 Car -1 -1 -10 1034.1302 184.7477 1155.5117 231.2876 1.4322 1.6146 3.2904 16.3129 1.5869 23.7788 -14.2302 4.2528
180 1 Car -1 -1 -10 952.3127 183.1136 1066.8874 231.6923 1.5294 1.7122 3.6298 13.7459 1.6277 24.3163 -14.1952 3.9181
180 2 Car -1 -1 -10 1094.9877 184.7519 1239.0065 233.5553 1.5241 1.6521 4.0750 19.2453 1.6854 24.5007 -11.0312 2.3778
180 3 Car -1 -1 -10 603.8447 172.9934 636.8463 203.2572 1.5144 1.5618 3.4404 0.7538 1.1402 37.1165 -14.1643 2.2317
181 0 Car -1 -1 -10 1023.8549 184.5350 1157.4327 232.0622 1.4592 1.6284 4.0385 16.3494 1.6101 24.1119 -14.1903 3.8036
181 1 Car -1 -1 -10 956.5086 183.0104 1066.7191 230.7896 1.5010 1.6316 3.5638 13.7576 1.5949 24.2057 -14.1716 2.8363
181 2 Car -1 -1 -10 1097.6814 185.2423 1236.5438 233.5522 1.5103 1.6861 3.8918 19.2086 1.6888 24.4323 -11.0012 3.5349
181 3 Car -1 -1 -10 599.9244 173.8243 636.9525 203.2755 1.4657 1.5226 3.1842 0.6487 1.1349 36.8500 -14.2493 2.7558
182 0 Car -1 -1 -10 1029.7175 184.8878 1156.9059 231.6053 1.4336 1.5832 3.4225 16.3099 1.5945 23.8554 -14.3097 3.6443
182 1 Car -1 -1 -10 952.1045 182.4393 1064.9143 229.8355 1.4939 1.6357 3.6907 13.7088 1.5673 24.3187 -14.1876 3.9896
182 3 Car -1 -1 -10 599.0900 173.8099 637.2015 203.3350 1.4702 1.5621 3.2556 0.6327 1.1385 36.9099 -14.2534 2.3561
183 0 Car -1 -1 -10 1035.4032 184.2821 1151.4642 231.1684 1.4550 1.5634 3.0965 16.3140 1.5927 23.8258 -14.2513 3.8754
183 1 Car -1 -1 -10 958.1642 182.6009 1069.6399 230.9866 1.5210 1.6639 3.4766 13.8104 1.5996 24.1559 -14.1912 5.9712
183 3 Car -1 -1 -10 602.2444 173.7334 637.2108 203.3165 1.4761 1.5435 3.4207 0.7181 1.1399 37.0305 -14.2009 2.6217
184 0 Car -1 -1 -10 1034.7776 184.2258 1152.8509 229.4759 1.3942 1.5305 3.2243 16.2577 1.5297 23.7382 -14.2394 4.7436
184 1 Car -1 -1 -10 955.9300 182.3538 1065.0238 230.1992 1.5107 1.6730 3.5126 13.7340 1.5804 24.2283 -14.1559 5.6281
184 2 Car -1 -1 -10 1100.9829 185.3347 1231.1826 232.2498 1.4624 1.6164 3.9139 19.2031 1.6450 24.4637 -10.9168 1.3697
184 3 Car -1 -1 -10 600.8196 172.9717 635.6097 203.2892 1.5091 1.5343 3.1790 0.6381 1.1358 36.8284 -14.2066 3.0989
185 0 Car -1 -1 -10 1034.0207 183.9591 1156.6701 230.8107 1.4438 1.6309 3.3290 16.3207 1.5701 23.7694 -14.2265 5.4046
185 1 Car -1 -1 -10 957.3070 181.3495 1067.4439 230.8663 1.5662 1.6697 3.4660 13.7753 1.5989 24.1837 -14.1770 5.3764
185 2 Car -1 -1 -10 1094.1068 184.7302 1237.6334 232.8761 1.5018 1.6931 4.0399 19.1644 1.6618 24.4463 -11.0185 2.2500
185 3 Car -1 -1 -10 602.2690 172.9953 636.8796 203.3772 1.5211 1.5834 3.6360 0.7122 1.1468 37.2459 -14.1822 2.3212
186 0 Car -1 -1 -10 1030.9666 184.8921 1154.2259 231.1558 1.4228 1.5985 3.4014 16.2793 1.5835 23.8477 -14.2372 5.2598
186 1 Car -1 -1 -10 957.4789 181.7896 1064.9935 231.4440 1.5702 1.6445 3.4421 13.7377 1.6190 24.1813 -14.1580 5.0031
186 2 Car -1 -1 -10 1094.7537 183.7107 1234.4165 233.3233 1.5614 1.6538 3.8206 19.1500 1.6829 24.4591 -11.0591 4.9634
186 3 Car -1 -1 -10 600.6710 172.8066 635.7546 203.2785 1.5175 1.5472 3.2347 0.6379 1.1358 36.8731 -14.2065 3.1167
187 0 Car -1 -1 -10 1030.3004 185.8368 1157.2333 231.9815 1.4119 1.6190 3.6423 16.3585 1.6082 23.9308 -14.2024 4.3977
187 1 Car -1 -1 -10 956.6270 181.4294 1065.5215 230.3370 1.5460 1.6244 3.4339 13.7248 1.5816 24.1674 -14.1878 6.5250
187 2 Car -1 -1 -10 1095.1077 183.5418 1235.2579 233.4861 1.5738 1.6651 3.8807 19.1908 1.6892 24.4911 -11.0408 5.9452
187 3 Car -1 -1 -10 601.6758 173.1041 636.6296 203.3726 1.5103 1.5372 3.3730 0.6882 1.1427 37.0089 -14.2044 2.3505
188 0 Car -1 -1 -10 1032.8606 185.7281 1156.0650 231.8482 1.4133 1.6080 3.3310 16.3172 1.6038 23.8050 -14.2535 5.6500
188 1 Car -1 -1 -10 957.3133 181.8749 1066.6311 230.4961 1.5353 1.6721 3.4261 13.7513 1.5872 24.1620 -14.1739 6.2467
188 2 Car -1 -1 -10 1094.2397 184.2668 1235.9581 233.6743 1.5514 1.6920 3.8963 19.1837 1.6940 24.4886 -11.0474 5.5300
188 3 Car -1 -1 -10 599.8814 173.0740 637.3278 203.3603 1.5071 1.5459 3.2257 0.6567 1.1390 36.8669 -14.2471 2.9895
189 0 Car -1 -1 -10 1032.3896 185.2327 1156.7476 231.7730 1.4282 1.6125 3.3854 16.3310 1.6011 23.8254 -14.2502 5.2983
189 1 Car -1 -1 -10 956.1311 181.9733 1068.3856 231.4499 1.5600 1.7243 3.4853 13.7611 1.6156 24.1713 -14.1795 6.1126
189 2 Car -1 -1 -10 1094.6180 184.0278 1234.7947 233.3404 1.5516 1.6720 3.9045 19.1847 1.6853 24.5067 -11.0324 5.7893
189 3 Car -1 -1 -10 601.5528 173.1320 637.5011 203.4081 1.5090 1.5539 3.5594 0.7057 1.1432 37.0670 -14.2103 2.4923
190 0 Car -1 -1 -10 1033.8620 184.8381 1155.7345 231.3360 1.4290 1.5914 3.3875 16.3200 1.5873 23.7991 -14.2125 4.5717
190 1 Car -1 -1 -10 955.1701 181.5433 1067.6586 231.7818 1.5860 1.7044 3.4447 13.7317 1.6258 24.1649 -14.2041 6.0582
190 2 Car -1 -1 -10 1096.2393 183.6611 1235.2862 233.9920 1.5853 1.6725 3.8396 19.1878 1.7049 24.4586 -11.0320 5.0171
190 3 Car -1 -1 -10 602.6400 173.4203 636.8349 203.0742 1.4808 1.5440 3.2959 0.7199 1.1287 36.9892 -14.1907 2.3590
191 0 Car -1 -1 -10 1034.1216 184.0774 1153.7507 230.9565 1.4493 1.5927 3.2300 16.3022 1.5798 23.7989 -14.2394 5.3378
191 1 Car -1 -1 -10 955.5541 181.7782 1068.2366 231.4969 1.5678 1.7137 3.5324 13.7533 1.6163 24.1835 -14.1793 6.1871
191 2 Car -1 -1 -10 1095.1934 186.0283 1234.9319 233.6437 1.4785 1.6326 3.7614 19.0805 1.6856 24.3445 -11.0819 3.1913
191 3 Car -1 -1 -10 602.0453 173.5351 637.1633 203.3447 1.4870 1.5206 3.3587 0.7117 1.1410 36.9964 -14.2118 2.4419
192 0 Car -1 -1 -10 1033.9929 184.0267 1154.9372 230.4148 1.4304 1.5915 3.2618 16.2938 1.5590 23.7643 -14.2463 5.3760
192 1 Car -1 -1 -10 956.5407 181.5301 1067.9616 230.9182 1.5594 1.6911 3.4498 13.7575 1.5987 24.1601 -14.1900 6.6227
192 2 Car -1 -1 -10 1089.5960 184.6835 1234.8308 232.3581 1.4851 1.5652 4.1780 19.0967 1.6444 24.5284 -11.0588 2.3047
192 3 Car -1 -1 -10 603.0609 173.0859 634.9412 203.1271 1.4977 1.5200 3.2333 0.6818 1.1295 36.8789 -14.1607 2.7072
193 0 Car -1 -1 -10 1033.9401 184.3219 1153.9875 230.9238 1.4373 1.6139 3.1906 16.2731 1.5763 23.7524 -14.2501 6.1210
193 1 Car -1 -1 -10 956.5646 181.9794 1068.2820 230.9823 1.5446 1.6892 3.4628 13.7643 1.6004 24.1630 -14.1915 6.7499
193 2 Car -1 -1 -10 1093.1198 185.5599 1235.4057 233.8215 1.5077 1.6313 4.1199 19.2229 1.7001 24.5936 -11.0153 2.6041
193 3 Car -1 -1 -10 602.7249 173.2122 635.1484 203.2637 1.4978 1.5077 3.1950 0.6781 1.1360 36.8594 -14.1741 2.7497
194 0 Car -1 -1 -10 1033.4663 184.1211 1154.6971 231.2837 1.4557 1.6228 3.2259 16.2905 1.5877 23.7752 -14.2542 6.3854
194 1 Car -1 -1 -10 957.3756 181.7680 1067.2841 231.0073 1.5566 1.7109 3.4309 13.7694 1.6046 24.1747 -14.1651 7.1693
194 2 Car -1 -1 -10 1093.3967 185.2425 1238.5478 234.8312 1.5436 1.6822 4.0391 19.1765 1.7230 24.4567 -11.0459 3.4739
194 3 Car -1 -1 -10 601.0385 173.0352 636.7957 203.3840 1.5113 1.5501 3.2371 0.6742 1.1410 36.8790 -14.2160 3.1912
195 0 Car -1 -1 -10 1033.7336 184.8005 1156.0910 231.4401 1.4330 1.6149 3.3060 16.3049 1.5896 23.7642 -14.2399 6.1000
195 1 Car -1 -1 -10 956.0653 181.9272 1067.9254 231.3428 1.5599 1.7214 3.4523 13.7600 1.6138 24.1812 -14.1850 6.3384
195 2 Car -1 -1 -10 1093.1656 184.4495 1237.7544 234.9924 1.5810 1.6954 4.0480 19.1821 1.7308 24.4871 -11.0336 3.8790
195 3 Car -1 -1 -10 602.2110 173.0796 636.5238 203.5284 1.5188 1.5509 3.0139 0.7001 1.1501 36.8125 -14.1954 2.4292
196 0 Car -1 -1 -10 1033.7135 184.8351 1155.3679 231.0385 1.4210 1.6353 3.2613 16.2945 1.5787 23.7636 -14.2367 6.5534
196 1 Car -1 -1 -10 956.0976 181.4728 1068.0433 231.5164 1.5809 1.7089 3.4391 13.7540 1.6181 24.1645 -14.1940 6.2106
196 2 Car -1 -1 -10 1093.3515 184.0970 1232.9760 233.9457 1.5677 1.6149 3.9430 19.1447 1.7042 24.5246 -11.0390 4.8646
196 3 Car -1 -1 -10 600.1689 173.1884 638.0645 203.1991 1.4950 1.6020 3.3676 0.6829 1.1322 36.9692 -14.2320 2.9514
197 0 Car -1 -1 -10 1032.3157 184.4968 1155.7254 231.0404 1.4330 1.6442 3.3150 16.2981 1.5789 23.7989 -14.2463 6.2961
197 1 Car -1 -1 -10 956.1578 182.0073 1067.6349 231.3592 1.5564 1.6919 3.4319 13.7484 1.6132 24.1634 -14.1965 6.4134
197 2 Car -1 -1 -10 1094.7575 184.1368 1234.1449 233.5785 1.5536 1.6528 3.8236 19.1433 1.6910 24.4568 -11.0542 4.6317
197 3 Car -1 -1 -10 602.2109 173.1261 637.7317 203.5344 1.5152 1.6066 3.2065 0.7292 1.1492 36.8717 -14.1929 2.6089
198 0 Car -1 -1 -10 1034.2826 184.9412 1156.2290 231.4209 1.4277 1.6213 3.2726 16.3099 1.5892 23.7518 -14.2417 6.3492
198 1 Car -1 -1 -10 955.1269 180.9465 1068.3642 231.3548 1.5929 1.7247 3.4743 13.7344 1.6108 24.1544 -14.1969 6.9924
198 2 Car -1 -1 -10 1095.2526 184.2617 1234.3689 233.4921 1.5483 1.6617 3.8660 19.1818 1.6906 24.4942 -11.0333 6.0041
198 3 Car -1 -1 -10 602.3105 173.3173 636.9168 203.2582 1.4937 1.5350 3.4191 0.7123 1.1368 37.0214 -14.1978 2.6012
199 0 Car -1 -1 -10 1035.2938 184.3850 1155.6075 231.3636 1.4475 1.6169 3.2097 16.3101 1.5887 23.7366 -14.2392 6.6079
199 1 Car -1 -1 -10 956.8719 181.6435 1067.1629 231.4572 1.5751 1.6985 3.4711 13.7671 1.6186 24.1925 -14.1673 6.0206
199 2 Car -1 -1 -10 1094.6614 184.1625 1235.9833 233.2457 1.5390 1.6632 3.8577 19.1569 1.6774 24.4402 -11.0632 5.5958
199 3 Car -1 -1 -10 600.0923 173.1479 637.2375 203.2108 1.4963 1.5401 3.2224 0.6602 1.1318 36.8706 -14.2439 3.0811
200 0 Car -1 -1 -10 1033.3979 185.0845 1154.9963 231.2953 1.4205 1.6396 3.2552 16.2864 1.5872 23.7680 -14.2374 6.3752
200 1 Car -1 -1 -10 955.7416 182.0899 1068.3370 231.7759 1.5659 1.7125 3.4778 13.7568 1.6258 24.1754 -14.1923 6.5173
200 2 Car -1 -1 -10 1094.3445 183.5803 1235.3286 233.4795 1.5708 1.6765 3.8765 19.1678 1.6876 24.4773 -11.0497 5.7408
200 3 Car -1 -1 -10 600.8343 173.1391 636.2922 203.5112 1.5136 1.5338 3.3089 0.6564 1.1482 36.9403 -14.2154 2.9406
201 0 Car -1 -1 -10 1035.4751 184.6480 1156.1125 231.4254 1.4391 1.6212 3.2466 16.3172 1.5898 23.7346 -14.2253 6.4387
201 1 Car -1 -1 -10 955.6461 181.4827 1068.2860 231.2384 1.5698 1.7268 3.5200 13.7449 1.6074 24.1643 -14.1751 5.8484
201 2 Car -1 -1 -10 1095.2808 184.0422 1235.5190 233.5244 1.5561 1.6862 3.8978 19.1923 1.6902 24.4863 -11.0266 5.7534
201 3 Car -1 -1 -10 601.0678 173.1698 636.5941 203.3597 1.5067 1.5523 3.6793 0.6702 1.1423 37.1693 -14.2037 2.4647
202 0 Car -1 -1 -10 1032.1688 184.6733 1155.6016 231.4196 1.4385 1.6455 3.3217 16.2948 1.5908 23.8015 -14.2436 6.1914
202 1 Car -1 -1 -10 956.2575 181.8189 1068.8189 231.8200 1.5772 1.7312 3.4597 13.7661 1.6271 24.1613 -14.1868 6.2894
202 2 Car -1 -1 -10 1093.4651 183.7971 1235.6009 233.7830 1.5712 1.6590 3.9097 19.1661 1.6963 24.4908 -11.0640 4.9207
202 3 Car -1 -1 -10 600.2076 173.1989 637.5070 203.3663 1.5062 1.6012 3.3039 0.6716 1.1431 37.0128 -14.2257 2.8696
203 0 Car -1 -1 -10 1034.3552 184.8780 1154.6093 230.8865 1.4156 1.6025 3.2178 16.2920 1.5747 23.7570 -14.2466 6.2944
203 1 Car -1 -1 -10 956.1219 181.7776 1067.9555 231.5917 1.5708 1.7066 3.4913 13.7479 1.6192 24.1611 -14.1789 7.4314
203 2 Car -1 -1 -10 1093.1030 183.3181 1236.0211 234.0150 1.5957 1.7000 3.8753 19.1491 1.7027 24.4663 -11.0699 5.2694
203 3 Car -1 -1 -10 600.3344 173.0587 635.8925 203.3433 1.5092 1.5244 3.2901 0.6330 1.1398 36.9332 -14.2212 3.1004
204 0 Car -1 -1 -10 1033.3289 185.0318 1155.8071 231.1523 1.4167 1.6191 3.3470 16.3106 1.5819 23.7935 -14.2259 5.8256
204 1 Car -1 -1 -10 954.4103 181.6396 1068.5426 231.6731 1.5757 1.7199 3.5445 13.7258 1.6191 24.1626 -14.1940 6.2921
204 2 Car -1 -1 -10 1091.9633 183.8850 1235.4654 233.6686 1.5648 1.6999 3.9510 19.1542 1.6934 24.5173 -11.0566 5.5491
204 3 Car -1 -1 -10 600.9317 173.2388 637.1326 203.3857 1.5039 1.5483 3.3823 0.6809 1.1431 37.0169 -14.2213 2.8100
205 0 Car -1 -1 -10 1034.5016 184.3400 1156.4726 231.5716 1.4546 1.6230 3.3154 16.3278 1.5946 23.7712 -14.2237 6.2765
205 1 Car -1 -1 -10 956.3218 181.4480 1068.5244 231.4145 1.5775 1.7252 3.4872 13.7604 1.6138 24.1607 -14.1768 6.2197
205 2 Car -1 -1 -10 1094.1816 184.2352 1235.9202 233.3007 1.5404 1.6851 3.9243 19.1850 1.6819 24.4949 -11.0411 5.6140
205 3 Car -1 -1 -10 601.3527 173.1698 637.3531 203.4280 1.5101 1.5448 3.4732 0.6979 1.1457 37.0742 -14.2167 2.7570
206 0 Car -1 -1 -10 1033.7648 184.7530 1155.1667 231.1603 1.4280 1.6185 3.2627 16.2972 1.5828 23.7704 -14.2410 6.2181
206 1 Car -1 -1 -10 956.4384 181.9009 1067.4955 231.0297 1.5500 1.6812 3.4364 13.7518 1.6029 24.1650 -14.1934 6.8198
206 2 Car -1 -1 -10 1094.1076 183.9004 1233.9564 234.4436 1.5912 1.6492 3.9242 19.1654 1.7202 24.5126 -11.0321 4.6887
206 3 Car -1 -1 -10 601.8328 173.3588 634.2697 203.1956 1.4867 1.4978 3.1307 0.6320 1.1323 36.8212 -14.1795 2.7905
207 0 Car -1 -1 -10 1034.2121 184.6075 1155.8620 231.2586 1.4359 1.6326 3.2672 16.3098 1.5854 23.7623 -14.2340 6.0413
207 1 Car -1 -1 -10 954.5472 181.6716 1068.9254 232.0310 1.5868 1.7299 3.5444 13.7423 1.6314 24.1763 -14.1939 5.5418
207 2 Car -1 -1 -10 1092.3864 184.4227 1236.0798 233.5649 1.5383 1.6886 4.0572 19.1561 1.6872 24.5079 -11.0254 4.6088
207 3 Car -1 -1 -10 601.3396 173.4593 636.4794 203.4068 1.4931 1.5352 3.5973 0.6742 1.1435 37.0922 -14.2036 2.6013
